0 0 0.260695
1 0 0.00303155
2 0 -0.000523746
54 0 0.173604
55 0 -0.00714871
56 0 0.00323971
1608 0 -0.114829
1609 0 -0.058559
1610 0 -0.0692093
1611 0 -0.0937773
1612 0 0.0538785
1613 0 0.0657584
1623 0 -0.0997032
1624 0 0.0303225
1625 0 0.0843633
1626 0 -0.109022
1627 0 -0.023441
1628 0 -0.0826784
0 1 0.00303155
1 1 0.395137
2 1 -0.0742017
54 1 -0.00586737
55 1 -0.225607
56 1 0.22093
1608 1 -0.183725
1609 1 -0.104056
1610 1 -0.143745
1611 1 0.173356
1612 1 -0.117531
1613 1 -0.162139
1623 1 -0.088343
1624 1 0.039051
1625 1 0.0786593
1626 1 0.102644
1627 1 0.0335
1628 1 0.0790004
0 2 -0.000523746
1 2 -0.0742017
2 2 0.302593
54 2 0.00435063
55 2 0.220681
56 2 0.0519022
1608 2 0.00194279
1609 2 -0.0117878
1610 2 -0.00861764
1611 2 0.00206356
1612 2 -0.0156406
1613 2 -0.0120616
1623 2 0.147621
1624 2 -0.0675766
1625 2 -0.164003
1626 2 -0.155829
1627 2 -0.0540646
1628 2 -0.150587
3 3 0.262327
4 3 -0.00539272
5 3 0.00229101
57 3 0.173449
58 3 0.0155693
59 3 -0.00939544
1611 3 -0.104545
1612 3 -0.0568111
1613 3 -0.0613965
1614 3 -0.104147
1615 3 0.0552119
1616 3 0.0754948
1626 3 -0.092759
1627 3 0.0235234
1628 3 0.0802978
1629 3 -0.116549
1630 3 -0.0298585
1631 3 -0.0877868
3 4 -0.00539272
4 4 0.39658
5 4 -0.0713537
57 4 0.0161241
58 4 -0.232777
59 4 0.214767
1611 4 -0.18605
1612 4 -0.112474
1613 4 -0.145556
1614 4 0.171312
1615 4 -0.104899
1616 4 -0.161777
1626 4 -0.0946741
1627 4 0.0370082
1628 4 0.0868044
1629 4 0.0989781
1630 4 0.0363256
1631 4 0.0761431
3 5 0.00229101
4 5 -0.0713537
5 5 0.299518
57 5 -0.00792895
58 5 0.215738
59 5 0.0601106
1611 5 0.00133547
1612 5 -0.0125972
1613 5 -0.0102596
1614 5 0.00789198
1615 5 -0.0178792
1616 5 -0.0169407
1626 5 0.147566
1627 5 -0.0599272
1628 5 -0.16698
1629 5 -0.151467
1630 5 -0.0572927
1631 5 -0.145817
6 6 0.262523
7 6 -0.00960013
8 6 0.00606518
60 6 0.171376
61 6 0.0323504
62 6 -0.0171175
1614 6 -0.0979968
1615 6 -0.0565068
1616 6 -0.0567884
1617 6 -0.109391
1618 6 0.0522011
1619 6 0.0824198
1629 6 -0.0869161
1630 6 0.016655
1631 6 0.0765279
1632 6 -0.122216
1633 6 -0.0358303
1634 6 -0.0903595
6 7 -0.00960013
7 7 0.397868
8 7 -0.0704264
60 7 0.034983
61 7 -0.235769
62 7 0.210761
1614 7 -0.188261
1615 7 -0.118765
1616 7 -0.145418
1617 7 0.16836
1618 7 -0.0937843
1619 7 -0.164353
1629 7 -0.0992438
1630 7 0.0328249
1631 7 0.0932584
1632 7 0.0964552
1633 7 0.0388663
1634 7 0.0733763
6 8 0.00606518
7 8 -0.0704264
8 8 0.298033
60 8 -0.0165596
61 8 0.211773
62 8 0.0648432
1614 8 0.000632824
1615 8 -0.0128756
1616 8 -0.0105989
1617 8 0.0109552
1618 8 -0.018662
1619 8 -0.0200278
1629 8 0.147379
1630 8 -0.0509985
1631 8 -0.170272
1632 8 -0.149327
1633 8 -0.0605714
1634 8 -0.142098
9 9 0.262472
10 9 0.00933603
11 9 -0.00490258
72 9 0.172155
73 9 -0.0272569
74 9 0.0154755
1620 9 -0.123964
1621 9 -0.057592
1622 9 -0.0767397
1623 9 -0.0858014
1624 9 0.0544783
1625 9 0.0572241
1638 9 -0.105386
1639 9 0.0380867
1640 9 0.0890279
1641 9 -0.101449
1642 9 -0.0164201
1643 9 -0.0794535
9 10 0.00933603
10 10 0.394507
11 10 -0.073174
72 10 -0.0270528
73 10 -0.224892
74 10 0.219319
1620 10 -0.180054
1621 10 -0.0948481
1622 10 -0.142987
1623 10 0.174219
1624 10 -0.126209
1625 10 -0.162459
1638 10 -0.0836309
1639 10 0.0414863
1640 10 0.0739139
1641 10 0.107304
1642 10 0.0291187
1643 10 0.0850381
9 11 -0.00490258
10 11 -0.073174
11 11 0.301447
72 11 0.0153546
73 11 0.21967
74 11 0.0528801
1620 11 -0.000721308
1621 11 -0.0134754
1622 11 -0.00997618
1623 11 0.0008823
1624 11 -0.0145053
1625 11 -0.0126487
1638 11 0.145968
1639 11 -0.0732532
1640 11 -0.159488
1641 11 -0.157114
1642 11 -0.0458947
1643 11 -0.153526
12 12 0.26161
13 12 0.00340387
14 12 -0.00178123
75 12 0.173612
76 12 -0.0102436
77 12 0.0047186
1623 12 -0.116328
1624 12 -0.0557535
1625 12 -0.071383
1626 12 -0.0937108
1627 12 0.0526109
1628 12 0.0658565
1641 12 -0.100366
1642 12 0.0305261
1643 12 0.0862279
1644 12 -0.107807
1645 12 -0.0211088
1646 12 -0.0829688
12 13 0.00340387
13 13 0.397936
14 13 -0.0713834
75 13 -0.0094857
76 13 -0.235446
77 13 0.214113
1623 13 -0.183835
1624 13 -0.098545
1625 13 -0.145422
1626 13 0.175009
1627 13 -0.11289
1628 13 -0.163925
1641 13 -0.0902924
1642 13 0.039641
1643 13 0.0822462
1644 13 0.10614
1645 13 0.0324634
1646 13 0.0840165
12 14 -0.00178123
13 14 -0.0713834
14 14 0.29888
75 14 0.00560264
76 14 0.21413
77 14 0.0618328
1623 14 -0.00258397
1624 14 -0.0142506
1625 14 -0.0119531
1626 14 0.00649118
1627 14 -0.0174368
1628 14 -0.01632
1641 14 0.145275
1642 14 -0.0648089
1643 14 -0.162815
1644 14 -0.152816
1645 14 -0.0488219
1646 14 -0.150587
15 15 0.261611
16 15 -0.00345449
17 15 0.00174172
78 15 0.173572
79 15 0.0104771
80 15 -0.00566263
1626 15 -0.107432
1627 15 -0.054815
1628 15 -0.0648045
1629 15 -0.101979
1630 15 0.0515374
1631 15 0.0748668
1644 15 -0.0942983
1645 15 0.0229717
1646 15 0.0815714
1647 15 -0.114921
1648 15 -0.0268573
1649 15 -0.08722
15 16 -0.00345449
16 16 0.40007
17 16 -0.0698531
78 16 0.0110575
79 16 -0.242118
80 16 0.209139
1626 16 -0.186614
1627 16 -0.105338
1628 16 -0.147199
1629 16 0.172676
1630 16 -0.100457
1631 16 -0.165133
1644 16 -0.0970765
1645 16 0.0367532
1646 16 0.0899041
1647 16 0.103654
1648 16 0.0355208
1649 16 0.0814505
15 17 0.00174172
16 17 -0.0698531
17 17 0.296744
78 17 -0.00517266
79 17 0.209445
80 17 0.0685465
1626 17 -0.00329549
1627 17 -0.0148709
1628 17 -0.013289
1629 17 0.0111135
1630 17 -0.0191948
1631 17 -0.0203074
1644 17 0.145854
1645 17 -0.0564311
1646 17 -0.16539
1647 17 -0.149808
1648 17 -0.0522428
1649 17 -0.146273
18 18 0.263823
19 18 -0.0109028
20 18 0.00444505
81 18 0.171289
82 18 0.0310028
83 18 -0.0150732
1629 18 -0.0990012
1630 18 -0.0544618
1631 18 -0.0582919
1632 18 -0.109654
1633 18 0.0502901
1634 18 0.0838177
1647 18 -0.0870083
1648 18 0.0152846
1649 18 0.0776068
1650 18 -0.122574
1651 18 -0.0333352
1652 18 -0.0912609
18 19 -0.0109028
19 19 0.399193
20 19 -0.0682213
81 19 0.0311993
82 19 -0.245173
83 19 0.204761
1629 19 -0.187654
1630 19 -0.112794
1631 19 -0.147508
1632 19 0.168915
1633 19 -0.0896478
1634 19 -0.16538
1647 19 -0.101129
1648 19 0.0320076
1649 19 0.0968902
1650 19 0.100416
1651 19 0.0382002
1652 19 0.0776999
18 20 0.00444505
19 20 -0.0682213
20 20 0.295409
81 20 -0.0158277
82 20 0.205464
83 20 0.0734643
1629 20 -0.00265901
1630 20 -0.0148735
1631 20 -0.0138638
1632 20 0.015486
1633 20 -0.0204982
1634 20 -0.0241838
1647 20 0.145733
1648 20 -0.0475071
1649 20 -0.169762
1650 20 -0.147035
1651 20 -0.0558183
1652 20 -0.141294
21 21 0.26492
22 21 -0.0178359
23 21 0.00721798
84 21 0.167347
85 21 0.0502641
86 21 -0.0247496
1632 21 -0.0898352
1633 21 -0.0530117
1634 21 -0.0517482
1635 21 -0.115967
1636 21 0.0490803
1637 21 0.0927364
1650 21 -0.0802416
1651 21 0.0093881
1652 21 0.0725137
1653 21 -0.128313
1654 21 -0.039967
1655 21 -0.0947362
21 22 -0.0178359
22 22 0.399786
23 22 -0.0668049
84 22 0.0499454
85 22 -0.245564
86 22 0.200791
1632 22 -0.188216
1633 22 -0.12141
1634 22 -0.148373
1635 22 0.164948
1636 22 -0.081407
1637 22 -0.164708
1650 22 -0.105354
1651 22 0.0278016
1652 22 0.103427
1653 22 0.0966417
1654 22 0.0407263
1655 22 0.0744113
21 23 0.00721798
22 23 -0.0668049
23 23 0.293718
84 23 -0.0246632
85 23 0.201156
86 23 0.0778644
1632 23 -0.0024587
1633 23 -0.0153288
1634 23 -0.0147478
1635 23 0.0192735
1636 23 -0.0214748
1637 23 -0.0270907
1650 23 0.144545
1651 23 -0.0399198
1652 23 -0.172834
1653 23 -0.143868
1654 23 -0.0597313
1655 23 -0.137497
24 24 0.261646
25 24 0.00411305
26 24 -0.00203329
96 24 0.173458
97 24 -0.0129892
98 24 0.00555186
1641 24 -0.116877
1642 24 -0.0538569
1643 24 -0.0732504
1644 24 -0.09324
1645 24 0.0515914
1646 24 0.0661003
1656 24 -0.101048
1657 24 0.0291
1658 24 0.0878886
1659 24 -0.106626
1660 24 -0.0188632
1661 24 -0.082963
24 25 0.00411305
25 25 0.401136
26 25 -0.0690168
96 25 -0.0126032
97 25 -0.244943
98 25 0.207081
1641 25 -0.183403
1642 25 -0.0941222
1643 25 -0.147465
1644 25 0.175191
1645 25 -0.110222
1646 25 -0.165195
1656 25 -0.0931477
1657 25 0.0392484
1658 25 0.0867202
1659 25 0.109692
1660 25 0.0315634
1661 25 0.0887371
24 26 -0.00203329
25 26 -0.0690168
26 26 0.295643
96 26 0.00710104
97 26 0.207023
98 26 0.071482
1641 26 -0.0073003
1642 26 -0.0163884
1643 26 -0.0159033
1644 26 0.0101027
1645 26 -0.0194384
1646 26 -0.0202036
1656 26 0.142487
1657 26 -0.0603638
1658 26 -0.162103
1659 26 -0.150321
1660 26 -0.0448336
1661 26 -0.150419
27 27 0.263071
28 27 -0.00191267
29 27 -0.000623858
99 27 0.173735
100 27 0.00707229
101 27 -0.00428619
1644 27 -0.108418
1645 27 -0.0529153
1646 27 -0.0673476
1647 27 -0.101815
1648 27 0.0513875
1649 27 0.0749904
1659 27 -0.0968714
1660 27 0.0229837
1661 27 0.0841333
1662 27 -0.112448
1663 27 -0.0234681
1664 27 -0.0869894
27 28 -0.00191267
28 28 0.402003
29 28 -0.0664668
99 28 0.00834792
100 28 -0.251572
101 28 0.20189
1644 28 -0.185818
1645 28 -0.0998863
1646 28 -0.14993
1647 28 0.1722
1648 28 -0.0979424
1649 28 -0.165844
1659 28 -0.100077
1660 28 0.0360866
1661 28 0.0929943
1662 28 0.106408
1663 28 0.0337153
1664 28 0.0863459
27 29 -0.000623858
28 29 -0.0664668
29 29 0.29335
99 29 -0.0039369
100 29 0.202413
101 29 0.0775695
1644 29 -0.00827144
1645 29 -0.0171582
1646 29 -0.0174776
1647 29 0.0147009
1648 29 -0.0208308
1649 29 -0.0246013
1659 29 0.144515
1660 29 -0.0515347
1661 29 -0.162763
1662 29 -0.146586
1663 29 -0.0470743
1664 29 -0.147285
30 30 0.263695
31 30 -0.00899698
32 30 0.00298616
102 30 0.171934
103 30 0.0261981
104 30 -0.0121301
1647 30 -0.10058
1648 30 -0.0532185
1649 30 -0.0619483
1650 30 -0.107872
1651 30 0.0483987
1652 30 0.0833967
1662 30 -0.0896945
1663 30 0.0147524
1664 30 0.0792416
1665 30 -0.120316
1666 30 -0.0293326
1667 30 -0.0909324
30 31 -0.00899698
31 31 0.402725
32 31 -0.0649257
102 31 0.0268236
103 31 -0.255323
104 31 0.197689
1647 31 -0.186548
1648 31 -0.107009
1649 31 -0.150485
1650 31 0.168978
1651 31 -0.0870269
1652 31 -0.167327
1662 31 -0.104565
1663 31 0.0310568
1664 31 0.100118
1665 31 0.105062
1666 31 0.0366472
1667 31 0.0833311
30 32 0.00298616
31 32 -0.0649257
32 32 0.292006
102 32 -0.0122164
103 32 0.197666
104 32 0.0827039
1647 32 -0.00842157
1648 32 -0.0176782
1649 32 -0.0183436
1650 32 0.0193417
1651 32 -0.0221466
1652 32 -0.028615
1662 32 0.143541
1663 32 -0.0430371
1664 32 -0.166769
1665 32 -0.144867
1666 32 -0.0500755
1667 32 -0.141628
33 33 0.463686
34 33 -0.0696793
35 33 0.235284
36 33 -0.171794
37 33 -0.0121927
38 33 0.102939
51 33 0.0870675
52 33 -0.0417889
53 33 -0.0652667
129 33 0.0855422
130 33 0.0455988
131 33 -0.0317955
1608 33 -0.116506
1609 33 -0.182774
1610 33 0.00406699
1668 33 -0.0845403
1669 33 0.153156
1670 33 0.085186
1683 33 -0.015952
1684 33 -0.00546888
1685 33 0.0220978
1686 33 -0.22873
1687 33 0.111377
1688 33 -0.350855
33 34 -0.0696793
34 34 0.333599
35 34 -0.0989074
36 34 0.0380919
37 34 0.0861811
38 34 -0.00548233
51 34 0.0331552
52 34 0.0217327
53 34 -0.0412349
129 34 -0.0767144
130 34 -0.103085
131 34 0.050765
1608 34 -0.0595514
1609 34 -0.105002
1610 34 -0.0108572
1668 34 0.0795959
1669 34 -0.176917
1670 34 -0.0817095
1683 34 -0.0561629
1684 34 -0.0242065
1685 34 0.0415718
1686 34 0.111115
1687 34 -0.0124834
1688 34 0.146427
33 35 0.235284
34 35 -0.0989074
35 35 0.613152
36 35 -0.0880775
37 35 0.00400472
38 35 0.0879654
51 35 0.0446347
52 35 -0.184314
53 35 -0.106852
129 35 0.0512368
130 35 0.180172
131 35 0.0152574
1608 35 -0.0709412
1609 35 -0.143295
1610 35 -0.00616142
1668 35 -0.0243159
1669 35 0.0659954
1670 35 0.0359189
1683 35 0.213536
1684 35 0.022784
1685 35 -0.182572
1686 35 -0.358591
1687 35 0.149049
1688 35 -0.436939
33 36 -0.171794
34 36 0.0380919
35 36 -0.0880775
36 36 0.904147
37 36 -0.00679501
38 36 -0.00208819
39 36 -0.172712
40 36 -0.0272521
41 36 0.107734
54 36 0.172627
55 36 -0.0131455
56 36 -0.0205821
132 36 0.173597
133 36 -0.000575478
134 36 -0.00502956
1608 36 -0.094257
1609 36 0.181402
1610 36 0.004288
1611 36 -0.121594
1612 36 -0.199804
1613 36 0.00287513
1668 36 -0.115367
1669 36 -0.156184
1670 36 -0.0860594
1671 36 -0.0971499
1672 36 0.157452
1673 36 0.0960231
1686 36 -0.207556
1687 36 -0.081362
1688 36 0.349537
1689 36 -0.252781
1690 36 0.110974
1691 36 -0.360214
33 37 -0.0121927
34 37 0.0861811
35 37 0.00400472
36 37 -0.00679501
37 37 0.74258
38 37 -0.0374206
39 37 0.0263464
40 37 0.0862518
41 37 -0.000884563
54 37 -0.00990091
55 37 0.0490385
56 37 -0.225589
132 37 -0.00663126
133 37 -0.173381
134 37 0.0814085
1608 37 0.160498
1609 37 -0.240676
1610 37 0.0334676
1611 37 -0.165897
1612 37 -0.220951
1613 37 0.0410883
1668 37 -0.0911933
1669 37 -0.149253
1670 37 -0.0675542
1671 37 0.0827392
1672 37 -0.161768
1673 37 -0.0821333
1686 37 -0.0854129
1687 37 0.00657851
1688 37 0.12103
1689 37 0.108702
1690 37 -0.00647413
1691 37 0.132666
33 38 0.102939
34 38 -0.00548233
35 38 0.0879654
36 38 -0.00208819
37 38 -0.0374206
38 38 0.893738
39 38 -0.0824499
40 38 0.00104442
41 38 0.0875078
54 38 -0.0209861
55 38 -0.219034
56 38 -0.221669
132 38 -0.000429841
133 38 0.220725
134 38 -0.00108033
1608 38 0.0916396
1609 38 -0.182661
1610 38 -0.00263499
1611 38 -0.0933979
1612 38 -0.162546
1613 38 0.00106726
1668 38 0.0389361
1669 38 0.0700432
1670 38 0.0383918
1671 38 -0.0234906
1672 38 0.056822
1673 38 0.0340203
1686 38 0.357381
1687 38 0.117814
1688 38 -0.477406
1689 38 -0.365443
1690 38 0.139203
1691 38 -0.417891
36 39 -0.172712
37 39 0.0263464
38 39 -0.0824499
39 39 0.907089
40 39 -0.00036916
41 39 -0.00320204
42 39 -0.172117
43 39 -0.0403051
44 39 0.111223
57 39 0.173067
58 39 -0.0106544
59 39 -0.0162103
135 39 0.173146
136 39 0.0154854
137 39 -0.0102993
1611 39 -0.108995
1612 39 0.183838
1613 39 0.00721704
1614 39 -0.107069
1615 39 -0.196996
1616 39 -0.0010902
1671 39 -0.10564
1672 39 -0.149943
1673 39 -0.0845644
1674 39 -0.1071
1675 39 0.15946
1676 39 0.104984
1689 39 -0.189956
1690 39 -0.0936411
1691 39 0.339587
1692 39 -0.272415
1693 39 0.10899
1694 39 -0.365256
36 40 -0.0272521
37 40 0.0862518
38 40 0.00104442
39 40 -0.00036916
40 40 0.740264
41 40 -0.0388974
42 40 0.01643
43 40 0.0855499
44 40 0.00327238
57 40 -0.00925622
58 40 0.055336
59 40 -0.220865
135 40 0.00842562
136 40 -0.177799
137 40 0.0776705
1611 40 0.166579
1612 40 -0.221067
1613 40 0.0259109
1614 40 -0.158546
1615 40 -0.233131
1616 40 0.0405675
1671 40 -0.0891029
1672 40 -0.159196
1673 40 -0.0731763
1674 40 0.0839187
1675 40 -0.150257
1676 40 -0.0820777
1689 40 -0.0956172
1690 40 -0.00635188
1691 40 0.144915
1692 40 0.104883
1693 40 -0.00154251
1694 40 0.122374
36 41 0.107734
37 41 -0.000884563
38 41 0.0875078
39 41 -0.00320204
40 41 -0.0388974
41 41 0.893112
42 41 -0.0778642
43 41 -0.00181056
44 41 0.0867889
57 41 -0.0184387
58 41 -0.215586
59 41 -0.228751
135 41 -0.0120219
136 41 0.21772
137 41 0.00471897
1611 41 0.105097
1612 41 -0.184833
1613 41 -0.0071093
1614 41 -0.0878935
1615 41 -0.167208
1616 41 0.000422098
1671 41 0.0355454
1672 41 0.0700365
1673 41 0.039068
1674 41 -0.0221799
1675 41 0.0499494
1676 41 0.0322683
1689 41 0.344367
1690 41 0.144031
1691 41 -0.483051
1692 41 -0.370058
1693 41 0.129154
1694 41 -0.403316
39 42 -0.172117
40 42 0.01643
41 42 -0.0778642
42 42 0.908799
43 42 0.00300739
44 42 0.000411403
45 42 -0.170686
46 42 -0.046945
47 42 0.11468
60 42 0.173508
61 42 -0.00961161
62 42 -0.0162589
138 42 0.171157
139 42 0.0322315
140 42 -0.0151661
1614 42 -0.120539
1615 42 0.184541
1616 42 0.0118239
1617 42 -0.0993801
1618 42 -0.197475
1619 42 -0.00284521
1674 42 -0.0967686
1675 42 -0.144492
1676 42 -0.0832753
1677 42 -0.111542
1678 42 0.157648
1679 42 0.11234
1692 42 -0.172303
1693 42 -0.104171
1694 42 0.327045
1695 42 -0.292863
1696 42 0.104069
1697 42 -0.368285
39 43 -0.0403051
40 43 0.0855499
41 43 -0.00181056
42 43 0.00300739
43 43 0.743206
44 43 -0.045287
45 43 0.0130626
46 43 0.0852587
47 43 0.0045853
60 43 -0.00996123
61 43 0.0610777
62 43 -0.216632
138 43 0.0228327
139 43 -0.180589
140 43 0.0752911
1614 43 0.166968
1615 43 -0.207901
1616 43 0.0221299
1617 43 -0.150403
1618 43 -0.241262
1619 43 0.0404882
1674 43 -0.087012
1675 43 -0.168574
1676 43 -0.0793975
1677 43 0.0821421
1678 43 -0.143835
1679 43 -0.082837
1692 43 -0.104205
1693 43 -0.0185411
1694 43 0.166176
1695 43 0.103835
1696 43 -1.3642e-05
1697 43 0.117253
39 44 0.111223
40 44 0.00327238
41 44 0.0867889
42 44 0.000411403
43 44 -0.045287
44 44 0.88846
45 44 -0.0745673
46 44 -0.0036517
47 44 0.0864288
60 44 -0.0162455
61 44 -0.212991
62 44 -0.232784
138 44 -0.0225134
139 44 0.213136
140 44 0.00924661
1614 44 0.114629
1615 44 -0.185537
1616 44 -0.0122984
1617 44 -0.0827877
1618 44 -0.169438
1619 44 0.000677924
1674 44 0.0322314
1675 44 0.0695346
1676 44 0.0397513
1677 44 -0.018657
1678 44 0.0449597
1679 44 0.0298467
1692 44 0.330124
1693 44 0.166428
1694 44 -0.486832
1695 44 -0.374806
1696 44 0.119121
1697 44 -0.387719
42 45 -0.170686
43 45 0.0130626
44 45 -0.0745673
45 45 0.423431
46 45 0.072453
47 45 -0.211483
63 45 0.0866077
64 45 0.0214565
65 45 0.0472575
141 45 0.0850038
142 45 -0.0304049
143 45 0.0233894
1617 45 -0.112306
1618 45 0.16636
1619 45 0.0120758
1677 45 -0.0931351
1678 45 -0.140406
1679 45 -0.0805413
1695 45 -0.154982
1696 45 -0.108859
1697 45 0.316967
1698 45 -0.0450798
1699 45 0.0100169
1700 45 -0.036791
42 46 -0.046945
43 46 0.0852587
44 46 -0.0036517
45 46 0.072453
46 46 0.336644
47 46 -0.121002
63 46 -0.0313581
64 46 0.030426
65 46 -0.0304517
141 46 0.0821959
142 46 -0.11441
143 46 0.0321927
1617 46 0.0527525
1618 46 -0.0913768
1619 46 -0.0190055
1677 46 -0.0881129
1678 46 -0.173555
1679 46 -0.0820212
1695 46 -0.109013
1696 46 -0.0272169
1697 46 0.181086
1698 46 0.0711255
1699 46 -0.0256213
1700 46 0.0391047
42 47 0.11468
43 47 0.0045853
44 47 0.0864288
45 47 -0.211483
46 47 -0.121002
47 47 0.650361
63 47 -0.0640143
64 47 -0.182218
65 47 -0.11978
141 47 -0.052479
142 47 0.176758
143 47 0.0332071
1617 47 0.0866868
1618 47 -0.163965
1619 47 -0.0203955
1677 47 0.0321675
1678 47 0.0702109
1679 47 0.0403553
1695 47 0.318461
1696 47 0.18172
1697 47 -0.495278
1698 47 -0.230248
1699 47 0.0282578
1700 47 -0.148996
48 48 0.591626
49 48 0.0137838
50 48 0.189034
51 48 -0.169423
52 48 -0.00364442
53 48 0.0993152
69 48 0.0858568
70 48 -0.0444822
71 48 -0.0665539
150 48 0.169291
151 48 -0.0389256
152 48 0.0234258
1620 48 -0.124627
1621 48 -0.179705
1622 48 0.00239309
1680 48 -0.130307
1681 48 -0.0594298
1682 48 -0.0782303
1683 48 -0.0750267
1684 48 0.151117
1685 48 0.0753942
1704 48 -0.113317
1705 48 0.0420985
1706 48 0.101533
1707 48 -0.216774
1708 48 0.118088
1709 48 -0.34183
48 49 0.0137838
49 49 0.5819
50 49 -0.100674
51 49 0.0469936
52 49 0.0858106
53 49 -0.00818325
69 49 0.0293525
70 49 0.0207971
71 49 -0.0392761
150 49 -0.0417351
151 49 -0.203981
152 49 0.230762
1620 49 -0.0578357
1621 49 -0.0960918
1622 49 -0.0122853
1680 49 -0.177549
1681 49 -0.093579
1682 49 -0.13968
1683 49 0.176183
1684 49 -0.265144
1685 49 -0.177378
1704 49 -0.1031
1705 49 0.0111632
1706 49 0.0890456
1707 49 0.11664
1708 49 -0.0193261
1709 49 0.158139
48 50 0.189034
49 50 -0.100674
50 50 0.688922
51 50 -0.0913878
52 50 0.00627611
53 50 0.0886229
69 50 0.0387433
70 50 -0.187195
71 50 -0.106655
150 50 0.025534
151 50 0.229174
152 50 0.0330392
1620 50 -0.0770981
1621 50 -0.142452
1622 50 -0.0074107
1680 50 0.00666287
1681 50 -0.010087
1682 50 -0.00482858
1683 50 0.000854931
1684 50 0.0420425
1685 50 0.00271867
1704 50 0.258208
1705 50 -0.00443585
1706 50 -0.233933
1707 50 -0.35351
1708 50 0.16349
1709 50 -0.442743
33 51 0.0870675
34 51 0.0331552
35 51 0.0446347
48 51 -0.169423
49 51 0.0469936
50 51 -0.0913878
51 51 1.23954
52 51 -0.0072428
53 51 -0.187995
54 51 -0.34527
55 51 0.0248237
56 51 0.0176331
72 51 0.171749
73 51 -0.0166241
74 51 -0.0234867
153 51 0.172262
154 51 -0.025442
155 51 0.0155357
1608 51 -0.106996
1609 51 -0.116288
1610 51 0.25644
1620 51 -0.0838338
1621 51 0.178343
1622 51 0.00405211
1623 51 -0.151807
1624 51 -0.310874
1625 51 -0.0295669
1683 51 -0.163849
1684 51 -0.191517
1685 51 -0.102476
1686 51 -0.177589
1687 51 0.33209
1688 51 0.0896301
1707 51 -0.223149
1708 51 -0.0730372
1709 51 0.35828
1710 51 -0.229471
1711 51 0.121391
1712 51 -0.348252
33 52 -0.0417889
34 52 0.0217327
35 52 -0.184314
48 52 -0.00364442
49 52 0.0858106
50 52 0.00627611
51 52 -0.0072428
52 52 1.26583
53 52 0.0888345
54 52 0.028662
55 52 0.172858
56 52 -0.000495199
72 52 -0.0128411
73 52 0.0516523
74 52 -0.223409
153 52 -0.0263861
154 52 -0.214939
155 52 0.225273
1608 52 0.031653
1609 52 0.00348053
1610 52 0.0174416
1620 52 0.15413
1621 52 -0.252654
1622 52 0.0365342
1623 52 -0.184765
1624 52 -0.309297
1625 52 0.0186941
1683 52 -0.314115
1684 52 -0.300658
1685 52 -0.102508
1686 52 0.336554
1687 52 -0.495498
1688 52 -0.149151
1707 52 -0.0770015
1708 52 0.012298
1709 52 0.107638
1710 52 0.118247
1711 52 -0.0192617
1712 52 0.156342
33 53 -0.0652667
34 53 -0.0412349
35 53 -0.106852
48 53 0.0993152
49 53 -0.00818325
50 53 0.0886229
51 53 -0.187995
52 53 0.0888345
53 53 1.16513
54 53 0.0143883
55 53 -0.00347101
56 53 0.173471
72 53 -0.0248586
73 53 -0.21877
74 53 -0.222941
153 53 0.0156529
154 53 0.225781
155 53 0.0428537
1608 53 0.0938688
1609 53 0.0997994
1610 53 -0.233517
1620 53 0.0839501
1621 53 -0.184148
1622 53 -0.00126767
1623 53 -0.103523
1624 53 -0.108799
1625 53 0.00750601
1683 53 -0.021888
1684 53 0.0260892
1685 53 0.00900478
1686 53 0.0897887
1687 53 -0.141324
1688 53 -0.004878
1707 53 0.361435
1708 53 0.10198
1709 53 -0.467382
1710 53 -0.355397
1711 53 0.161569
1712 53 -0.430728
0 54 0.173604
1 54 -0.00586737
2 54 0.00435063
36 54 0.172627
37 54 -0.00990091
38 54 -0.0209861
51 54 -0.34527
52 54 0.028662
53 54 0.0143883
54 54 1.82366
55 54 -0.00144791
56 54 -0.000305868
57 54 -0.346472
58 54 0.00376196
59 54 0.0246629
75 54 0.17253
76 54 -0.0137207
77 54 -0.0215439
156 54 0.173712
157 54 -0.00574993
158 54 0.00344186
1608 54 -0.240164
1609 54 0.112396
1610 54 -0.358137
1611 54 -0.203301
1612 54 -0.095351
1613 54 0.349676
1623 54 -0.190008
1624 54 0.341996
1625 54 0.101962
1626 54 -0.250342
1627 54 -0.364145
1628 54 -0.101699
1686 54 -0.263762
1687 54 -0.36897
1688 54 -0.0941506
1689 54 -0.200012
1690 54 0.340286
1691 54 0.105016
1710 54 -0.210832
1711 54 -0.0878106
1712 54 0.349819
1713 54 -0.247205
1714 54 0.120572
1715 54 -0.353893
0 55 -0.00714871
1 55 -0.225607
2 55 0.220681
36 55 -0.0131455
37 55 0.0490385
38 55 -0.219034
51 55 0.0248237
52 55 0.172858
53 55 -0.00347101
54 55 -0.00144791
55 55 1.82811
56 55 -0.00619645
57 55 0.00952463
58 55 0.173959
59 55 0.000385405
75 55 -0.0125856
76 55 0.0573259
77 55 -0.219627
156 55 -0.00509536
157 55 -0.226061
158 55 0.220109
1608 55 0.115656
1609 55 -0.0129547
1610 55 0.149038
1611 55 -0.0903955
1612 55 -0.00179707
1613 55 0.134051
1623 55 0.336119
1624 55 -0.478216
1625 55 -0.151
1626 55 -0.357949
1627 55 -0.429767
1628 55 -0.128395
1686 55 -0.367672
1687 55 -0.418687
1688 55 -0.117581
1689 55 0.343724
1690 55 -0.465351
1691 55 -0.159211
1710 55 -0.0912472
1711 55 0.00450414
1712 55 0.129174
1713 55 0.117821
1714 55 -0.0140818
1715 55 0.147114
0 56 0.00323971
1 56 0.22093
2 56 0.0519022
36 56 -0.0205821
37 56 -0.225589
38 56 -0.221669
51 56 0.0176331
52 56 -0.000495199
53 56 0.173471
54 56 -0.000305868
55 56 -0.00619645
56 56 1.82677
57 56 0.0215237
58 56 -0.00400318
59 56 0.172678
75 56 -0.0219125
76 56 -0.214365
77 56 -0.229812
156 56 0.00321008
157 56 0.220888
158 56 0.0521862
1608 56 -0.354469
1609 56 0.145674
1610 56 -0.425485
1611 56 0.344339
1612 56 0.135675
1613 56 -0.473944
1623 56 0.100734
1624 56 -0.15648
1625 56 -0.013316
1626 56 -0.096001
1627 56 -0.123804
1628 56 -0.000587799
1686 56 -0.098273
1687 56 -0.119713
1688 56 0.00372125
1689 56 0.105117
1690 56 -0.151517
1691 56 -0.0131286
1710 56 0.357793
1711 56 0.123919
1712 56 -0.469266
1713 56 -0.362944
1714 56 0.151369
1715 56 -0.415678
3 57 0.173449
4 57 0.0161241
5 57 -0.00792895
39 57 0.173067
40 57 -0.00925622
41 57 -0.0184387
54 57 -0.346472
55 57 0.00952463
56 57 0.0215237
57 57 1.83386
58 57 -0.00124122
59 57 -0.00167945
60 57 -0.347914
61 57 -0.0181984
62 57 0.0318938
78 57 0.172754
79 57 -0.0104306
80 57 -0.0191494
159 57 0.173384
160 57 0.0138497
161 57 -0.00753706
1611 57 -0.261665
1612 57 0.110206
1613 57 -0.366194
1614 57 -0.184602
1615 57 -0.1047
1616 57 0.338913
1626 57 -0.214351
1627 57 0.350051
1628 57 0.11582
1629 57 -0.222326
1630 57 -0.356459
1631 57 -0.0978398
1689 57 -0.237062
1690 57 -0.361693
1691 57 -0.0922326
1692 57 -0.227812
1693 57 0.349913
1694 57 0.122124
1713 57 -0.19469
1714 57 -0.100671
1715 57 0.339722
1716 57 -0.269806
1717 57 0.117694
1718 57 -0.361695
3 58 0.0155693
4 58 -0.232777
5 58 0.215738
39 58 -0.0106544
40 58 0.055336
41 58 -0.215586
54 58 0.00376196
55 58 0.173959
56 58 -0.00400318
57 58 -0.00124122
58 58 1.82337
59 58 -0.00248519
60 58 -0.014147
61 58 0.171957
62 58 0.00339717
78 58 -0.00964235
79 58 0.0656137
80 58 -0.215647
159 58 0.014808
160 58 -0.232492
161 58 0.215432
1611 58 0.113421
1612 58 -0.00676061
1613 58 0.139518
1614 58 -0.103049
1615 58 -0.0128669
1616 58 0.156356
1626 58 0.340385
1627 58 -0.446399
1628 58 -0.157366
1629 58 -0.351827
1630 58 -0.455326
1631 58 -0.134173
1689 58 -0.360545
1690 58 -0.443785
1691 58 -0.123266
1692 58 0.349284
1693 58 -0.429328
1694 58 -0.165496
1713 58 -0.102833
1714 58 -0.0108641
1715 58 0.152434
1716 58 0.115122
1717 58 -0.00864071
1718 58 0.134592
3 59 -0.00939544
4 59 0.214767
5 59 0.0601106
39 59 -0.0162103
40 59 -0.220865
41 59 -0.228751
54 59 0.0246629
55 59 0.000385405
56 59 0.172678
57 59 -0.00167945
58 59 -0.00248519
59 59 1.82131
60 59 0.0297533
61 59 -0.000755555
62 59 0.170815
78 59 -0.0203133
79 59 -0.20933
80 59 -0.235342
159 59 -0.00806022
160 59 0.21617
161 59 0.0592819
1611 59 -0.360792
1612 59 0.133298
1613 59 -0.409398
1614 59 0.333437
1615 59 0.157988
1616 59 -0.477849
1626 59 0.116098
1627 59 -0.164038
1628 59 -0.0212806
1629 59 -0.0926285
1630 59 -0.129915
1631 59 -0.0022841
1689 59 -0.0960202
1690 59 -0.126413
1691 59 0.00228866
1692 59 0.120509
1693 59 -0.161115
1694 59 -0.0224534
1713 59 0.345471
1714 59 0.150218
1715 59 -0.473062
1716 59 -0.366135
1717 59 0.139497
1718 59 -0.398572
6 60 0.171376
7 60 0.034983
8 60 -0.0165596
42 60 0.173508
43 60 -0.00996123
44 60 -0.0162455
57 60 -0.347914
58 60 -0.014147
59 60 0.0297533
60 60 1.8283
61 60 -0.00395585
62 60 -0.00103472
63 60 -0.342239
64 60 -0.0380513
65 60 0.0410955
81 60 0.173273
82 60 -0.0099918
83 60 -0.0167258
162 60 0.171101
163 60 0.0329709
164 60 -0.0177557
1614 60 -0.280352
1615 60 0.106543
1616 60 -0.372377
1617 60 -0.166677
1618 60 -0.111155
1619 60 0.325982
1629 60 -0.238758
1630 60 0.352702
1631 60 0.132152
1632 60 -0.199034
1633 60 -0.350126
1634 60 -0.0955562
1692 60 -0.209674
1693 60 -0.351717
1694 60 -0.0896062
1695 60 -0.248968
1696 60 0.348159
1697 60 0.13493
1716 60 -0.174105
1717 60 -0.109313
1718 60 0.327325
1719 60 -0.291228
1720 60 0.112005
1721 60 -0.363271
6 61 0.0323504
7 61 -0.235769
8 61 0.211773
42 61 -0.00961161
43 61 0.0610777
44 61 -0.212991
57 61 -0.0181984
58 61 0.171957
59 61 -0.000755555
60 61 -0.00395585
61 61 1.82825
62 61 -0.00213229
63 61 -0.0319302
64 61 0.171518
65 61 0.00438134
81 61 -0.00965059
82 61 0.0702151
83 61 -0.211576
162 61 0.0336449
163 61 -0.235568
164 61 0.211818
1614 61 0.108622
1615 61 -0.00313046
1616 61 0.129259
1617 61 -0.109229
1618 61 -0.0252937
1619 61 0.17638
1629 61 0.34513
1630 61 -0.413879
1631 61 -0.165563
1632 61 -0.34194
1633 61 -0.477296
1634 61 -0.138714
1692 61 -0.350954
1693 61 -0.469516
1694 61 -0.128811
1695 61 0.353273
1696 61 -0.403061
1697 61 -0.169691
1716 61 -0.109503
1717 61 -0.0237875
1718 61 0.172488
1719 61 0.111754
1720 61 -0.00572367
1721 61 0.12564
6 62 -0.0171175
7 62 0.210761
8 62 0.0648432
42 62 -0.0162589
43 62 -0.216632
44 62 -0.232784
57 62 0.0318938
58 62 0.00339717
59 62 0.170815
60 62 -0.00103472
61 62 -0.00213229
62 62 1.82198
63 62 0.0379119
64 62 0.000917159
65 62 0.170834
81 62 -0.0176539
82 62 -0.206537
83 62 -0.239977
162 62 -0.017676
163 62 0.211634
164 62 0.0641745
1614 62 -0.363183
1615 62 0.125242
1616 62 -0.394017
1617 62 0.320767
1618 62 0.177754
1619 62 -0.486307
1629 62 0.131757
1630 62 -0.170126
1631 62 -0.0305561
1632 62 -0.0889717
1633 62 -0.134283
1634 62 -0.00160696
1692 62 -0.0920073
1693 62 -0.13067
1694 62 0.00232449
1695 62 0.136146
1696 62 -0.165937
1697 62 -0.0313113
1716 62 0.329557
1717 62 0.172711
1718 62 -0.479709
1719 62 -0.373307
1720 62 0.128382
1721 62 -0.38418
45 63 0.0866077
46 63 -0.0313581
47 63 -0.0640143
60 63 -0.342239
61 63 -0.0319302
62 63 0.0379119
63 63 1.29073
64 63 0.0095232
65 63 0.173977
66 63 -0.167296
67 63 -0.0612525
68 63 0.120841
84 63 0.17366
85 63 -0.0101413
86 63 -0.0180918
165 63 0.167431
166 63 0.0530734
167 63 -0.0281388
1617 63 -0.146499
1618 63 0.1322
1619 63 -0.266393
1632 63 -0.142894
1633 63 0.299901
1634 63 0.0569741
1635 63 -0.0894719
1636 63 -0.195834
1637 63 -0.00895406
1695 63 -0.188626
1696 63 -0.339746
1697 63 -0.0824991
1698 63 -0.149607
1699 63 0.188278
1700 63 0.135302
1719 63 -0.153069
1720 63 -0.11342
1721 63 0.309644
1722 63 -0.319339
1723 63 0.108698
1724 63 -0.37131
45 64 0.0214565
46 64 0.030426
47 64 -0.182218
60 64 -0.0380513
61 64 0.171518
62 64 0.000917159
63 64 0.0095232
64 64 1.25283
65 64 0.104568
66 64 0.00405435
67 64 0.0827906
68 64 0.00939442
84 64 -0.0101542
85 64 0.0737489
86 64 -0.208244
165 64 0.0560519
166 64 -0.237629
167 64 0.204895
1617 64 -0.0280529
1618 64 0.00195574
1619 64 0.0228215
1632 64 0.182191
1633 64 -0.294387
1634 64 -0.00895196
1635 64 -0.142485
1636 64 -0.249958
1637 64 0.035212
1695 64 -0.345999
1696 64 -0.491442
1697 64 -0.128869
1698 64 0.300992
1699 64 -0.282426
1700 64 -0.15886
1719 64 -0.115137
1720 64 -0.0370223
1721 64 0.193242
1722 64 0.108561
1723 64 0.00228648
1724 64 0.111744
45 65 0.0472575
46 65 -0.0304517
47 65 -0.11978
60 65 0.0410955
61 65 0.00438134
62 65 0.170834
63 65 0.173977
64 65 0.104568
65 65 1.12694
66 65 -0.0656638
67 65 -0.00435039
68 65 0.0852211
84 65 -0.017963
85 65 -0.203683
86 65 -0.243749
165 65 -0.0273262
166 65 0.204586
167 65 0.0720299
1617 65 -0.106665
1618 65 0.0912665
1619 65 -0.18971
1632 65 0.128813
1633 65 -0.155711
1634 65 -0.0137816
1635 65 -0.0790461
1636 65 -0.173535
1637 65 -0.00246365
1695 65 -0.0884096
1696 65 -0.133372
1697 65 0.00210643
1698 65 0.0583546
1699 65 -0.0123291
1700 65 -0.01722
1719 65 0.31413
1720 65 0.192385
1721 65 -0.488709
1722 65 -0.378107
1723 65 0.114616
1724 65 -0.360413
63 66 -0.167296
64 66 0.00405435
65 66 -0.0656638
66 66 0.551669
67 66 -0.0134363
68 66 -0.169369
87 66 0.0857274
88 66 0.0147763
89 66 0.0433077
168 66 0.161593
169 66 0.0700994
170 66 -0.0353126
1635 66 -0.116437
1636 66 0.15945
1637 66 0.0203296
1698 66 -0.0836426
1699 66 -0.139792
1700 66 -0.0741908
1701 66 -0.118055
1702 66 0.0499044
1703 66 0.0993969
1722 66 -0.127961
1723 66 -0.114755
1724 66 0.293762
1725 66 -0.167708
1726 66 -0.0294546
1727 66 -0.113672
63 67 -0.0612525
64 67 0.0827906
65 67 -0.00435039
66 67 -0.0134363
67 67 0.594955
68 67 -0.111981
87 67 -0.0279152
88 67 0.0387848
89 67 -0.0227313
168 67 0.0713382
169 67 -0.236893
170 67 0.201316
1635 67 0.0484261
1636 67 -0.0780867
1637 67 -0.0218599
1698 67 -0.194485
1699 67 -0.257322
1700 67 -0.17194
1701 67 0.157359
1702 67 -0.0789796
1703 67 -0.167271
1722 67 -0.116878
1723 67 -0.0488895
1724 67 0.21122
1725 67 0.136802
1726 67 0.00100661
1727 67 0.0867324
63 68 0.120841
64 68 0.00939442
65 68 0.0852211
66 68 -0.169369
67 68 -0.111981
68 68 0.715824
87 68 -0.0652979
88 68 -0.17903
89 68 -0.126322
168 68 -0.0347263
169 68 0.201025
170 68 0.0754076
1635 68 0.0968732
1636 68 -0.167794
1637 68 -0.0296182
1698 68 -0.00487924
1699 68 0.040848
1700 68 0.00213391
1701 68 0.0206917
1702 68 -0.0221945
1703 68 -0.0293555
1722 68 0.297118
1723 68 0.210958
1724 68 -0.501351
1725 68 -0.260758
1726 68 0.0188256
1727 68 -0.171932
48 69 0.0858568
49 69 0.0293525
50 69 0.0387433
69 69 0.922371
70 69 0.0013236
71 69 -4.60547e-05
72 69 -0.344116
73 69 0.0448187
74 69 0.0134402
90 69 0.0857497
91 69 -0.0443172
92 69 -0.0690184
177 69 0.168819
178 69 -0.0427922
179 69 0.0247174
1620 69 -0.112905
1621 69 -0.111068
1622 69 0.258341
1638 69 -0.148552
1639 69 -0.293674
1640 69 -0.029603
1704 69 -0.155045
1705 69 -0.0789154
1706 69 -0.0768786
1707 69 -0.153779
1708 69 0.324576
1709 69 0.083025
1728 69 -0.114558
1729 69 0.0416604
1730 69 0.103695
1731 69 -0.214979
1732 69 0.127017
1733 69 -0.343634
48 70 -0.0444822
49 70 0.0207971
50 70 -0.187195
69 70 0.0013236
70 70 0.924588
71 70 -0.00594854
72 70 0.0482716
73 70 0.169414
74 70 0.00173813
90 70 0.0275341
91 70 0.0252183
92 70 -0.0361425
177 70 -0.0450009
178 70 -0.210385
179 70 0.225737
1620 70 0.0368048
1621 70 0.0074921
1622 70 0.00605091
1638 70 -0.076404
1639 70 -0.190616
1640 70 -0.0296152
1704 70 -0.292062
1705 70 -0.186987
1706 70 -0.0833015
1707 70 0.328187
1708 70 -0.522291
1709 70 -0.146625
1728 70 -0.105262
1729 70 0.00897129
1730 70 0.0909276
1731 70 0.123822
1732 70 -0.0273879
1733 70 0.166667
48 71 -0.0665539
49 71 -0.0392761
50 71 -0.106655
69 71 -4.60547e-05
70 71 -0.00594854
71 71 0.919512
72 71 0.01063
73 71 -0.00402323
74 71 0.172874
90 71 0.0371001
91 71 -0.184732
92 71 -0.11089
177 71 0.0265933
178 71 0.225278
179 71 0.0414223
1620 71 0.10024
1621 71 0.0948614
1622 71 -0.230631
1638 71 -0.0763494
1639 71 -0.0875942
1640 71 -0.000150523
1704 71 -0.0244447
1705 71 -0.0258508
1706 71 0.00107424
1707 71 0.0834037
1708 71 -0.142711
1709 71 -0.00277711
1728 71 0.257022
1729 71 -0.00240864
1730 71 -0.232651
1731 71 -0.347951
1732 71 0.171912
1733 71 -0.435448
9 72 0.172155
10 72 -0.0270528
11 72 0.0153546
51 72 0.171749
52 72 -0.0128411
53 72 -0.0248586
69 72 -0.344116
70 72 0.0482716
71 72 0.01063
72 72 1.8239
73 72 0.00131792
74 72 -4.07838e-05
75 72 -0.342986
76 72 0.0260931
77 72 0.0140911
93 72 0.171638
94 72 -0.0149044
95 72 -0.0261707
180 72 0.171921
181 72 -0.0281079
182 72 0.0130372
1620 72 -0.219748
1621 72 0.117529
1622 72 -0.349906
1623 72 -0.223772
1624 72 -0.0879699
1625 72 0.358007
1638 72 -0.16452
1639 72 0.330543
1640 72 0.092318
1641 72 -0.278775
1642 72 -0.368463
1643 72 -0.113956
1707 72 -0.292245
1708 72 -0.372002
1709 72 -0.102259
1710 72 -0.173483
1711 72 0.326297
1712 72 0.0978588
1731 72 -0.226301
1732 72 -0.0760065
1733 72 0.359706
1734 72 -0.226849
1735 72 0.12889
1736 72 -0.341953
9 73 -0.0272569
10 73 -0.224892
11 73 0.21967
51 73 -0.0166241
52 73 0.0516523
53 73 -0.21877
69 73 0.0448187
70 73 0.169414
71 73 -0.00402323
72 73 0.00131792
73 73 1.83151
74 73 -0.00307702
75 73 0.0323024
76 73 0.174323
77 73 0.00025468
93 73 -0.0148488
94 73 0.0606613
95 73 -0.218219
180 73 -0.026952
181 73 -0.223932
182 73 0.219393
1620 73 0.122668
1621 73 -0.0223671
1622 73 0.165856
1623 73 -0.0833777
1624 73 0.00560469
1625 73 0.117144
1638 73 0.327959
1639 73 -0.505424
1640 73 -0.149071
1641 73 -0.364311
1642 73 -0.39626
1643 73 -0.131583
1707 73 -0.370149
1708 73 -0.388102
1709 73 -0.116631
1710 73 0.333407
1711 73 -0.494933
1712 73 -0.158546
1731 73 -0.081409
1732 73 0.010766
1733 73 0.11339
1734 73 0.124369
1735 73 -0.0278172
1736 73 0.16482
9 74 0.0154755
10 74 0.219319
11 74 0.0528801
51 74 -0.0234867
52 74 -0.223409
53 74 -0.222941
69 74 0.0134402
70 74 0.00173813
71 74 0.172874
72 74 -4.07838e-05
73 74 -0.00307702
74 74 1.82313
75 74 0.0116584
76 74 -0.00398689
77 74 0.174115
93 74 -0.0270343
94 74 -0.213318
95 74 -0.229755
180 74 0.0170341
181 74 0.219673
182 74 0.0540061
1620 74 -0.3453
1621 74 0.158494
1622 74 -0.435865
1623 74 0.352988
1624 74 0.122893
1625 74 -0.460057
1638 74 0.0925786
1639 74 -0.156927
1640 74 -0.00973945
1641 74 -0.107682
1642 74 -0.127236
1643 74 -0.00466757
1707 74 -0.108313
1708 74 -0.121355
1709 74 0.00191532
1710 74 0.0965912
1711 74 -0.153021
1712 74 -0.0120915
1731 74 0.359025
1732 74 0.106826
1733 74 -0.46138
1734 74 -0.348902
1735 74 0.172733
1736 74 -0.426067
12 75 0.173612
13 75 -0.0094857
14 75 0.00560264
54 75 0.17253
55 75 -0.0125856
56 75 -0.0219125
72 75 -0.342986
73 75 0.0323024
74 75 0.0116584
75 75 1.82088
76 75 0.00114048
77 75 0.00105927
78 75 -0.346644
79 75 0.00558025
80 75 0.021657
96 75 0.172746
97 75 -0.0118253
98 75 -0.0209413
183 75 0.173244
184 75 -0.0106469
185 75 0.00522835
1623 75 -0.235066
1624 75 0.120899
1625 75 -0.353368
1626 75 -0.206919
1627 75 -0.101206
1628 75 0.352252
1641 75 -0.186756
1642 75 0.339065
1643 75 0.106811
1644 75 -0.255179
1645 75 -0.366066
1646 75 -0.114929
1710 75 -0.268277
1711 75 -0.363286
1712 75 -0.101576
1713 75 -0.195717
1714 75 0.334298
1715 75 0.109913
1734 75 -0.21511
1735 75 -0.0946845
1736 75 0.348687
1737 75 -0.241745
1738 75 0.130071
1739 75 -0.347399
12 76 -0.0102436
13 76 -0.235446
14 76 0.21413
54 76 -0.0137207
55 76 0.0573259
56 76 -0.214365
72 76 0.0260931
73 76 0.174323
74 76 -0.00398689
75 76 0.00114048
76 76 1.82917
77 76 -0.00343301
78 76 0.0133057
79 76 0.173742
80 76 0.0019719
96 76 -0.00982785
97 76 0.0673693
98 76 -0.212014
183 76 -0.0101342
184 76 -0.235653
185 76 0.213052
1623 76 0.123584
1624 76 -0.0206781
1625 76 0.160879
1626 76 -0.096289
1627 76 -0.00554245
1628 76 0.139028
1641 76 0.330639
1642 76 -0.474749
1643 76 -0.160052
1644 76 -0.356536
1645 76 -0.415363
1646 76 -0.140394
1710 76 -0.368946
1711 76 -0.409028
1712 76 -0.126145
1713 76 0.344015
1714 76 -0.463737
1715 76 -0.168555
1734 76 -0.0987186
1735 76 -0.0022305
1736 76 0.138503
1737 76 0.126223
1738 76 -0.0237718
1739 76 0.159238
12 77 0.0047186
13 77 0.214113
14 77 0.0618328
54 77 -0.0215439
55 77 -0.219627
56 77 -0.229812
72 77 0.0140911
73 77 0.00025468
74 77 0.174115
75 77 0.00105927
76 77 -0.00343301
77 77 1.82849
78 77 0.0190264
79 77 -0.0027651
80 77 0.173046
96 77 -0.0217526
97 77 -0.207917
98 77 -0.240077
183 77 0.00648473
184 77 0.214082
185 77 0.0636295
1623 77 -0.347641
1624 77 0.156998
1625 77 -0.424264
1626 77 0.343214
1627 77 0.14501
1628 77 -0.465473
1641 77 0.107212
1642 77 -0.163974
1643 77 -0.0180513
1644 77 -0.106229
1645 77 -0.135047
1646 77 -0.00734901
1710 77 -0.109982
1711 77 -0.130679
1712 77 -0.00313111
1713 77 0.112721
1714 77 -0.161608
1715 77 -0.0206555
1734 77 0.355693
1735 77 0.131193
1736 77 -0.461487
1737 77 -0.357235
1738 77 0.163732
1739 77 -0.412747
15 78 0.173572
16 78 0.0110575
17 78 -0.00517266
57 78 0.172754
58 78 -0.00964235
59 78 -0.0203133
75 78 -0.346644
76 78 0.0133057
77 78 0.0190264
78 78 1.83051
79 78 0.000441791
80 78 -0.00106063
81 78 -0.348854
82 78 -0.0183477
83 78 0.0313456
99 78 0.173101
100 78 -0.0107327
101 78 -0.0174588
186 78 0.173341
187 78 0.0102021
188 78 -0.00553611
1626 78 -0.254921
1627 78 0.11949
1628 78 -0.36332
1629 78 -0.186875
1630 78 -0.111082
1631 78 0.340925
1644 78 -0.209661
1645 78 0.348055
1646 78 0.123535
1647 78 -0.227628
1648 78 -0.358529
1649 78 -0.110533
1713 78 -0.240929
1714 78 -0.354944
1715 78 -0.100584
1716 78 -0.223127
1717 78 0.343158
1718 78 0.129117
1737 78 -0.199578
1738 78 -0.106593
1739 78 0.336517
1740 78 -0.264892
1741 78 0.125876
1742 78 -0.357514
15 79 0.0104771
16 79 -0.242118
17 79 0.209445
57 79 -0.0104306
58 79 0.0656137
59 79 -0.20933
75 79 0.00558025
76 79 0.173742
77 79 -0.0027651
78 79 0.000441791
79 79 1.82356
80 79 -9.07617e-05
81 79 -0.0104663
82 79 0.170822
83 79 0.00361079
99 79 -0.00887087
100 79 0.0748793
101 79 -0.208194
186 79 0.0116962
187 79 -0.24328
188 79 0.208247
1626 79 0.121971
1627 79 -0.0155204
1628 79 0.150293
1629 79 -0.108395
1630 79 -0.0202821
1631 79 0.163305
1644 79 0.336011
1645 79 -0.442278
1646 79 -0.167386
1647 79 -0.348769
1648 79 -0.441773
1649 79 -0.145845
1713 79 -0.359514
1714 79 -0.435558
1715 79 -0.13404
1716 79 0.345797
1717 79 -0.426446
1718 79 -0.174019
1737 79 -0.109834
1738 79 -0.0168943
1739 79 0.160925
1740 79 0.124627
1741 79 -0.0176022
1742 79 0.146594
15 80 -0.00566263
16 80 0.209139
17 80 0.0685465
57 80 -0.0191494
58 80 -0.215647
59 80 -0.235342
75 80 0.021657
76 80 0.0019719
77 80 0.173046
78 80 -0.00106063
79 80 -9.07617e-05
80 80 1.82447
81 80 0.027745
82 80 0.00057898
83 80 0.171549
99 80 -0.0184896
100 80 -0.202844
101 80 -0.244737
186 80 -0.00540045
187 80 0.208915
188 80 0.0696206
1626 80 -0.35335
1627 80 0.146808
1628 80 -0.408362
1629 80 0.33112
1630 80 0.168131
1631 80 -0.472416
1644 80 0.121139
1645 80 -0.174081
1646 80 -0.0268038
1647 80 -0.102694
