0 0 0.337836
1 0 -0.074678
2 0 0.0432034
54 0 -0.0542472
55 0 0.224175
56 0 -0.129718
1608 0 0.00776673
1609 0 -0.00307406
1610 0 -0.0010048
1611 0 -0.00342858
1612 0 0.0729239
1613 0 0.1049
1623 0 -0.0370842
1624 0 -0.09223
1625 0 -0.134764
1626 0 -0.23336
1627 0 -0.126854
1628 0 0.116435
0 1 -0.074678
1 1 0.334605
2 1 -0.042279
54 1 0.223455
55 1 -0.0457625
56 1 0.127722
1608 1 -0.164002
1609 1 -0.139126
1610 1 0.107048
1611 1 -0.0137347
1612 1 -0.167761
1613 1 -0.191374
1623 1 -0.00468038
1624 1 0.0167186
1625 1 0.0300512
1626 1 0.0338882
1627 1 0.0190503
1628 1 -0.0299919
0 2 0.0432034
1 2 -0.042279
2 2 0.285985
54 2 -0.129842
55 2 0.126965
56 2 0.10001
1608 2 0.113062
1609 2 0.0866464
1610 2 -0.0931104
1611 2 0.00780903
1612 2 -0.046629
1613 2 -0.056723
1623 2 -0.0377129
1624 2 -0.114903
1625 2 -0.207052
1626 2 0.00356622
1627 2 -0.0096669
1628 2 -0.0109676
3 3 0.339997
4 3 -0.074446
5 3 0.044072
57 3 -0.060951
58 3 0.223655
59 3 -0.131965
1611 3 0.0101606
1612 3 -0.00095744
1613 3 -0.00256806
1614 3 -0.00417626
1615 3 0.0752092
1616 3 0.10757
1626 3 -0.0354827
1627 3 -0.0934182
1628 3 -0.135093
1629 3 -0.231776
1630 3 -0.130589
1631 3 0.117069
3 4 -0.074446
4 4 0.332151
5 4 -0.0418107
57 4 0.222759
58 4 -0.0383374
59 4 0.126365
1611 4 -0.161906
1612 4 -0.140132
1613 4 0.107193
1614 4 -0.0115329
1615 4 -0.167113
1616 4 -0.190065
1626 4 -0.00562343
1627 4 0.0149585
1628 4 0.0272311
1629 4 0.0303138
1630 4 0.0176632
1631 4 -0.028417
3 5 0.044072
4 5 -0.0418107
5 5 0.286277
57 5 -0.132667
58 5 0.125201
59 5 0.0992854
1611 5 0.11278
1612 5 0.0880689
1613 5 -0.0938941
1614 5 0.00846797
1615 5 -0.0458605
1616 5 -0.0560226
1626 5 -0.0356364
1627 5 -0.116043
1628 5 -0.206819
1629 5 0.00371119
1630 5 -0.00961525
1631 5 -0.0109159
6 6 0.342423
7 6 -0.073891
8 6 0.043889
60 6 -0.0681123
61 6 0.223792
62 6 -0.13279
1614 6 0.0123801
1615 6 0.00126104
1616 6 -0.00418663
1617 6 -0.00451158
1618 6 0.0769349
1619 6 0.110285
1629 6 -0.0341134
1630 6 -0.0944903
1631 6 -0.135804
1632 6 -0.230105
1633 6 -0.134188
1634 6 0.117884
6 7 -0.073891
7 7 0.330281
8 7 -0.041662
60 7 0.223571
61 7 -0.03243
62 7 0.122177
1614 7 -0.158379
1615 7 -0.143997
1616 7 0.108683
1617 7 -0.0114174
1618 7 -0.165376
1619 7 -0.188452
1629 7 -0.00628601
1630 7 0.0139971
1631 7 0.0260736
1632 7 0.0263396
1633 7 0.0160471
1634 7 -0.0265681
6 8 0.043889
7 8 -0.041662
8 8 0.285721
60 8 -0.133414
61 8 0.122279
62 8 0.100982
1614 8 0.109972
1615 8 0.0906116
1616 8 -0.0942653
1617 8 0.00883823
1618 8 -0.0459561
1619 8 -0.056751
1629 8 -0.0337914
1630 8 -0.116391
1631 8 -0.206125
1632 8 0.00466528
1633 8 -0.00902959
1634 8 -0.0114476
9 9 0.336696
10 9 -0.0752987
11 9 0.0418083
72 9 -0.0509177
73 9 0.226329
74 9 -0.124949
1620 9 0.00664138
1621 9 -0.00415054
1622 9 -0.000623512
1623 9 -0.00178592
1624 9 0.0693399
1625 9 0.10251
1638 9 -0.0400157
1639 9 -0.0920541
1640 9 -0.136349
1641 9 -0.233433
1642 9 -0.124407
1643 9 0.117204
9 10 -0.0752987
10 10 0.336952
11 10 -0.0418795
72 10 0.225544
73 10 -0.0532595
74 10 0.125923
1620 10 -0.165051
1621 10 -0.137987
1622 10 0.108719
1623 10 -0.0175052
1624 10 -0.166452
1625 10 -0.193917
1638 10 -0.00346045
1639 10 0.0183489
1640 10 0.03289
1641 10 0.0368978
1642 10 0.02048
1643 10 -0.0316571
9 11 0.0418083
10 11 -0.0418795
11 11 0.284778
72 11 -0.125333
73 11 0.125659
74 11 0.104177
1620 11 0.112146
1621 11 0.085181
1622 11 -0.0935223
1623 11 0.00667076
1624 11 -0.0476327
1625 11 -0.0591074
1638 11 -0.0408599
1639 11 -0.112558
1640 11 -0.205687
1641 11 0.00575967
1642 11 -0.00834294
1643 11 -0.012343
12 12 0.33816
13 12 -0.0751112
14 12 0.0425256
75 12 -0.055369
76 12 0.22558
77 12 -0.127442
1623 12 0.00820745
1624 12 -0.00274942
1625 12 -0.00149238
1626 12 -0.00280173
1627 12 0.0718462
1628 12 0.104849
1641 12 -0.0382151
1642 12 -0.092332
1643 12 -0.135979
1644 12 -0.232701
1645 12 -0.127301
1646 12 0.117088
12 13 -0.0751112
13 13 0.335142
14 13 -0.0416798
75 13 0.224918
76 13 -0.0474969
77 13 0.125599
1623 13 -0.164047
1624 13 -0.139678
1625 13 0.108003
1626 13 -0.0148848
1627 13 -0.166423
1628 13 -0.192175
1641 13 -0.00426111
1642 13 0.0172248
1643 13 0.0312291
1644 13 0.0339359
1645 13 0.0193566
1646 13 -0.0301627
12 14 0.0425256
13 14 -0.0416798
14 14 0.285123
75 14 -0.127674
76 14 0.125098
77 14 0.102866
1623 14 0.111759
1624 14 0.0862386
1625 14 -0.0930211
1626 14 0.00742675
1627 14 -0.0474469
1628 14 -0.0585172
1641 14 -0.0389085
1642 14 -0.113532
1643 14 -0.206334
1644 14 0.00493512
1645 14 -0.00881206
1646 14 -0.0118341
15 15 0.340085
16 15 -0.0749512
17 15 0.0432244
78 15 -0.0613173
79 15 0.225051
80 15 -0.129575
1626 15 0.0103093
1627 15 -0.000842529
1628 15 -0.00281159
1629 15 -0.00365306
1630 15 0.0741333
1631 15 0.107462
1644 15 -0.0365913
1645 15 -0.0930329
1646 15 -0.136162
1647 15 -0.231483
1648 15 -0.130678
1649 15 0.117328
15 16 -0.0749512
16 16 0.333033
17 16 -0.0412386
78 16 0.22442
79 16 -0.040917
80 16 0.12442
1626 16 -0.162295
1627 16 -0.14135
1628 16 0.107884
1629 16 -0.0125451
1630 16 -0.165783
1631 16 -0.190725
1644 16 -0.00509366
1645 16 0.0158314
1646 16 0.0291426
1647 16 0.0305876
1648 16 0.0180411
1649 16 -0.0285743
15 17 0.0432244
16 17 -0.0412386
17 17 0.285307
78 17 -0.129978
79 17 0.123619
80 17 0.102233
1626 17 0.111084
1627 17 0.0875156
1628 17 -0.0931177
1629 17 0.00811092
1630 17 -0.0470951
1631 17 -0.0581778
1644 17 -0.0369639
1645 17 -0.114343
1646 17 -0.2065
1647 17 0.00477509
1648 17 -0.00891348
1649 17 -0.0116643
18 18 0.342283
19 18 -0.0749114
20 18 0.0436606
81 18 -0.0681107
82 18 0.22492
83 18 -0.130825
1629 18 0.0126852
1630 18 0.00142715
1631 18 -0.00444028
1632 18 -0.00408596
1633 18 0.0760392
1634 18 0.110258
1647 18 -0.0351499
1648 18 -0.0939283
1649 18 -0.136804
1650 18 -0.230119
1651 18 -0.13386
1652 18 0.117862
18 19 -0.0749114
19 19 0.331013
20 19 -0.0404999
81 19 0.224409
82 19 -0.0347554
83 19 0.122059
1629 19 -0.159994
1630 19 -0.143817
1631 19 0.108097
1632 19 -0.0111058
1633 19 -0.164339
1634 19 -0.189555
1647 19 -0.00579715
1648 19 0.0145645
1649 19 0.0274099
1650 19 0.0271114
1651 19 0.0165897
1652 19 -0.0269414
18 20 0.0436606
19 20 -0.0404999
20 20 0.285129
81 20 -0.131287
82 20 0.121316
83 20 0.102865
1629 20 0.109522
1630 20 0.0890178
1631 20 -0.0931377
1632 20 0.00851924
1633 20 -0.047069
1634 20 -0.058632
1647 20 -0.0351617
1648 20 -0.11479
1649 20 -0.206299
1650 20 0.00516602
1651 20 -0.00866013
1652 20 -0.0118533
21 21 0.344531
22 21 -0.0749788
23 21 0.0438043
84 21 -0.074958
85 21 0.225256
86 21 -0.130985
1632 21 0.0150772
1633 21 0.00381599
1634 21 -0.00621683
1635 21 -0.00419994
1636 21 0.077486
1637 21 0.112757
1650 21 -0.0343029
1651 21 -0.0947395
1652 21 -0.138024
1653 21 -0.228554
1654 21 -0.137212
1655 21 0.118204
21 22 -0.0749788
22 22 0.329253
23 22 -0.0395683
84 22 0.2247
85 22 -0.0295806
86 22 0.119091
1632 22 -0.157789
1633 22 -0.146302
1634 22 0.108352
1635 22 -0.0103283
1636 22 -0.162677
1637 22 -0.188574
1650 22 -0.00629777
1651 22 0.0134667
1652 22 0.0260844
1653 22 0.0239188
1654 22 0.0152721
1655 22 -0.0254124
21 23 0.0438043
22 23 -0.0395683
23 23 0.284642
84 23 -0.13166
85 23 0.118399
86 23 0.104537
1632 23 0.107691
1633 23 0.090381
1634 23 -0.093031
1635 23 0.00873616
1636 23 -0.0473615
1637 23 -0.0596419
1650 23 -0.0340084
1651 23 -0.114489
1652 23 -0.20585
1653 23 0.00615382
1654 23 -0.00800006
1655 23 -0.0124006
24 24 0.338522
25 24 -0.0755054
26 24 0.0419091
96 24 -0.0566555
97 24 0.226822
98 24 -0.125396
1641 24 0.00870228
1642 24 -0.00236474
1643 24 -0.00200683
1644 24 -0.00203492
1645 24 0.0708218
1646 24 0.10475
1656 24 -0.038902
1657 24 -0.0925047
1658 24 -0.137356
1659 24 -0.232135
1660 24 -0.127505
1661 24 0.117797
24 25 -0.0755054
25 25 0.335567
26 25 -0.0410971
96 25 0.226254
97 25 -0.0487873
98 25 0.123572
1641 25 -0.163795
1642 25 -0.140316
1643 25 0.108875
1644 25 -0.016302
1645 25 -0.165204
1646 25 -0.192908
1656 25 -0.0039766
1657 25 0.0175682
1658 25 0.0321626
1659 25 0.0339813
1660 25 0.0195703
1661 25 -0.0303399
24 26 0.0419091
25 26 -0.0410971
26 26 0.284336
96 26 -0.125748
97 26 0.123249
98 26 0.105443
1641 26 0.110564
1642 26 0.0860642
1643 26 -0.0930324
1644 26 0.00696034
1645 26 -0.0481175
1646 26 -0.0601267
1656 26 -0.0394287
1657 26 -0.112175
1658 26 -0.205691
1659 26 0.00634727
1660 26 -0.00795789
1661 26 -0.0126901
27 27 0.34022
28 27 -0.0753573
29 27 0.0425388
99 27 -0.0618513
100 27 0.226335
101 27 -0.127336
1644 27 0.0105418
1645 27 -0.000670223
1646 27 -0.0031644
1647 27 -0.00294748
1648 27 0.0728411
1649 27 0.10707
1659 27 -0.0376511
1660 27 -0.0931597
1661 27 -0.13743
1662 27 -0.231091
1663 27 -0.130647
1664 27 0.117781
27 28 -0.0753573
28 28 0.333686
29 28 -0.0407343
99 28 0.225704
100 28 -0.042886
101 28 0.122793
1644 28 -0.162168
1645 28 -0.142089
1646 28 0.108425
1647 28 -0.0138828
1648 28 -0.164685
1649 28 -0.191666
1659 28 -0.0046984
1660 28 0.0163533
1661 28 0.0302674
1662 28 0.0310496
1663 28 0.0184318
1664 28 -0.0289017
27 29 0.0425388
28 29 -0.0407343
29 29 0.284519
99 29 -0.12793
100 29 0.121988
101 29 0.104736
1644 29 0.109975
1645 29 0.0874478
1646 29 -0.0929299
1647 29 0.00768743
1648 29 -0.0477796
1649 29 -0.0597727
1659 29 -0.0379784
1660 29 -0.112991
1661 29 -0.205778
1662 29 0.00618262
1663 29 -0.00804799
1664 29 -0.0125103
30 30 0.341945
31 30 -0.0752459
32 30 0.0430319
102 30 -0.0673244
103 30 0.225892
104 30 -0.128871
1647 30 0.0123643
1648 30 0.0011162
1649 30 -0.00435213
1650 30 -0.00350183
1651 30 0.0747054
1652 30 0.109612
1662 30 -0.0360632
1663 30 -0.0937489
1664 30 -0.137528
1665 30 -0.230258
1666 30 -0.133227
1667 30 0.117841
30 31 -0.0752459
31 31 0.331929
32 31 -0.0402631
102 31 0.225489
103 31 -0.0373507
104 31 0.121257
1647 31 -0.160284
1648 31 -0.144348
1649 31 0.108382
1650 31 -0.0122854
1651 31 -0.163585
1652 31 -0.190515
1662 31 -0.00537171
1663 31 0.0152821
1664 31 0.0287865
1665 31 0.0280692
1666 31 0.0171404
1667 31 -0.0274077
30 32 0.0430319
31 32 -0.0402631
32 32 0.284551
102 32 -0.129459
103 32 0.120487
104 32 0.104673
1647 32 0.108699
1648 32 0.0887576
1649 32 -0.0927509
1650 32 0.00814051
1651 32 -0.0476644
1652 32 -0.0599154
1662 32 -0.036169
1663 32 -0.113695
1664 32 -0.205946
1665 32 0.00598726
1666 32 -0.00814089
1667 32 -0.012379
33 33 0.80827
34 33 0.010336
35 33 -0.0713527
36 33 0.0315067
37 33 0.0163169
38 33 0.204345
51 33 -0.00938733
52 33 -0.206108
53 33 -0.0835971
129 33 -0.0221587
130 33 0.192285
131 33 -0.120475
1608 33 0.00623338
1609 33 -0.165032
1610 33 0.114329
1668 33 -0.00921943
1669 33 0.193094
1670 33 0.0886826
1683 33 -0.0552204
1684 33 -0.0205157
1685 33 -0.239391
1686 33 -0.732173
1687 33 -0.0189215
1688 33 0.109628
33 34 0.010336
34 34 0.296316
35 34 -0.00257232
36 34 -0.00214187
37 34 0.0859423
38 34 -0.0105665
51 34 -0.0310522
52 34 -0.0604302
53 34 -0.0650374
129 34 0.0312313
130 34 -0.0265136
131 34 0.0751547
1608 34 -0.00433049
1609 34 -0.138162
1610 34 0.0863411
1668 34 0.0169348
1669 34 -0.155382
1670 34 -0.0667992
1683 34 -0.00490804
1684 34 -0.0186454
1685 34 -0.0187233
1686 34 -0.0168144
1687 34 0.0347152
1688 34 0.00202777
33 35 -0.0713527
34 35 -0.00257232
35 35 0.30585
36 35 0.00861329
37 35 -0.0174784
38 35 -0.117396
51 35 0.000604455
52 35 -0.0388336
53 35 0.0687524
129 35 -0.00797107
130 35 0.0550996
131 35 0.0490009
1608 35 0.000135857
1609 35 0.106011
1610 35 -0.0927174
1668 35 0.00663518
1669 35 -0.0934816
1670 35 -0.0619093
1683 35 -0.0440794
1684 35 -0.0119525
1685 35 -0.152963
1686 35 0.107061
1687 35 0.00287191
1688 35 0.0191687
33 36 0.0315067
34 36 -0.00214187
35 36 0.00861329
36 36 0.905286
37 36 0.00626587
38 36 0.000503182
39 36 0.0315738
40 36 0.0161541
41 36 0.204241
54 36 -0.011376
55 36 -0.235465
56 36 -0.0816395
132 36 -0.0466849
133 36 0.209566
134 36 -0.124304
1608 36 -0.0186039
1609 36 0.00378364
1610 36 0.00930442
1611 36 -0.00182834
1612 36 -0.157566
1613 36 0.107312
1668 36 0.000972484
1669 36 0.0285356
1670 36 -0.00158377
1671 36 -0.0125992
1672 36 0.194472
1673 36 0.0891833
1686 36 -0.129923
1687 36 -0.0330233
1688 36 -0.318207
1689 36 -0.731579
1690 36 -0.0313833
1691 36 0.108311
33 37 0.0163169
34 37 0.0859423
35 37 -0.0174784
36 37 0.00626587
37 37 0.733933
38 37 0.0136495
39 37 -0.00317269
40 37 0.0860412
41 37 -0.00864772
54 37 -0.236779
55 37 -0.12716
56 37 -0.102417
132 37 0.0852098
133 37 -0.0600723
134 37 0.0569687
1608 37 0.194971
1609 37 -0.263065
1610 37 -0.100947
1611 37 0.0204317
1612 37 -0.219885
1613 37 0.228526
1668 37 -0.0433634
1669 37 -0.126817
1670 37 0.0588126
1671 37 0.0193649
1672 37 -0.153195
1673 37 -0.0658126
1686 37 -0.0347095
1687 37 0.0288768
1688 37 -0.0657324
1689 37 -0.0257853
1690 37 0.0341493
1691 37 0.00340527
33 38 0.204345
34 38 -0.0105665
35 38 -0.117396
36 38 0.000503182
37 38 0.0136495
38 38 0.901246
39 38 0.00869097
40 38 -0.0175935
41 38 -0.117619
54 38 -0.0801195
55 38 -0.103792
56 38 0.13853
132 38 -0.118104
133 38 0.120974
134 38 0.106466
1608 38 0.0938281
1609 38 -0.191744
1610 38 -0.0590633
1611 38 -0.00385135
1612 38 0.127146
1613 38 -0.115733
1668 38 0.0966126
1669 38 0.213788
1670 38 -0.100065
1671 38 0.00821413
1672 38 -0.0934789
1673 38 -0.0618888
1686 38 -0.318659
1687 38 -0.0611514
1688 38 -0.575101
1689 38 0.107656
1690 38 0.00431144
1691 38 0.0190757
36 39 0.0315738
37 39 -0.00317269
38 39 0.00869097
39 39 0.904227
40 39 0.0108567
41 39 -0.00107392
42 39 0.0325204
43 39 0.0149054
44 39 0.20404
57 39 -0.00414152
58 39 -0.233848
59 39 -0.0792882
135 39 -0.0518014
136 39 0.20858
137 39 -0.126186
1611 39 -0.0216264
1612 39 0.00747465
1613 39 0.010784
1614 39 0.00054701
1615 39 -0.153912
1616 39 0.103545
1671 39 0.000225716
1672 39 0.0299625
1673 39 -0.00175237
1674 39 -0.0158594
1675 39 0.196473
1676 39 0.0902181
1689 39 -0.12809
1690 39 -0.0351498
1691 39 -0.31649
1692 39 -0.729595
1693 39 -0.0451723
1694 39 0.109895
36 40 0.0161541
37 40 0.0860412
38 40 -0.0175935
39 40 0.0108567
40 40 0.732989
41 40 0.0153942
42 40 -0.00408417
43 40 0.0862184
44 40 -0.00539791
57 40 -0.234981
58 40 -0.134876
59 40 -0.103199
135 40 0.0843987
136 40 -0.0531549
137 40 0.0565002
1611 40 0.197596
1612 40 -0.261499
1613 40 -0.0998439
1614 40 0.0244844
1615 40 -0.221808
1616 40 0.229997
1671 40 -0.0409641
1672 40 -0.125253
1673 40 0.0576888
1674 40 0.0214505
1675 40 -0.149882
1676 40 -0.0645734
1689 40 -0.0377815
1690 40 0.0263601
1691 40 -0.0739191
1692 40 -0.0384983
1693 40 0.0324158
1694 40 0.00555519
36 41 0.204241
37 41 -0.00864772
38 41 -0.117619
39 41 -0.00107392
40 41 0.0153942
41 41 0.90325
42 41 0.00828191
43 41 -0.0173671
44 41 -0.117974
57 41 -0.0781929
58 41 -0.104204
59 41 0.139015
135 41 -0.122379
136 41 0.11912
137 41 0.105006
1611 41 0.0956625
1612 41 -0.190627
1613 41 -0.0582042
1614 41 -0.00618702
1615 41 0.12756
1616 41 -0.116166
1671 41 0.0954945
1672 41 0.214536
1673 41 -0.100014
1674 41 0.00957066
1675 41 -0.0933957
1676 41 -0.0619808
1689 41 -0.316112
1690 41 -0.0682083
1691 41 -0.575522
1692 41 0.108689
1693 41 0.00599915
1694 41 0.0186052
39 42 0.0325204
40 42 -0.00408417
41 42 0.00828191
42 42 0.903707
43 42 0.0135126
44 42 -0.00117536
45 42 0.0332725
46 42 0.0132288
47 42 0.203351
60 42 0.0026518
61 42 -0.23206
62 42 -0.0772768
138 42 -0.0580928
139 42 0.208824
140 42 -0.126866
1614 42 -0.0244159
1615 42 0.0102438
1616 42 0.0121263
1617 42 0.0022509
1618 42 -0.149966
1619 42 0.0986121
1674 42 0.000867839
1675 42 0.0331848
1676 42 -0.00322894
1677 42 -0.0185672
1678 42 0.197856
1679 42 0.0915002
1692 42 -0.130411
1693 42 -0.0389272
1694 42 -0.317524
1695 42 -0.726748
1696 42 -0.0566946
1697 42 0.115107
39 43 0.0149054
40 43 0.0862184
41 43 -0.0173671
42 43 0.0135126
43 43 0.733284
44 43 0.0149164
45 43 -0.00448429
46 43 0.0864417
47 43 -0.00164852
60 43 -0.232998
61 43 -0.141981
62 43 -0.104164
138 43 0.0851058
139 43 -0.0485494
140 43 0.0537432
1614 43 0.200952
1615 43 -0.257822
1616 43 -0.100009
1617 43 0.0279728
1618 43 -0.225048
1619 43 0.230918
1674 43 -0.0389465
1675 43 -0.125814
1676 43 0.0578994
1677 43 0.022992
1678 43 -0.146025
1679 43 -0.0635121
1692 43 -0.040251
1693 43 0.0252858
1694 43 -0.0777976
1695 43 -0.0505062
1696 43 0.0310109
1697 43 0.00774172
39 44 0.20404
40 44 -0.00539791
41 44 -0.117974
42 44 -0.00117536
43 44 0.0149164
44 44 0.903475
45 44 0.0078138
46 44 -0.016888
47 44 -0.119182
60 44 -0.0764756
61 44 -0.10467
62 44 0.139328
138 44 -0.123365
139 44 0.115798
140 44 0.106122
1614 44 0.099061
1615 44 -0.189611
1616 44 -0.0586764
1617 44 -0.00807033
1618 44 0.12833
1619 44 -0.115788
1674 44 0.0916712
1675 44 0.215676
1676 44 -0.100062
1677 44 0.0106999
1678 44 -0.094457
1679 44 -0.0629016
1692 44 -0.316109
1693 44 -0.0740741
1694 44 -0.572881
1695 44 0.112597
1696 44 0.00827433
1697 44 0.0177506
42 45 0.0332725
43 45 -0.00448429
44 45 0.0078138
45 45 0.407845
46 45 0.0278291
47 45 0.212041
63 45 0.00385611
64 45 -0.15134
65 45 0.00708142
141 45 -0.0391043
142 45 0.155087
143 45 -0.0145257
1617 45 -0.00523238
1618 45 -0.00875602
1619 45 0.00922284
1677 45 0.00103399
1678 45 0.0353617
1679 45 -0.0041492
1695 45 -0.132619
1696 45 -0.040985
1697 45 -0.318133
1698 45 -0.251776
1699 45 -0.016002
1700 45 0.103434
42 46 0.0132288
43 46 0.0864417
44 46 -0.016888
45 46 0.0278291
46 46 0.303238
47 46 0.0528991
63 46 -0.0795033
64 46 -0.0736633
65 46 0.0270277
141 46 0.0674171
142 46 -0.0121967
143 46 -0.010606
1617 46 0.0777568
1618 46 -0.164655
1619 46 -0.0456281
1677 46 -0.0366998
1678 46 -0.126758
1679 46 0.0581334
1695 46 -0.041681
1696 46 0.0245648
1697 46 -0.0793172
1698 46 -0.0286823
1699 46 -0.0191808
1700 46 0.0145552
42 47 0.203351
43 47 -0.00164852
44 47 -0.119182
45 47 0.212041
46 47 0.0528991
47 47 0.699354
63 47 -0.0830009
64 47 -0.132279
65 47 0.0696137
141 47 -0.120901
142 47 0.129721
143 47 0.0513452
1617 47 0.111775
1618 47 -0.188718
1619 47 -0.056623
1677 47 0.0873306
1678 47 0.216867
1679 47 -0.100112
1695 47 -0.318186
1696 47 -0.0778073
1697 47 -0.569961
1698 47 -0.0937776
1699 47 -0.00443922
1700 47 0.0466988
48 48 0.843367
49 48 -0.0107211
50 48 -0.0584092
51 48 0.033763
52 48 0.0155467
53 48 0.20154
69 48 -0.0133263
70 48 -0.207324
71 48 -0.0843705
150 48 -0.0434402
151 48 0.226643
152 48 -0.122447
1620 48 0.00540994
1621 48 -0.166288
1622 48 0.112652
1680 48 0.00403255
1681 48 -0.00630615
1682 48 0.0010295
1683 48 -0.0126076
1684 48 0.187238
1685 48 0.0903529
1704 48 -0.0737755
1705 48 -0.0294974
1706 48 -0.261349
1707 48 -0.728145
1708 48 -0.00824083
1709 48 0.121261
48 49 -0.0107211
49 49 0.535854
50 49 -0.0805536
51 49 -0.00157248
52 49 0.085907
53 49 -0.0126004
69 49 -0.0324249
70 49 -0.0562023
71 49 -0.0638126
150 49 0.225565
151 49 -0.0614189
152 49 0.126807
1620 49 -0.00517536
1621 49 -0.13664
1622 49 0.0840839
1680 49 -0.166996
1681 49 -0.13528
1682 49 0.109462
1683 49 -0.00476537
1684 49 -0.264969
1685 49 -0.195501
1704 49 0.00303502
1705 49 0.0148267
1706 49 0.0311124
1707 49 -0.00526804
1708 49 0.0347133
1709 49 0.000944788
48 50 -0.0584092
49 50 -0.0805536
50 50 0.483226
51 50 0.00656544
52 50 -0.0163422
53 50 -0.121771
69 50 0.00121901
70 50 -0.0354593
71 50 0.0697072
150 50 -0.122419
151 50 0.127992
152 50 0.104866
1620 50 0.000189375
1621 50 0.108922
1622 50 -0.093489
1680 50 0.112999
1681 50 0.0832483
1682 50 -0.0938958
1683 50 0.0062254
1684 50 -0.105368
1685 50 -0.0627572
1704 50 -0.067642
1705 50 -0.0819503
1706 50 -0.282502
1707 50 0.121734
1708 50 0.00120756
1709 50 0.015421
33 51 -0.00938733
34 51 -0.0310522
35 51 0.000604455
48 51 0.033763
49 51 -0.00157248
50 51 0.00656544
51 51 0.999764
52 51 0.00557344
53 51 0.0538056
54 51 0.0666351
55 51 0.0150186
56 51 0.209903
72 51 -0.0199793
73 51 -0.237654
74 51 -0.0838053
153 51 -0.0469001
154 51 0.225502
155 51 -0.125667
1608 51 -0.0677128
1609 51 0.000210644
1610 51 -0.0620102
1620 51 -0.014639
1621 51 -0.00191664
1622 51 0.00738137
1623 51 -0.0124634
1624 51 -0.138451
1625 51 0.106038
1683 51 -0.0135069
1684 51 0.0216647
1685 51 -0.00629207
1686 51 -0.0311859
1687 51 0.18984
1688 51 0.100027
1707 51 -0.138817
1708 51 -0.0282406
1709 51 -0.320817
1710 51 -0.729645
1711 51 -0.0184222
1712 51 0.11581
33 52 -0.206108
34 52 -0.0604302
35 52 -0.0388336
48 52 0.0155467
49 52 0.085907
50 52 -0.0163422
51 52 0.00557344
52 52 1.30891
53 52 0.0812617
54 52 0.0112872
55 52 0.172223
56 52 -0.0270579
72 52 -0.238823
73 52 -0.118376
74 52 -0.100328
153 52 0.224088
154 52 -0.055059
155 52 0.128005
1608 52 -0.032073
1609 52 0.0137572
1610 52 -0.086039
1620 52 0.189436
1621 52 -0.263584
1622 52 -0.105304
1623 52 0.0244856
1624 52 -0.303159
1625 52 0.246251
1683 52 -0.14176
1684 52 -0.301386
1685 52 0.268495
1686 52 0.194521
1687 52 -0.525513
1688 52 -0.294823
1707 52 -0.0311865
1708 52 0.029592
1709 52 -0.0577482
1710 52 -0.0148133
1711 52 0.0341739
1712 52 0.00227928
33 53 -0.0835971
34 53 -0.0650374
35 53 0.0687524
48 53 0.20154
49 53 -0.0126004
50 53 -0.121771
51 53 0.0538056
52 53 0.0812617
53 53 1.36182
54 53 0.210783
55 53 -0.0245554
56 53 -0.238885
72 53 -0.0815611
73 53 -0.102237
74 53 0.138525
153 53 -0.126274
154 53 0.128555
155 53 0.101965
1608 53 -0.258857
1609 53 0.0230926
1610 53 -0.286917
1620 53 0.0918305
1621 53 -0.194502
1622 53 -0.0626459
1623 53 -0.00845147
1624 53 0.268016
1625 53 -0.134956
1683 53 0.108319
1684 53 0.245222
1685 53 -0.134972
1686 53 0.103076
1687 53 -0.296754
1688 53 -0.121518
1707 53 -0.326967
1708 53 -0.0527598
1709 53 -0.568534
1710 53 0.114797
1711 53 0.00272117
1712 53 0.0176091
0 54 -0.0542472
1 54 0.223455
2 54 -0.129842
36 54 -0.011376
37 54 -0.236779
38 54 -0.0801195
51 54 0.0666351
52 54 0.0112872
53 54 0.210783
54 54 1.82663
55 54 -0.00105077
56 54 0.00115485
57 54 0.0656651
58 54 0.0143334
59 54 0.210903
75 54 -0.013273
76 54 -0.235976
77 54 -0.0821707
156 54 -0.0539621
157 54 0.225322
158 54 -0.12754
1608 54 -0.730557
1609 54 -0.0214924
1610 54 0.111091
1611 54 -0.132453
1612 54 -0.0370922
1613 54 -0.319487
1623 54 -0.0331433
1624 54 0.197182
1625 54 0.104888
1626 54 -0.00419186
1627 54 -0.13862
1628 54 0.103073
1686 54 -0.00564655
1687 54 -0.137839
1688 54 0.102053
1689 54 -0.0372973
1690 54 0.197053
1691 54 0.103955
1710 54 -0.135149
1711 54 -0.0313098
1712 54 -0.320422
1713 54 -0.729947
1714 54 -0.0305269
1715 54 0.11297
0 55 0.224175
1 55 -0.0457625
2 55 0.126965
36 55 -0.235465
37 55 -0.12716
38 55 -0.103792
51 55 0.0150186
52 55 0.172223
53 55 -0.0245554
54 55 -0.00105077
55 55 1.82783
56 55 -0.00148709
57 55 0.0101664
58 55 0.172445
59 55 -0.0254644
75 55 -0.237269
76 55 -0.125379
77 55 -0.101832
156 55 0.2249
157 55 -0.0474235
158 55 0.125269
1608 55 -0.0244165
1609 55 0.0340846
1610 55 0.00347712
1611 55 -0.0342173
1612 55 0.0271831
1613 55 -0.0651442
1623 55 0.1921
1624 55 -0.522973
1625 55 -0.296839
1626 55 -0.134579
1627 55 -0.444027
1628 55 0.355858
1686 55 -0.142177
1687 55 -0.444741
1688 55 0.356821
1689 55 0.201348
1690 55 -0.520805
1691 55 -0.292673
1710 55 -0.0339801
1711 55 0.0293396
1712 55 -0.0626593
1713 55 -0.024784
1714 55 0.0337813
1715 55 0.00382085
0 56 -0.129718
1 56 0.127722
2 56 0.10001
36 56 -0.0816395
37 56 -0.102417
38 56 0.13853
51 56 0.209903
52 56 -0.0270579
53 56 -0.238885
54 56 0.00115485
55 56 -0.00148709
56 56 1.82408
57 56 0.211293
58 56 -0.0223488
59 56 -0.238146
75 56 -0.080153
76 56 -0.103436
77 56 0.138641
156 56 -0.12876
157 56 0.126057
158 56 0.101662
1608 56 0.112346
1609 56 0.00322182
1610 56 0.0184625
1611 56 -0.317966
1612 56 -0.0707563
1613 56 -0.572718
1623 56 0.101426
1624 56 -0.294318
1625 56 -0.12187
1626 56 0.100003
1627 56 0.355945
1628 56 -0.229781
1686 56 0.104045
1687 56 0.355942
1688 56 -0.228963
1689 56 0.107417
1690 56 -0.292953
1691 56 -0.119568
1710 56 -0.322496
1711 56 -0.056817
1712 56 -0.571115
1713 56 0.112356
1714 56 0.00432536
1715 56 0.0181716
3 57 -0.060951
4 57 0.222759
5 57 -0.132667
39 57 -0.00414152
40 57 -0.234981
41 57 -0.0781929
54 57 0.0656651
55 57 0.0101664
56 57 0.211293
57 57 1.82618
58 57 4.21538e-16
59 57 2.63678e-16
60 57 0.0660497
61 57 0.0123231
62 57 0.211058
78 57 -0.00604183
79 57 -0.23421
80 57 -0.0803532
159 57 -0.0604105
160 57 0.224075
161 57 -0.130683
1611 57 -0.729808
1612 57 -0.0294424
1613 57 0.111153
1614 57 -0.132055
1615 57 -0.0396328
1616 57 -0.318144
1626 57 -0.0390254
1627 57 0.205107
1628 57 0.108706
1629 57 -4.07244e-05
1630 57 -0.131699
1631 57 0.097609
1689 57 -0.00252322
1690 57 -0.131712
1691 57 0.0975578
1692 57 -0.0438805
1693 57 0.204327
1694 57 0.108322
1713 57 -0.132824
1714 57 -0.0337499
1715 57 -0.318502
1716 57 -0.728734
1717 57 -0.0431557
1718 57 0.113688
3 58 0.223655
4 58 -0.0383374
5 58 0.125201
39 58 -0.233848
40 58 -0.134876
41 58 -0.104204
54 58 0.0143334
55 58 0.172445
56 58 -0.0223488
57 58 4.16334e-16
58 58 1.82618
59 58 9.99201e-16
60 58 0.00882738
61 58 0.1728
62 58 -0.0224596
78 58 -0.235533
79 58 -0.132813
80 58 -0.103054
159 58 0.222687
160 58 -0.0391702
161 58 0.12666
1611 58 -0.0358171
1612 58 0.0333919
1613 58 0.00510696
1614 58 -0.0375751
1615 58 0.0258457
1616 58 -0.0713002
1626 58 0.199236
1627 58 -0.518973
1628 58 -0.293272
1629 58 -0.127379
1630 58 -0.447126
1631 58 0.357178
1689 58 -0.136025
1690 58 -0.44563
1691 58 0.355857
1692 58 0.211603
1693 58 -0.514933
1694 58 -0.291727
1713 58 -0.037204
1714 58 0.027282
1715 58 -0.0709589
1716 58 -0.0363579
1717 58 0.0327155
1718 58 0.00563608
3 59 -0.131965
4 59 0.126365
5 59 0.0992854
39 59 -0.0792882
40 59 -0.103199
41 59 0.139015
54 59 0.210903
55 59 -0.0254644
56 59 -0.238146
57 59 4.57967e-16
58 59 9.57567e-16
59 59 1.82618
60 59 0.210767
61 59 -0.0189322
62 59 -0.238874
78 59 -0.0783393
79 59 -0.104144
80 59 0.138847
159 59 -0.133132
160 59 0.124911
161 59 0.0995664
1611 59 0.112408
1612 59 0.00442817
1613 59 0.0184283
1614 59 -0.318061
1615 59 -0.0759201
1616 59 -0.571791
1626 59 0.105057
1627 59 -0.292202
1628 59 -0.119985
1629 59 0.0947248
1630 59 0.358343
1631 59 -0.23083
1689 59 0.101156
1690 59 0.357219
1691 59 -0.229841
1692 59 0.111763
1693 59 -0.290045
1694 59 -0.119157
1713 59 -0.319507
1714 59 -0.0640856
1715 59 -0.572433
1716 59 0.112392
1717 59 0.0061299
1718 59 0.0180339
6 60 -0.0681123
7 60 0.223571
8 60 -0.133414
42 60 0.0026518
43 60 -0.232998
44 60 -0.0764756
57 60 0.0660497
58 60 0.00882738
59 60 0.210767
60 60 1.82605
61 60 -0.000245614
62 60 -0.000670121
63 60 0.0675793
64 60 0.00964716
65 60 0.210245
81 60 0.000669759
82 60 -0.232357
83 60 -0.0784435
162 60 -0.0693794
163 60 0.223894
164 60 -0.131892
1614 60 -0.726493
1615 60 -0.0429981
1616 60 0.113867
1617 60 -0.134187
1618 60 -0.0410346
1619 60 -0.318761
1629 60 -0.0451378
1630 60 0.211465
1631 60 0.11246
1632 60 0.00422374
1633 60 -0.12349
1634 60 0.090746
1692 60 0.00241831
1693 60 -0.123257
1694 60 0.0911289
1695 60 -0.0494031
1696 60 0.210575
1697 60 0.113207
1716 60 -0.133077
1717 60 -0.0367366
1718 60 -0.319173
1719 60 -0.726336
1720 60 -0.055053
1721 60 0.117133
6 61 0.223792
7 61 -0.03243
8 61 0.122279
42 61 -0.23206
43 61 -0.141981
44 61 -0.10467
57 61 0.0123231
58 61 0.1728
59 61 -0.0189322
60 61 -0.000245614
61 61 1.82654
62 61 0.00023707
63 61 0.00719326
64 61 0.173178
65 61 -0.018111
81 61 -0.233649
82 61 -0.139642
83 61 -0.104282
162 61 0.223269
163 61 -0.0316787
164 61 0.123106
1614 61 -0.0478314
1615 61 0.0327007
1616 61 0.00673649
1617 61 -0.0398529
1618 61 0.02528
1619 61 -0.07495
1629 61 0.206126
1630 61 -0.512385
1631 61 -0.291483
1632 61 -0.120503
1633 61 -0.452389
1634 61 0.35832
1692 61 -0.12736
1693 61 -0.450453
1694 61 0.358387
1695 61 0.216683
1696 61 -0.507288
1697 61 -0.291953
1716 61 -0.0392593
1717 61 0.0261802
1718 61 -0.0749597
1719 61 -0.0486467
1720 61 0.0312516
1721 61 0.00771592
6 62 -0.13279
7 62 0.122177
8 62 0.100982
42 62 -0.0772768
43 62 -0.104164
44 62 0.139328
57 62 0.211058
58 62 -0.0224596
59 62 -0.238874
60 62 -0.000670121
61 62 0.00023707
62 62 1.82594
63 62 0.209553
64 62 -0.0151613
65 62 -0.240766
81 62 -0.0769928
82 62 -0.10485
83 62 0.13897
162 62 -0.134237
163 62 0.121528
164 62 0.101049
1614 62 0.115774
1615 62 0.00720947
1616 62 0.0174756
1617 62 -0.319033
1618 62 -0.0770591
1619 62 -0.569387
1629 62 0.110008
1630 62 -0.292563
1631 62 -0.121233
1632 62 0.0890741
1633 62 0.359758
1634 62 -0.229843
1692 62 0.0939879
1693 62 0.358427
1694 62 -0.229965
1695 62 0.116035
1696 62 -0.289754
1697 62 -0.121292
1716 62 -0.318612
1717 62 -0.0694307
1718 62 -0.571095
1719 62 0.114824
1720 62 0.00807532
1721 62 0.0170984
45 63 0.00385611
46 63 -0.0795033
47 63 -0.0830009
60 63 0.0675793
61 63 0.00719326
62 63 0.209553
63 63 1.28532
64 63 0.0527259
65 63 -0.162804
66 63 0.0361788
67 63 0.0112276
68 63 0.201943
84 63 0.00588778
85 63 -0.2308
86 63 -0.077104
165 63 -0.0777513
166 63 0.223943
167 63 -0.131791
1617 63 -0.361931
1618 63 0.0188558
1619 63 -0.0471196
1632 63 -0.0455225
1633 63 0.137042
1634 63 0.00328863
1635 63 0.00426744
1636 63 -0.147417
1637 63 0.0941121
1695 63 0.00685397
1696 63 -0.11573
1697 63 0.08515
1698 63 -0.0488938
1699 63 0.22425
1700 63 0.108686
1719 63 -0.135175
1720 63 -0.0388909
1721 63 -0.320497
1722 63 -0.723378
1723 63 -0.0650607
1724 63 0.122447
45 64 -0.15134
46 64 -0.0736633
47 64 -0.132279
60 64 0.00964716
61 64 0.173178
62 64 -0.0151613
63 64 0.0527259
64 64 1.29836
65 64 -0.0671963
66 64 -0.00522106
67 64 0.0866036
68 64 0.00178047
84 64 -0.231987
85 64 -0.14493
86 64 -0.105127
165 64 0.224396
166 64 -0.0258782
167 64 0.118884
1617 64 -0.0742075
1618 64 0.0159464
1619 64 0.0234552
1632 64 0.221753
1633 64 -0.34188
1634 64 -0.103619
1635 64 0.0324565
1636 64 -0.228916
1637 64 0.230428
1695 64 -0.118305
1696 64 -0.45568
1697 64 0.360315
1698 64 0.13917
1699 64 -0.337572
1700 64 -0.246684
1719 64 -0.0406717
1720 64 0.0254639
1721 64 -0.0768862
1722 64 -0.0586183
1723 64 0.02974
1724 64 0.0096972
45 65 0.00708142
46 65 0.0270277
47 65 0.0696137
60 65 0.210245
61 65 -0.018111
62 65 -0.240766
63 65 -0.162804
64 65 -0.0671963
65 65 1.08681
66 65 0.00594558
67 65 -0.0155307
68 65 -0.121063
84 65 -0.0758193
85 65 -0.10555
86 65 0.139041
165 65 -0.134045
166 65 0.117963
167 65 0.103632
1617 65 0.163356
1618 65 -0.0162515
1619 65 0.0090599
1632 65 0.105712
1633 65 -0.246464
1634 65 -0.0652173
1635 65 -0.0102626
1636 65 0.129022
1637 65 -0.114019
1695 65 0.0865383
1696 65 0.359288
1697 65 -0.229185
1698 65 0.00431777
1699 65 -0.104022
1700 65 -0.0657449
1719 65 -0.319777
1720 65 -0.0729958
1721 65 -0.568293
1722 65 0.118322
1723 65 0.00992231
1724 65 0.0156601
63 66 0.0361788
64 66 -0.00522106
65 66 0.00594558
66 66 0.563523
67 66 -0.0516851
68 66 0.162833
87 66 0.00466545
88 66 -0.152401
89 66 0.00628652
168 66 -0.0865767
169 66 0.224447
170 66 -0.130486
1635 66 -0.00435334
1636 66 -0.00965605
1637 66 0.00890136
1698 66 0.00601738
1699 66 0.0365666
1700 66 -0.0124089
1701 66 -0.0037589
1702 66 0.0795319
1703 66 0.115572
1722 66 -0.139859
1723 66 -0.0406902
1724 66 -0.324333
1725 66 -0.358808
1726 66 -0.0821174
1727 66 0.168596
63 67 0.0112276
64 67 0.0866036
65 67 -0.0155307
66 67 -0.0516851
67 67 0.54337
68 67 0.0691991
87 67 -0.0782037
88 67 -0.0753474
89 67 0.0263957
168 67 0.225456
169 67 -0.0205781
170 67 0.113603
1635 67 0.0781804
1636 67 -0.162251
1637 67 -0.0471592
1698 67 -0.143961
1699 67 -0.230641
1700 67 0.129472
1701 67 -0.00958982
1702 67 -0.160538
1703 67 -0.1864
1722 67 -0.042163
1723 67 0.0249467
1724 67 -0.0785077
1725 67 0.0101497
1726 67 0.0139071
1727 67 -0.0127962
63 68 0.201943
64 68 0.00178047
65 68 -0.121063
66 68 0.162833
67 68 0.0691991
68 68 0.755554
87 68 -0.0822995
88 68 -0.131814
89 68 0.0689516
168 68 -0.132204
169 68 0.113449
170 68 0.108323
1635 68 0.113822
1636 68 -0.188087
1637 68 -0.0596471
1698 68 0.0905632
1699 68 0.231301
1700 68 -0.114017
1701 68 0.00872034
1702 68 -0.0482437
1703 68 -0.0614724
1722 68 -0.321903
1723 68 -0.0748091
1724 68 -0.56309
1725 68 -0.0411807
1726 68 0.0241777
1727 68 0.00640844
48 69 -0.0133263
49 69 -0.0324249
50 69 0.00121901
69 69 0.922635
70 69 -0.000196634
71 69 -0.000354377
72 69 0.0724124
73 69 0.0141036
74 69 0.205434
90 69 -0.0133727
91 69 -0.207305
92 69 -0.0849813
177 69 -0.0460278
178 69 0.227993
179 69 -0.120619
1620 69 -0.0726369
1621 69 0.00219858
1622 69 -0.0659811
1638 69 -0.00346331
1639 69 -0.142144
1640 69 0.109452
1704 69 -0.00424762
1705 69 -0.00137214
1706 69 -0.00296068
1707 69 -0.0234182
1708 69 0.179598
1709 69 0.0968973
1728 69 -0.0753511
1729 69 -0.0289424
1730 69 -0.263013
1731 69 -0.726677
1732 69 -0.00987897
1733 69 0.126971
48 70 -0.207324
49 70 -0.0562023
50 70 -0.0354593
69 70 -0.000196634
70 70 0.922133
71 70 -0.000128453
72 70 0.0114588
73 70 0.172233
74 70 -0.026833
90 70 -0.0327439
91 70 -0.0561786
92 70 -0.0644068
177 70 0.226913
178 70 -0.0614339
179 70 0.124238
1620 70 -0.0308416
1621 70 0.0146795
1622 70 -0.0832101
1638 70 -0.000205794
1639 70 -0.221293
1640 70 0.104927
1704 70 -0.143583
1705 70 -0.220571
1706 70 0.248728
1707 70 0.181718
1708 70 -0.526105
1709 70 -0.302107
1728 70 0.00337135
1729 70 0.01484
1730 70 0.0319217
1731 70 -0.00759846
1732 70 0.0345351
1733 70 0.00133291
48 71 -0.0843705
49 71 -0.0638126
50 71 0.0697072
69 71 -0.000354377
70 71 -0.000128453
71 71 0.921703
72 71 0.206632
73 71 -0.0250876
74 71 -0.244657
90 71 0.0014712
91 71 -0.0345409
92 71 0.0694164
177 71 -0.121006
178 71 0.125716
179 71 0.107471
1620 71 -0.261625
1621 71 0.0289596
1622 71 -0.282668
1638 71 -0.00433622
1639 71 0.248588
1640 71 -0.113668
1704 71 0.109924
1705 71 0.103852
1706 71 -0.113498
1707 71 0.0980416
1708 71 -0.303099
1709 71 -0.12849
1728 71 -0.0681744
1729 71 -0.0808946
1730 71 -0.281013
1731 71 0.125713
1732 71 0.00121342
1733 71 0.0140626
9 72 -0.0509177
10 72 0.225544
11 72 -0.125333
51 72 -0.0199793
52 72 -0.238823
53 72 -0.0815611
69 72 0.0724124
70 72 0.0114588
71 72 0.206632
72 72 1.82619
73 72 -0.00011184
74 72 -1.22969e-05
75 72 0.0699703
76 72 0.0137523
77 72 0.207333
93 72 -0.0212241
94 72 -0.238285
95 72 -0.0828928
180 72 -0.049164
181 72 0.227218
182 72 -0.122987
1620 72 -0.728057
1621 72 -0.0116601
1622 72 0.121343
1623 72 -0.13973
1624 72 -0.0326082
1625 72 -0.326364
1638 72 -0.0260661
1639 72 0.186219
1640 72 0.10041
1641 72 -0.00578112
1642 72 -0.141237
1643 72 0.104391
1707 72 -0.00806456
1708 72 -0.141447
1709 72 0.104054
1710 72 -0.0290737
1711 72 0.186146
1712 72 0.100195
1731 72 -0.144399
1732 72 -0.0274168
1733 72 -0.324806
1734 72 -0.727908
1735 72 -0.0187941
1736 72 0.121343
9 73 0.226329
10 73 -0.0532595
11 73 0.125659
51 73 -0.237654
52 73 -0.118376
53 73 -0.102237
69 73 0.0141036
70 73 0.172233
71 73 -0.0250876
72 73 -0.00011184
73 73 1.82627
74 73 0.000645365
75 73 0.0105096
76 73 0.172423
77 73 -0.0255417
93 73 -0.239011
94 73 -0.118114
95 73 -0.0996142
180 73 0.225746
181 73 -0.0561516
182 73 0.125449
1620 73 -0.0145052
1621 73 0.0345486
1622 73 0.00227503
1623 73 -0.0302949
1624 73 0.0291115
1625 73 -0.0563332
1638 73 0.182694
1639 73 -0.524454
1640 73 -0.301799
1641 73 -0.137775
1642 73 -0.445078
1643 73 0.354135
1707 73 -0.145209
1708 73 -0.443496
1709 73 0.353442
1710 73 0.19098
1711 73 -0.522997
1712 73 -0.299736
1731 73 -0.0305964
1732 73 0.030091
1733 73 -0.0556514
1734 73 -0.0148066
1735 73 0.0344054
1736 73 0.0024936
9 74 -0.124949
10 74 0.125923
11 74 0.104177
51 74 -0.0838053
52 74 -0.100328
53 74 0.138525
69 74 0.205434
70 74 -0.026833
71 74 -0.244657
72 74 -1.22969e-05
73 74 0.000645365
74 74 1.82608
75 74 0.208533
76 74 -0.0230221
77 74 -0.242413
93 74 -0.0812196
94 74 -0.10116
95 74 0.13933
180 74 -0.124264
181 74 0.12565
182 74 0.10532
1620 74 0.121161
1621 74 0.00188431
1622 74 0.0154971
1623 74 -0.321953
1624 74 -0.0604825
1625 74 -0.56737
1638 74 0.0983089
1639 74 -0.300653
1640 74 -0.127485
1641 74 0.101741
1642 74 0.354891
1643 74 -0.227145
1707 74 0.107386
1708 74 0.35336
1709 74 -0.225937
1710 74 0.103091
1711 74 -0.299943
1712 74 -0.126412
1731 74 -0.330108
1732 74 -0.0503223
1733 74 -0.563663
1734 74 0.121142
1735 74 0.00284731
1736 74 0.015496
12 75 -0.055369
13 75 0.224918
14 75 -0.127674
54 75 -0.013273
55 75 -0.237269
56 75 -0.080153
72 75 0.0699703
73 75 0.0105096
74 75 0.208533
75 75 1.82618
76 75 1.90431e-05
77 75 9.47508e-06
78 75 0.0682242
79 75 0.0128739
80 75 0.208978
96 75 -0.0148068
97 75 -0.236475
98 75 -0.0822047
183 75 -0.053957
184 75 0.226202
185 75 -0.126055
1623 75 -0.728949
1624 75 -0.0201178
1625 75 0.116881
1626 75 -0.13639
1627 75 -0.0354564
1628 75 -0.322991
1641 75 -0.0314816
1642 75 0.194201
1643 75 0.104643
1644 75 -0.00316381
1645 75 -0.13725
1646 75 0.101135
1710 75 -0.00552572
1711 75 -0.137399
1712 75 0.100901
1713 75 -0.0353768
1714 75 0.193878
1715 75 0.104072
1734 75 -0.139767
1735 75 -0.029653
1736 75 -0.322131
1737 75 -0.728493
1738 75 -0.0296898
1739 75 0.117685
12 76 0.22558
13 76 -0.0474969
14 76 0.125098
54 76 -0.235976
55 76 -0.125379
56 76 -0.103436
72 76 0.0137523
73 76 0.172423
74 76 -0.0230221
75 76 1.90431e-05
76 76 1.82614
77 76 -0.000247951
78 76 0.00917527
79 76 0.172686
80 76 -0.0233308
96 76 -0.23761
97 76 -0.123998
98 76 -0.101339
183 76 0.225026
184 76 -0.0485082
185 76 0.125113
1623 76 -0.0241099
1624 76 0.0341354
1625 76 0.00363786
1626 76 -0.0326687
1627 76 0.0280056
1628 76 -0.0613747
1641 76 0.189456
1642 76 -0.520567
1643 76 -0.299457
1644 76 -0.133342
1645 76 -0.44767
1646 76 0.355277
1710 76 -0.140322
1711 76 -0.44697
1712 76 0.354574
1713 76 0.19835
1714 76 -0.518244
1715 76 -0.296305
1734 76 -0.0327747
1735 76 0.0292052
1736 76 -0.0607559
1737 76 -0.0245105
1738 76 0.0338171
1739 76 0.00392299
12 77 -0.127442
13 77 0.125599
14 77 0.102866
54 77 -0.0821707
55 77 -0.101832
56 77 0.138641
72 77 0.207333
73 77 -0.0255417
74 77 -0.242413
75 77 9.47508e-06
76 77 -0.000247951
77 77 1.82622
78 77 0.209613
79 77 -0.0203627
80 77 -0.240938
96 77 -0.0804269
97 77 -0.103007
98 77 0.138796
183 77 -0.127811
184 77 0.124987
185 77 0.103191
1623 77 0.117367
1624 77 0.0031435
1625 77 0.0168081
1626 77 -0.320271
1627 77 -0.0666147
1628 77 -0.569603
1641 77 0.101755
1642 77 -0.298043
1643 77 -0.125945
1644 77 0.0982487
1645 77 0.355691
1646 77 -0.227167
1710 77 0.104313
1711 77 0.354889
1712 77 -0.226188
1713 77 0.107413
1714 77 -0.296553
1715 77 -0.124225
1734 77 -0.326276
1735 77 -0.055161
1736 77 -0.567415
1737 77 0.117345
1738 77 0.00442061
1739 77 0.0166768
15 78 -0.0613173
16 78 0.22442
17 78 -0.129978
57 78 -0.00604183
58 78 -0.235533
59 78 -0.0783393
75 78 0.0682242
76 78 0.00917527
77 78 0.209613
78 78 1.82618
79 78 7.84095e-16
80 78 4.47559e-16
81 78 0.0679442
82 78 0.0111583
83 78 0.209607
99 78 -0.00791804
100 78 -0.234657
101 78 -0.0807637
186 78 -0.0607772
187 78 0.225523
188 78 -0.128312
1626 78 -0.728716
1627 78 -0.0295705
1628 78 0.114905
1629 78 -0.135011
1630 78 -0.0379335
1631 78 -0.320938
1644 78 -0.0371902
1645 78 0.202
1646 78 0.108899
1647 78 0.000320041
1648 78 -0.131293
1649 78 0.0963848
1713 78 -0.0019566
1714 78 -0.131333
1715 78 0.0963103
1716 78 -0.0417935
1717 78 0.201283
1718 78 0.108556
1737 78 -0.136682
1738 78 -0.0322301
1739 78 -0.320854
1740 78 -0.727815
1741 78 -0.0413963
1742 78 0.116943
15 79 0.225051
16 79 -0.040917
17 79 0.123619
57 79 -0.23421
58 79 -0.132813
59 79 -0.104144
75 79 0.0128739
76 79 0.172686
77 79 -0.0203627
78 79 7.42462e-16
79 79 1.82618
80 79 6.38378e-16
81 79 0.00784086
82 79 0.172987
83 79 -0.0203643
99 79 -0.235935
100 79 -0.130745
101 79 -0.102858
186 79 0.224292
187 79 -0.0417496
188 79 0.124717
1626 79 -0.0350827
1627 79 0.033412
1628 79 0.00516118
1629 79 -0.0354455
1630 79 0.0268536
1631 79 -0.0666562
1644 79 0.196203
1645 79 -0.515981
1646 79 -0.296884
1647 79 -0.127441
1648 79 -0.450911
1649 79 0.356536
1713 79 -0.135445
1714 79 -0.449565
1715 79 0.355284
1716 79 0.208084
1717 79 -0.512258
1718 79 -0.295238
1737 79 -0.0352356
1738 79 0.0281499
1739 79 -0.0662313
1740 79 -0.0355487
1741 79 0.0328409
1742 79 0.00561737
15 80 -0.129575
16 80 0.12442
17 80 0.102233
57 80 -0.0803532
58 80 -0.103054
59 80 0.138847
75 80 0.208978
76 80 -0.0233308
77 80 -0.240938
78 80 4.09395e-16
79 80 5.41234e-16
80 80 1.82618
81 80 0.20955
82 80 -0.01724
83 80 -0.240954
99 80 -0.0791909
100 80 -0.104204
101 80 0.138656
186 80 -0.130418
187 80 0.123301
188 80 0.102517
1626 80 0.116021
1627 80 0.00461197
1628 80 0.0173088
1629 80 -0.319845
1630 80 -0.0718071
1631 80 -0.569837
1644 80 0.105456
1645 80 -0.296045
