0 0 0.26598
1 0 -0.0177266
2 0 0.0239207
54 0 0.158229
55 0 0.0546645
56 0 -0.0695832
1608 0 -0.0885621
1609 0 -0.0663808
1610 0 -0.0120943
1611 0 -0.108408
1612 0 0.0859317
1613 0 0.0727536
1623 0 -0.0566109
1624 0 0.027765
1625 0 0.0502347
1626 0 -0.153432
1627 0 -0.0870207
1628 0 -0.0627046
0 1 -0.0177266
1 1 0.32714
2 1 -0.0827459
54 1 0.0564388
55 1 -0.0235247
56 1 0.246514
1608 1 -0.180126
1609 1 -0.159049
1610 1 -0.0549767
1611 1 0.14419
1612 1 -0.148426
1613 1 -0.124585
1623 1 -0.027873
1624 1 0.0135022
1625 1 0.0132702
1626 1 0.0259074
1627 1 0.012368
1628 1 -0.000567828
0 2 0.0239207
1 2 -0.0827459
2 2 0.365305
54 2 -0.0685734
55 2 0.247158
56 2 -0.135009
1608 2 0.0950676
1609 2 0.0645906
1610 2 0.0218624
1611 2 -0.0414147
1612 2 0.0297275
1613 2 0.0351478
1623 2 0.161806
1624 2 -0.139495
1625 2 -0.182961
1626 2 -0.170746
1627 2 -0.121995
1628 2 -0.0845273
3 3 0.269897
4 3 -0.0223428
5 3 0.0295865
57 3 0.148451
58 3 0.071265
59 3 -0.0869454
1611 3 -0.0767297
1612 3 -0.0605545
1613 3 -0.00769109
1614 3 -0.116558
1615 3 0.0878915
1616 3 0.0825757
1626 3 -0.0498368
1627 3 0.0212694
1628 3 0.0455676
1629 3 -0.157627
1630 3 -0.0968096
1631 3 -0.0622624
3 4 -0.0223428
4 4 0.327749
5 4 -0.0813228
57 4 0.0727388
58 4 -0.0256193
59 4 0.242154
1611 4 -0.180009
1612 4 -0.169311
1613 4 -0.0521384
1614 4 0.140369
1615 4 -0.139655
1616 4 -0.127143
1626 4 -0.0323128
1627 4 0.0156596
1628 4 0.0189451
1629 4 0.0210386
1630 4 0.0111955
1631 4 -0.00258618
3 5 0.0295865
4 5 -0.0813228
5 5 0.360779
57 5 -0.0864278
58 5 0.244085
59 5 -0.122065
1611 5 0.0932478
1612 5 0.0672275
1613 5 0.0192656
1614 5 -0.0358562
1615 5 0.0230624
1616 5 0.0319927
1626 5 0.162955
1627 5 -0.132829
1628 5 -0.189377
1629 5 -0.16262
1630 5 -0.124346
1631 5 -0.0799005
6 6 0.273447
7 6 -0.0270965
8 6 0.0336653
60 6 0.137842
61 6 0.0850961
62 6 -0.100826
1614 6 -0.0662224
1615 6 -0.0555025
1616 6 -0.00461013
1617 6 -0.123155
1618 6 0.086544
1619 6 0.0930925
1629 6 -0.0443032
1630 6 0.0151593
1631 6 0.0417033
1632 6 -0.160092
1633 6 -0.105212
1634 6 -0.0616988
6 7 -0.0270965
7 7 0.328846
8 7 -0.0798159
60 7 0.086895
61 7 -0.028032
62 7 0.238307
1614 7 -0.179401
1615 7 -0.177866
1616 7 -0.0501138
1617 7 0.138968
1618 7 -0.128823
1619 7 -0.131303
1629 7 -0.0364287
1630 7 0.0165023
1631 7 0.0244613
1632 7 0.0175418
1633 7 0.010568
1634 7 -0.00374103
6 8 0.0336653
7 8 -0.0798159
8 8 0.356132
60 8 -0.101457
61 8 0.239748
62 8 -0.109362
1614 8 0.0900077
1615 8 0.0690648
1616 8 0.0173993
1617 8 -0.0302746
1618 8 0.0167724
1619 8 0.0289397
1629 8 0.16341
1630 8 -0.123362
1631 8 -0.196407
1632 8 -0.155542
1633 8 -0.125602
1634 8 -0.0763855
9 9 0.265
10 9 -0.0136367
11 9 0.0181332
72 9 0.165016
73 9 0.0433085
74 9 -0.0526454
1620 9 -0.100838
1621 9 -0.0700422
1622 9 -0.0168381
1623 9 -0.100006
1624 9 0.0843156
1625 9 0.0636778
1638 9 -0.0600147
1639 9 0.0338554
1640 9 0.0533032
1641 9 -0.151219
1642 9 -0.0777454
1643 9 -0.0652761
9 10 -0.0136367
10 10 0.328311
11 10 -0.0836412
72 10 0.0431958
73 10 -0.0296101
74 10 0.249804
1620 10 -0.180871
1621 10 -0.14929
1622 10 -0.057967
1623 10 0.143692
1624 10 -0.158803
1625 10 -0.124115
1638 10 -0.0250634
1639 10 0.0138429
1640 10 0.0112287
1641 10 0.0329856
1642 10 0.0150247
1643 10 0.00347002
9 11 0.0181332
10 11 -0.0836412
11 11 0.365114
72 11 -0.0525232
73 11 0.251458
74 11 -0.135384
1620 11 0.0949187
1621 11 0.0586711
1622 11 0.0233107
1623 11 -0.0422583
1624 11 0.0325357
1625 11 0.0344666
1638 11 0.158692
1639 11 -0.144748
1640 11 -0.179165
1641 11 -0.177025
1642 11 -0.114658
1643 11 -0.089659
12 12 0.266572
13 12 -0.018743
14 12 0.0223743
75 12 0.158712
76 12 0.0560085
77 12 -0.0673025
1623 12 -0.0903389
1624 12 -0.0654211
1625 12 -0.0138553
1626 12 -0.107754
1627 12 0.0840739
1628 12 0.0739891
1641 12 -0.0558527
1642 12 0.0277396
1643 12 0.0508044
1644 12 -0.154111
1645 12 -0.0854133
1646 12 -0.0647908
12 13 -0.018743
13 13 0.331134
14 13 -0.0830955
75 13 0.0567266
76 13 -0.0360463
77 13 0.249021
1623 13 -0.183241
1624 13 -0.156961
1625 13 -0.0583078
1626 13 0.145403
1627 13 -0.147963
1628 13 -0.128448
1641 13 -0.0304449
1642 13 0.0165278
1643 13 0.0173273
1644 13 0.0307674
1645 13 0.0157173
1646 13 0.00213367
12 14 0.0223743
13 14 -0.0830955
14 14 0.360719
75 14 -0.0666901
76 14 0.249929
77 14 -0.122666
1623 14 0.0920487
1624 14 0.0594986
1625 14 0.0219841
1626 14 -0.0372554
1627 14 0.0251142
1628 14 0.0321942
1641 14 0.159586
1642 14 -0.137297
1643 14 -0.185619
1644 14 -0.169693
1645 14 -0.118077
1646 14 -0.0869688
15 15 0.269498
16 15 -0.0237262
17 15 0.0275616
78 15 0.149945
79 15 0.0711696
80 15 -0.0826669
1626 15 -0.0789472
1627 15 -0.0604166
1628 15 -0.00992289
1629 15 -0.11552
1630 15 0.0843888
1631 15 0.084245
1644 15 -0.0503979
1645 15 0.0210604
1646 15 0.0465969
1647 15 -0.157588
1648 15 -0.0940709
1649 15 -0.064596
15 16 -0.0237262
16 16 0.332128
17 16 -0.0820162
78 16 0.0714497
79 16 -0.0388667
80 16 0.245828
1626 16 -0.183617
1627 16 -0.166136
1628 16 -0.0568821
1629 16 0.143826
1630 16 -0.137088
1631 16 -0.132103
1644 16 -0.0353009
1645 16 0.018155
1646 16 0.0231422
1647 16 0.0267979
1648 16 0.0152339
1649 16 0.000515757
15 17 0.0275616
16 17 -0.0820162
17 17 0.356799
78 17 -0.0823941
79 17 0.246551
80 17 -0.111078
1626 17 0.0896191
1627 17 0.0614532
1628 17 0.020042
1629 17 -0.0321358
1630 17 0.0187815
1631 17 0.0293893
1644 17 0.161441
1645 17 -0.129113
1646 17 -0.191686
1647 17 -0.162726
1648 17 -0.120628
1649 17 -0.0831002
18 18 0.273952
19 18 -0.0289092
20 18 0.0317146
81 18 0.139386
82 18 0.0856275
83 18 -0.0967186
1629 18 -0.0678367
1630 18 -0.0559823
1631 18 -0.00628525
1632 18 -0.122466
1633 18 0.0843232
1634 18 0.0943658
1647 18 -0.0445939
1648 18 0.0144725
1649 18 0.0426401
1650 18 -0.160939
1651 18 -0.102515
1652 18 -0.0641764
18 19 -0.0289092
19 19 0.331108
20 19 -0.0797612
81 19 0.0850239
82 19 -0.0398239
83 19 0.241369
1629 19 -0.181005
1630 19 -0.175285
1631 19 -0.055097
1632 19 0.140981
1633 19 -0.127033
1634 19 -0.134729
1647 19 -0.0387284
1648 19 0.0180699
1649 19 0.0281182
1650 19 0.0225391
1651 19 0.0141194
1652 19 -0.0011562
18 20 0.0317146
19 20 -0.0797612
20 20 0.353365
81 20 -0.0974736
82 20 0.242342
83 20 -0.0997408
1629 20 0.0869185
1630 20 0.0643107
1631 20 0.0180877
1632 20 -0.0267409
1633 20 0.0131283
1634 20 0.026027
1647 20 0.162159
1648 20 -0.119898
1649 20 -0.1989
1650 20 -0.155896
1651 20 -0.12223
1652 20 -0.0791274
21 21 0.276972
22 21 -0.0322059
23 21 0.0361109
84 21 0.128325
85 21 0.0982845
86 21 -0.108844
1632 21 -0.0581608
1633 21 -0.0505215
1634 21 -0.00322375
1635 21 -0.127559
1636 21 0.0836799
1637 21 0.103386
1650 21 -0.0393066
1651 21 0.00972734
1652 21 0.0379396
1653 21 -0.162106
1654 21 -0.11061
1655 21 -0.0640486
21 22 -0.0322059
22 22 0.332376
23 22 -0.078622
84 22 0.0991922
85 22 -0.0404531
86 22 0.236108
1632 22 -0.179658
1633 22 -0.184743
1634 22 -0.0532323
1635 22 0.13688
1636 22 -0.118743
1637 22 -0.136935
1650 22 -0.0429669
1651 22 0.0188851
1652 22 0.0338226
1653 22 0.0184883
1654 22 0.0128389
1655 22 -0.00254675
21 23 0.0361109
22 23 -0.078622
23 23 0.349077
84 23 -0.109342
85 23 0.237635
86 23 -0.0876741
1632 23 0.0835308
1633 23 0.0654205
1634 23 0.015984
1635 23 -0.0221546
1636 23 0.00872111
1637 23 0.0228384
1650 23 0.161675
1651 23 -0.111903
1652 23 -0.203947
1653 23 -0.149239
1654 23 -0.124464
1655 23 -0.0764942
24 24 0.266479
25 24 -0.019083
26 24 0.0217406
96 24 0.159077
97 24 0.0567219
98 24 -0.0654616
1641 24 -0.0913351
1642 24 -0.0651526
1643 24 -0.0151806
1644 24 -0.106772
1645 24 0.0825284
1646 24 0.0753173
1656 24 -0.0554967
1657 24 0.0266301
1658 24 0.0515064
1659 24 -0.154535
1660 24 -0.0836975
1661 24 -0.0663771
24 25 -0.019083
25 25 0.335024
26 25 -0.0837352
96 25 0.0576823
97 25 -0.0476581
98 25 0.250917
1641 25 -0.185893
1642 25 -0.1558
1643 25 -0.0614654
1644 25 0.145787
1645 25 -0.146759
1646 25 -0.132657
1656 25 -0.0336795
1657 25 0.019075
1658 25 0.0218678
1659 25 0.035241
1660 25 0.0184519
1661 25 0.00466173
24 26 0.0217406
25 26 -0.0837352
26 26 0.356922
96 26 -0.0643681
97 26 0.251834
98 26 -0.111421
1641 26 0.088374
1642 26 0.0551341
1643 26 0.0216303
1644 26 -0.0337424
1645 26 0.0212287
1646 26 0.0296656
1656 26 0.157863
1657 26 -0.133195
1658 26 -0.188847
1659 26 -0.169247
1660 26 -0.115366
1661 26 -0.0888424
27 27 0.27021
28 27 -0.023226
29 27 0.0255664
99 27 0.150668
100 27 0.0719301
101 27 -0.0797792
1644 27 -0.0806936
1645 27 -0.0607923
1646 27 -0.011844
1647 27 -0.114398
1648 27 0.0839423
1649 27 0.0846924
1659 27 -0.050868
1660 27 0.0214557
1661 27 0.0477553
1662 27 -0.157868
1663 27 -0.0911874
1664 27 -0.0665701
27 28 -0.023226
28 28 0.335191
29 28 -0.0817967
99 28 0.072319
100 28 -0.0501674
101 28 0.247214
1644 28 -0.186041
1645 28 -0.164413
1646 28 -0.0613139
1647 28 0.143433
1648 28 -0.136192
1649 28 -0.135157
1659 28 -0.0379911
1660 28 0.0205018
1661 28 0.0271112
1662 28 0.0304251
1663 28 0.0174131
1664 28 0.00283017
27 29 0.0255664
28 29 -0.0817967
29 29 0.353024
99 29 -0.0797268
100 29 0.248513
101 29 -0.101122
1644 29 0.0858389
1645 29 0.0567067
1646 29 0.0202287
1647 29 -0.0287264
1648 29 0.0154515
1649 29 0.0264716
1659 29 0.161245
1660 29 -0.124513
1661 29 -0.193317
1662 29 -0.163243
1663 29 -0.116899
1664 29 -0.085291
30 30 0.273061
31 30 -0.0281058
32 30 0.0288545
102 30 0.1427
103 30 0.0835275
104 30 -0.0902878
1647 30 -0.0715108
1648 30 -0.0577446
1649 30 -0.0091336
1650 30 -0.119908
1651 30 0.0819114
1652 30 0.0937738
1662 30 -0.0464732
1663 30 0.015555
1664 30 0.0447001
1665 30 -0.160461
1666 30 -0.0978486
1667 30 -0.0664309
30 31 -0.0281058
31 31 0.335689
32 31 -0.0801222
102 31 0.0834404
103 31 -0.0521889
104 31 0.244437
1647 31 -0.183633
1648 31 -0.172826
1649 31 -0.0602892
1650 31 0.142281
1651 31 -0.127102
1652 31 -0.138672
1662 31 -0.0415098
1663 31 0.0202052
1664 31 0.0320109
1665 31 0.0281657
1666 31 0.0174886
1667 31 0.00195706
30 32 0.0288545
31 32 -0.0801222
32 32 0.349675
102 32 -0.0907859
103 32 0.244871
104 32 -0.09117
1647 32 0.082669
1648 32 0.058419
1649 32 0.0187431
1650 32 -0.0239738
1651 32 0.0103506
1652 32 0.0234837
1662 32 0.161082
1663 32 -0.115818
1664 32 -0.199618
1665 32 -0.157724
1666 32 -0.118331
1667 32 -0.0823942
33 33 0.552995
34 33 0.0424703
35 33 0.258369
36 33 -0.163255
37 33 0.0152635
38 33 0.14634
51 33 0.0830587
52 33 -0.0897296
53 33 -0.0596299
129 33 0.0847169
130 33 0.0679561
131 33 -0.0802702
1608 33 -0.0918946
1609 33 -0.178474
1610 33 0.096656
1668 33 -0.100218
1669 33 0.199835
1670 33 0.0378708
1683 33 0.0203737
1684 33 -0.00219157
1685 33 -0.0137869
1686 33 -0.365362
1687 33 -0.0575554
1688 33 -0.383552
33 34 0.0424703
34 34 0.30813
35 34 0.0362833
36 34 -0.0122589
37 34 0.0866528
38 34 0.00210518
51 34 0.0442768
52 34 -0.0786667
53 34 -0.0656496
129 34 -0.0356194
130 34 -0.00317857
131 34 0.0631732
1608 34 -0.068227
1609 34 -0.157845
1610 34 0.0656876
1668 34 0.0650239
1669 34 -0.138586
1670 34 -0.0132266
1683 34 0.0266707
1684 34 -0.0233474
1685 34 -0.0299917
1686 34 -0.061778
1687 34 0.0250148
1688 34 -0.0582254
33 35 0.258369
34 35 0.0362833
35 35 0.549312
36 35 -0.0494769
37 35 -0.00297754
38 35 0.0791032
51 35 0.0209775
52 35 -0.18115
53 35 -0.00446314
129 35 0.0385865
130 35 0.182195
131 35 -0.0813909
1608 35 -0.0137767
1609 35 -0.0550141
1610 35 0.0234266
1668 35 -0.0402794
1669 35 0.107739
1670 35 0.0125495
1683 35 0.181301
1684 35 -0.0322328
1685 35 -0.221394
1686 35 -0.39298
1687 35 -0.0566588
1688 35 -0.337777
33 36 -0.163255
34 36 -0.0122589
35 36 -0.0494769
36 36 0.898455
37 36 0.00676461
38 36 0.000155178
39 36 -0.158487
40 36 0.00202423
41 36 0.152986
54 36 0.166931
55 36 -0.0468979
56 36 -0.0353919
132 36 0.159475
133 36 0.0522201
134 36 -0.0646905
1608 36 -0.119274
1609 36 0.160522
1610 36 -0.0494131
1611 36 -0.0855486
1612 36 -0.184578
1613 36 0.0921849
1668 36 -0.0907401
1669 36 -0.146792
1670 36 0.000800235
1671 36 -0.1113
1672 36 0.201277
1673 36 0.0497243
1686 36 -0.0916331
1687 36 0.034766
1688 36 0.284191
1689 36 -0.386842
1690 36 -0.0689747
1691 36 -0.379362
33 37 0.0152635
34 37 0.0866528
35 37 -0.00297754
36 37 0.00676461
37 37 0.740708
38 37 0.0253197
39 37 -0.0205944
40 37 0.0871833
41 37 0.00848649
54 37 -0.047113
55 37 -0.154299
56 37 -0.251071
132 37 0.0228858
133 37 -0.0374289
134 37 0.0937457
1608 37 0.214099
1609 37 -0.238095
1610 37 0.0995657
1611 37 -0.149923
1612 37 -0.251771
1613 37 0.176525
1668 37 -0.0676151
1669 37 -0.132386
1670 37 0.0115208
1671 37 0.0656182
1672 37 -0.128727
1673 37 -0.017335
1686 37 0.0354222
1687 37 0.0243618
1688 37 -0.079206
1689 37 -0.0736338
1690 37 0.0222583
1691 37 -0.0648445
33 38 0.14634
34 38 0.00210518
35 38 0.0791032
36 38 0.000155178
37 38 0.0253197
38 38 0.901303
39 38 -0.0423756
40 38 -0.00620376
41 38 0.0765959
54 38 -0.0356825
55 38 -0.243985
56 38 -0.0126015
132 38 -0.0654678
133 38 0.230882
134 38 -0.122334
1608 38 0.0499899
1609 38 -0.103261
1610 38 0.0186016
1611 38 0.00156322
1612 38 -0.0310542
1613 38 -0.00335592
1668 38 0.0835698
1669 38 0.170733
1670 38 -0.00383688
1671 38 -0.037788
1672 38 0.0963929
1673 38 0.0137786
1686 38 0.291234
1687 38 -0.0811169
1688 38 -0.611139
1689 38 -0.3875
1690 38 -0.0635269
1691 38 -0.31424
36 39 -0.158487
37 39 -0.0205944
38 39 -0.0423756
39 39 0.89807
40 39 0.0142489
41 39 -0.00211967
42 39 -0.153346
43 39 -0.0114308
44 39 0.159344
57 39 0.168639
58 39 -0.040662
59 39 -0.0307793
135 39 0.151157
136 39 0.0685981
137 39 -0.075808
1611 39 -0.135047
1612 39 0.16176
1613 39 -0.0456918
1614 39 -0.0694917
1615 39 -0.179483
1616 39 0.0832097
1671 39 -0.0808526
1672 39 -0.138732
1673 39 -0.000358785
1674 39 -0.122794
1675 39 0.203243
1676 39 0.0592459
1689 39 -0.0767157
1690 39 0.0231418
1691 39 0.271325
1692 39 -0.403401
1693 39 -0.0807766
1694 39 -0.374986
36 40 0.00202423
37 40 0.0871833
38 40 -0.00620376
39 40 0.0142489
40 40 0.740413
41 40 0.0236151
42 40 -0.0293719
43 40 0.0862533
44 40 0.0157341
57 40 -0.0414818
58 40 -0.149158
59 40 -0.252565
135 40 0.0348327
136 40 -0.0392887
137 40 0.0910437
1611 40 0.220383
1612 40 -0.221386
1613 40 0.0852763
1614 40 -0.137078
1615 40 -0.267069
1616 40 0.179803
1671 40 -0.0664067
1672 40 -0.145128
1673 40 0.0113525
1674 40 0.0660695
1675 40 -0.118804
1676 40 -0.0197696
1689 40 0.0238232
1690 40 0.028735
1691 40 -0.0557082
1692 40 -0.0858602
1693 40 0.0180735
1694 40 -0.0721647
36 41 0.152986
37 41 0.00848649
38 41 0.0765959
39 41 -0.00211967
40 41 0.0236151
41 41 0.901982
42 41 -0.0351828
43 41 -0.00746279
44 41 0.0728731
57 41 -0.0325105
58 41 -0.24722
59 41 -0.0195561
135 41 -0.0841834
136 41 0.227498
137 41 -0.111911
1611 41 0.063783
1612 41 -0.111211
1613 41 0.0184961
1614 41 0.00211878
1615 41 -0.0305533
1616 41 -0.00320541
1671 41 0.0780224
1672 41 0.175069
1673 41 -0.00251217
1674 41 -0.0359526
1675 41 0.085269
1676 41 0.0144684
1689 41 0.278049
1690 41 -0.0568593
1691 41 -0.631205
1692 41 -0.381641
1693 41 -0.0710415
1694 41 -0.293933
39 42 -0.153346
40 42 -0.0293719
41 42 -0.0351828
42 42 0.903604
43 42 0.0208788
44 42 -0.00227497
45 42 -0.149708
46 42 -0.0212715
47 42 0.16739
60 42 0.170266
61 42 -0.0368671
62 42 -0.0280254
138 42 0.141305
139 42 0.0833543
140 42 -0.0856216
1614 42 -0.148882
1615 42 0.162136
1616 42 -0.0412819
1617 42 -0.0588682
1618 42 -0.176386
1619 42 0.076615
1674 42 -0.070351
1675 42 -0.130281
1676 42 -0.00202056
1677 42 -0.132388
1678 42 0.205769
1679 42 0.0678838
1692 42 -0.0628276
1693 42 0.0123999
1694 42 0.256318
1695 42 -0.421598
1696 42 -0.0934013
1697 42 -0.371548
39 43 -0.0114308
40 43 0.0862533
41 43 -0.00746279
42 43 0.0208788
43 43 0.736453
44 43 0.019154
45 43 -0.0359005
46 43 0.0824528
47 43 0.0219948
60 43 -0.0378309
61 43 -0.143553
62 43 -0.253339
138 43 0.0465139
139 43 -0.0401799
140 43 0.0885619
1614 43 0.222782
1615 43 -0.207808
1616 43 0.0748839
1617 43 -0.124181
1618 43 -0.278048
1619 43 0.181263
1674 43 -0.0638378
1675 43 -0.157676
1676 43 0.00986288
1677 43 0.0654484
1678 43 -0.108714
1679 43 -0.0219
1692 43 0.0137762
1693 43 0.0319078
1694 43 -0.0338373
1695 43 -0.0954982
1696 43 0.0134073
1697 43 -0.0770142
39 44 0.159344
40 44 0.0157341
41 44 0.0728731
42 44 -0.00227497
43 44 0.019154
44 44 0.900409
45 44 -0.0287582
46 44 -0.00640418
47 44 0.0683361
60 44 -0.0283829
61 44 -0.249569
62 44 -0.0251518
138 44 -0.0998563
139 44 0.222312
140 44 -0.101408
1614 44 0.0760048
1615 44 -0.11644
1616 44 0.0159252
1617 44 0.0021326
1618 44 -0.0293704
1619 44 -0.00312738
1674 44 0.0705906
1675 44 0.179004
1676 44 -0.00029202
1677 44 -0.0327641
1678 44 0.0738396
1679 44 0.0145254
1692 44 0.262736
1693 44 -0.0337994
1694 44 -0.647565
1695 44 -0.37701
1696 44 -0.0777584
1697 44 -0.272373
42 45 -0.149708
43 45 -0.0359005
44 45 -0.0287582
45 45 0.352833
46 45 -0.003893
47 45 -0.161498
63 45 0.0851938
64 45 0.0136627
65 45 0.0205624
141 45 0.062919
142 45 0.0256834
143 45 0.00467967
1617 45 -0.125967
1618 45 0.137555
1619 45 -0.028103
1677 45 -0.0638783
1678 45 -0.122754
1679 45 -0.0032631
1695 45 -0.0496512
1696 45 0.00601094
1697 45 0.241815
1698 45 -0.0946605
1699 45 -0.0166805
1700 45 -0.0482804
42 46 -0.0212715
43 46 0.0824528
44 46 -0.00640418
45 46 -0.003893
46 46 0.295821
47 46 0.0126166
63 46 -0.0477929
64 46 -0.0711833
65 46 -0.0405038
141 46 0.0722511
142 46 -0.0103813
143 46 0.0434836
1617 46 0.087449
1618 46 -0.125343
1619 46 0.0149907
1677 46 -0.0611362
1678 46 -0.164262
1679 46 0.00832474
1695 46 0.00650329
1696 46 0.0343428
1697 46 -0.0184411
1698 46 -0.0315425
1699 46 -0.023834
1700 46 -0.0150515
42 47 0.16739
43 47 0.0219948
44 47 0.0683361
45 47 -0.161498
46 47 0.0126166
47 47 0.761782
63 47 -0.0471367
64 47 -0.212811
65 47 -0.0175947
141 47 -0.123621
142 47 0.187639
143 47 -0.0482664
1617 47 0.0978096
1618 47 -0.131286
1619 47 0.0278973
1677 47 0.0647538
1678 47 0.181486
1679 47 0.00131735
1695 47 0.245296
1696 47 -0.0181163
1697 47 -0.662163
1698 47 -0.245611
1699 47 -0.0479078
1700 47 -0.103747
48 48 0.657403
49 48 0.0772877
50 48 0.18895
51 48 -0.163374
52 48 0.0227044
53 48 0.143301
69 48 0.0808228
70 48 -0.096743
71 48 -0.0628606
150 48 0.169834
151 48 0.0289572
152 48 -0.0385278
1620 48 -0.102793
1621 48 -0.180588
1622 48 0.0963711
1680 48 -0.110393
1681 48 -0.0718187
1682 48 -0.0191207
1683 48 -0.0961146
1684 48 0.202152
1685 48 0.0367094
1704 48 -0.0506909
1705 48 0.0523746
1706 48 0.0438553
1707 48 -0.366373
1708 48 -0.0358171
1709 48 -0.385735
48 49 0.0772877
49 49 0.534184
50 49 -0.0452768
51 49 -0.00227674
52 49 0.0868194
53 49 -0.00378436
69 49 0.0365667
70 49 -0.0741675
71 49 -0.0631741
150 49 0.029993
151 49 -0.0197806
152 49 0.249498
1620 49 -0.0698851
1621 49 -0.147597
1622 49 0.0585307
1680 49 -0.180276
1681 49 -0.138662
1682 49 -0.0564658
1683 49 0.155136
1684 49 -0.260171
1685 49 -0.0988837
1704 49 -0.006037
1705 49 0.00936957
1706 49 -0.0018184
1707 49 -0.0409896
1708 49 0.0306288
1709 49 -0.0387734
48 50 0.18895
49 50 -0.0452768
50 50 0.670861
51 50 -0.0523188
52 50 -0.00112383
53 50 0.080172
69 50 0.0154321
70 50 -0.183366
71 50 -0.00762904
150 50 -0.0336799
151 50 0.250306
152 50 -0.152223
1620 50 -0.0179069
1621 50 -0.0581757
1622 50 0.02422
1680 50 0.0993403
1681 50 0.0578428
1682 50 0.0246298
1683 50 -0.0483634
1684 50 0.111498
1685 50 0.0179465
1704 50 0.245608
1705 50 -0.0980213
1706 50 -0.296168
1707 50 -0.396076
1708 50 -0.0363954
1709 50 -0.342569
33 51 0.0830587
34 51 0.0442768
35 51 0.0209775
48 51 -0.163374
49 51 -0.00227674
50 51 -0.0523188
51 51 1.18188
52 51 -0.0752202
53 51 -0.186414
54 51 -0.328731
55 51 0.000324722
56 51 0.103339
72 51 0.164461
73 51 -0.0548428
74 51 -0.0421663
153 51 0.165738
154 51 0.0397132
155 51 -0.0500777
1608 51 -0.0475647
1609 51 -0.0130736
1610 51 0.250619
1620 51 -0.107698
1621 51 0.158118
1622 51 -0.0451764
1623 51 -0.109062
1624 51 -0.286061
1625 51 0.105388
1683 51 -0.122156
1684 51 -0.173635
1685 51 -0.00302008
1686 51 -0.222241
1687 51 0.3635
1688 51 -0.0029557
1707 51 -0.0983134
1708 51 0.0385918
1709 51 0.290996
1710 51 -0.375464
1711 51 -0.0447412
1712 51 -0.386321
33 52 -0.0897296
34 52 -0.0786667
35 52 -0.18115
48 52 0.0227044
49 52 0.0868194
50 52 -0.00112383
51 52 -0.0752202
52 52 1.30324
53 52 0.0362551
54 52 0.00551384
55 52 0.172893
56 52 -0.000118909
72 52 -0.0544552
73 52 -0.145143
74 52 -0.250008
153 52 0.0391783
154 52 -0.0223493
155 52 0.249086
1608 52 0.0446767
1609 52 0.0130682
1610 52 -0.0817216
1620 52 0.206199
1621 52 -0.250201
1622 52 0.100505
1623 52 -0.166523
1624 52 -0.318817
1625 52 0.184352
1683 52 -0.288091
1684 52 -0.305587
1685 52 0.0687308
1686 52 0.367209
1687 52 -0.491414
1688 52 -3.16176e-05
1707 52 0.0367429
1708 52 0.0237031
1709 52 -0.0814095
1710 52 -0.0498977
1711 52 0.0297453
1712 52 -0.0453582
33 53 -0.0596299
34 53 -0.0656496
35 53 -0.00446314
48 53 0.143301
49 53 -0.00378436
50 53 0.080172
51 53 -0.186414
52 53 0.0362551
53 53 1.18538
54 53 0.0987566
55 53 0.000541582
56 53 0.153062
72 53 -0.0431896
73 53 -0.246717
74 53 -0.0203292
153 53 -0.0476847
154 53 0.250332
155 53 -0.144787
1608 53 0.0388828
1609 53 0.00384017
1610 53 -0.301737
1620 53 0.0479996
1621 53 -0.106026
1622 53 0.0178947
1623 53 -0.00562643
1624 53 0.0693774
1625 53 -0.0209771
1683 53 0.11585
1684 53 0.186885
1685 53 -0.0249063
1686 53 -0.000889839
1687 53 0.00225873
1688 53 0.0352586
1707 53 0.294961
1708 53 -0.0871633
1709 53 -0.602556
1710 53 -0.394425
1711 53 -0.0438402
1712 53 -0.331487
0 54 0.158229
1 54 0.0564388
2 54 -0.0685734
36 54 0.166931
37 54 -0.047113
38 54 -0.0356825
51 54 -0.328731
52 54 0.00551384
53 54 0.0987566
54 54 1.82997
55 54 -0.000146836
56 54 -0.00163852
57 54 -0.324561
58 54 -0.0198771
59 54 0.115672
75 54 0.166246
76 54 -0.048582
77 54 -0.0386276
156 54 0.158656
157 54 0.0554062
158 54 -0.0680964
1608 54 -0.380482
1609 54 -0.0635153
1610 54 -0.388805
1611 54 -0.0847981
1612 54 0.0256332
1613 54 0.286269
1623 54 -0.238769
1624 54 0.377108
1625 54 0.0126821
1626 54 -0.179885
1627 54 -0.345657
1628 54 0.0853622
1686 54 -0.195902
1687 54 -0.340208
1688 54 0.0937384
1689 54 -0.249239
1690 54 0.373176
1691 54 0.0118397
1710 54 -0.0888245
1711 54 0.0271242
1712 54 0.284176
1713 54 -0.389291
1714 54 -0.0563716
1715 54 -0.38377
0 55 0.0546645
1 55 -0.0235247
2 55 0.247158
36 55 -0.0468979
37 55 -0.154299
38 55 -0.243985
51 55 0.000324722
52 55 0.172893
53 55 0.000541582
54 55 -0.000146836
55 55 1.81898
56 55 -0.000453588
57 55 -0.0132531
58 55 0.17108
59 55 0.0051738
75 55 -0.0495935
76 55 -0.142892
77 55 -0.251997
156 55 0.0550693
157 55 -0.0256114
158 55 0.246633
1608 55 -0.0595692
1609 55 0.0259732
1610 55 -0.0580037
1611 55 0.0259219
1612 55 0.0281783
1613 55 -0.0645694
1623 55 0.367547
1624 55 -0.473786
1625 55 -0.0162496
1626 55 -0.329916
1627 55 -0.497759
1628 55 0.133012
1686 55 -0.348741
1687 55 -0.481285
1688 55 0.139744
1689 55 0.377066
1690 55 -0.464104
1691 55 -0.0194938
1710 55 0.0281986
1711 55 0.0285106
1712 55 -0.0645248
1713 55 -0.0612773
1714 55 0.0270715
1715 55 -0.0543641
0 56 -0.0695832
1 56 0.246514
2 56 -0.135009
36 56 -0.0353919
37 56 -0.251071
38 56 -0.0126015
51 56 0.103339
52 56 -0.000118909
53 56 0.153062
54 56 -0.00163852
55 56 -0.000453588
56 56 1.8296
57 56 0.111368
58 56 0.00341683
59 56 0.146781
75 56 -0.0388153
76 56 -0.24784
77 56 -0.023301
156 56 -0.0680439
157 56 0.248103
158 56 -0.133204
1608 56 -0.383798
1609 56 -0.0574379
1610 56 -0.322587
1611 56 0.278463
1612 56 -0.0594972
1613 56 -0.622014
1623 56 0.0118332
1624 56 -0.0178308
1625 56 0.0340211
1626 56 0.0872431
1627 56 0.138901
1628 56 0.000313638
1686 56 0.092185
1687 56 0.137643
1688 56 -0.00283834
1689 56 0.0124622
1690 56 -0.0145827
1691 56 0.0348341
1710 56 0.290673
1711 56 -0.0665198
1712 56 -0.617202
1713 56 -0.390663
1714 56 -0.0537397
1715 56 -0.314779
3 57 0.148451
4 57 0.0727388
5 57 -0.0864278
39 57 0.168639
40 57 -0.0414818
41 57 -0.0325105
54 57 -0.324561
55 57 -0.0132531
56 57 0.111368
57 57 1.83159
58 57 -0.000673687
59 57 -0.00213516
60 57 -0.313217
61 57 -0.0418964
62 57 0.126253
78 57 0.167877
79 57 -0.0420517
80 57 -0.0338118
159 57 0.148635
160 57 0.0708851
161 57 -0.0859674
1611 57 -0.399084
1612 57 -0.0764225
1613 57 -0.386289
1614 57 -0.0710085
1615 57 0.0158019
1616 57 0.270685
1626 57 -0.265288
1627 57 0.386805
1628 57 0.0245248
1629 57 -0.147111
1630 57 -0.323706
1631 57 0.0789445
1689 57 -0.163199
1690 57 -0.327017
1691 57 0.0883353
1692 57 -0.28063
1693 57 0.38138
1694 57 0.0293509
1713 57 -0.0773181
1714 57 0.0172903
1715 57 0.272363
1716 57 -0.404744
1717 57 -0.0700026
1718 57 -0.378809
3 58 0.071265
4 58 -0.0256193
5 58 0.244085
39 58 -0.040662
40 58 -0.149158
41 58 -0.24722
54 58 -0.0198771
55 58 0.17108
56 58 0.00341683
57 58 -0.000673687
58 58 1.82193
59 58 -0.000702717
60 58 -0.037113
61 58 0.170384
62 58 0.0118704
78 58 -0.043712
79 58 -0.137028
80 58 -0.255195
159 58 0.0715059
160 58 -0.0279362
161 58 0.24305
1611 58 -0.0722012
1612 58 0.0218872
1613 58 -0.0645166
1614 58 0.015604
1615 58 0.031876
1616 58 -0.042754
1626 58 0.373842
1627 58 -0.44591
1628 58 -0.0292716
1629 58 -0.314827
1630 58 -0.531604
1631 58 0.138534
1689 58 -0.333097
1690 58 -0.512092
1691 58 0.145676
1692 58 0.383291
1693 58 -0.430753
1694 58 -0.0379166
1713 58 0.0187277
1714 58 0.0318162
1715 58 -0.0432147
1716 58 -0.0746333
1717 58 0.0222795
1718 58 -0.064827
3 59 -0.0869454
4 59 0.242154
5 59 -0.122065
39 59 -0.0307793
40 59 -0.252565
41 59 -0.0195561
54 59 0.115672
55 59 0.0051738
56 59 0.146781
57 59 -0.00213516
58 59 -0.000702717
59 59 1.82502
60 59 0.123592
61 59 0.00896384
62 59 0.141176
78 59 -0.034796
79 59 -0.248879
80 59 -0.027754
159 59 -0.0859464
160 59 0.244714
161 59 -0.12088
1611 59 -0.379468
1612 59 -0.066178
1613 59 -0.299518
1614 59 0.263884
1615 59 -0.0410933
1616 59 -0.638364
1626 59 0.0261801
1627 59 -0.035484
1628 59 0.0318932
1629 59 0.0811833
1630 59 0.143486
1631 59 -0.00184851
1689 59 0.0859476
1690 59 0.142839
1691 59 -0.0033647
1692 59 0.0288615
1693 59 -0.0338297
1694 59 0.0323368
1713 59 0.277748
1714 59 -0.0436091
1715 59 -0.632414
1716 59 -0.383169
1717 59 -0.0617955
1718 59 -0.296107
6 60 0.137842
7 60 0.086895
8 60 -0.101457
42 60 0.170266
43 60 -0.0378309
44 60 -0.0283829
57 60 -0.313217
58 60 -0.037113
59 60 0.123592
60 60 1.82802
61 60 -0.00440046
62 60 0.000786545
63 60 -0.301505
64 60 -0.0613383
65 60 0.138205
81 60 0.169783
82 60 -0.0378624
83 60 -0.0294038
162 60 0.137444
163 60 0.0853451
164 60 -0.101379
1614 60 -0.412903
1615 60 -0.0882962
1616 60 -0.380269
1617 60 -0.0583024
1618 60 0.00765374
1619 60 0.255601
1629 60 -0.293734
1630 60 0.388484
1631 60 0.0401519
1632 60 -0.12088
1633 60 -0.309194
1634 60 0.0716727
1692 60 -0.132049
1693 60 -0.30881
1694 60 0.0807297
1695 60 -0.307903
1696 60 0.381373
1697 60 0.0469027
1716 60 -0.0636616
1717 60 0.0086872
1718 60 0.25797
1719 60 -0.420337
1720 60 -0.0813805
1721 60 -0.373061
6 61 0.0850961
7 61 -0.028032
8 61 0.239748
42 61 -0.0368671
43 61 -0.143553
44 61 -0.249569
57 61 -0.0418964
58 61 0.170384
59 61 0.00896384
60 61 -0.00440046
61 61 1.82521
62 61 -0.00210194
63 61 -0.0546337
64 61 0.166815
65 61 0.017968
81 61 -0.0386482
82 61 -0.132653
83 61 -0.25592
162 61 0.0858667
163 61 -0.0287954
164 61 0.238861
1614 61 -0.0832833
1615 61 0.018163
1616 61 -0.0704884
1617 61 0.00732346
1618 61 0.034142
1619 61 -0.0223749
1629 61 0.379479
1630 61 -0.416798
1631 61 -0.0453423
1632 61 -0.298172
1633 61 -0.557543
1634 61 0.138337
1692 61 -0.312834
1693 61 -0.543208
1694 61 0.149405
1695 61 0.38908
1696 61 -0.402525
1697 61 -0.0547612
1716 61 0.00990786
1717 61 0.0333016
1718 61 -0.0238482
1719 61 -0.0857267
1720 61 0.0178407
1721 61 -0.0695698
6 62 -0.100826
7 62 0.238307
8 62 -0.109362
42 62 -0.0280254
43 62 -0.253339
44 62 -0.0251518
57 62 0.126253
58 62 0.0118704
59 62 0.141176
60 62 0.000786545
61 62 -0.00210194
62 62 1.82531
63 62 0.134295
64 62 0.0151962
65 62 0.134815
81 62 -0.030794
82 62 -0.250999
83 62 -0.0339942
162 62 -0.101575
163 62 0.239794
164 62 -0.108695
1614 62 -0.373775
1615 62 -0.0715425
1616 62 -0.283409
1617 62 0.24955
1618 62 -0.0203447
1619 62 -0.654115
1629 62 0.0427732
1630 62 -0.0503812
1631 62 0.0274277
1632 62 0.0743236
1633 62 0.146587
1634 62 0.000536922
1692 62 0.0786991
1693 62 0.146519
1694 62 -0.0027733
1695 62 0.0455995
1696 62 -0.04896
1697 62 0.0268853
1716 62 0.26252
1717 62 -0.022619
1718 62 -0.647479
1719 62 -0.379455
1720 62 -0.0687887
1721 62 -0.277714
45 63 0.0851938
46 63 -0.0477929
47 63 -0.0471367
60 63 -0.301505
61 63 -0.0546337
62 63 0.134295
63 63 1.32104
64 63 0.0809483
65 63 0.111136
66 63 -0.144331
67 63 -0.0337324
68 63 0.171603
84 63 0.170998
85 63 -0.0348878
86 63 -0.0277062
165 63 0.125548
166 63 0.0995334
167 63 -0.113917
1617 63 -0.210184
1618 63 0.000990854
1619 63 -0.287205
1632 63 -0.187581
1633 63 0.300448
1634 63 -0.0427037
1635 63 -0.0501841
1636 63 -0.173997
1637 63 0.0665419
1695 63 -0.10695
1696 63 -0.288559
1697 63 0.0742243
1698 63 -0.196438
1699 63 0.248676
1700 63 0.0887145
1719 63 -0.0510609
1720 63 0.00136937
1721 63 0.239427
1722 63 -0.437233
1723 63 -0.0920918
1724 63 -0.36919
45 64 0.0136627
46 64 -0.0711833
47 64 -0.212811
60 64 -0.0613383
61 64 0.166815
62 64 0.0151962
63 64 0.0809483
64 64 1.32255
65 64 0.0265112
66 64 -0.0404635
67 64 0.0798505
68 64 0.0288041
84 64 -0.0348752
85 64 -0.127001
86 64 -0.256906
165 64 0.101378
166 64 -0.0320037
167 64 0.233497
1617 64 -0.0973372
1618 64 0.00756247
1619 64 -0.0746983
1632 64 0.244505
1633 64 -0.263827
1634 64 0.0701989
1635 64 -0.115075
1636 64 -0.291163
1637 64 0.174761
1695 64 -0.296324
1696 64 -0.568591
1697 64 0.154115
1698 64 0.299785
1699 64 -0.252035
1700 64 -0.0847833
1719 64 0.0019464
1720 64 0.0345705
1721 64 -0.00262712
1722 64 -0.0948537
1723 64 0.0152216
1724 64 -0.0753391
45 65 0.0205624
46 65 -0.0405038
47 65 -0.0175947
60 65 0.138205
61 65 0.017968
62 65 0.134815
63 65 0.111136
64 65 0.0265112
65 65 1.0269
66 65 -0.0240728
67 65 -0.00590622
68 65 0.0648253
84 65 -0.0285423
85 65 -0.252432
86 65 -0.0405359
165 65 -0.115136
166 65 0.234281
167 65 -0.0917983
1617 65 -0.0864553
1618 65 -0.00459621
1619 65 -0.132814
1632 65 0.082704
1633 65 -0.0785063
1634 65 0.00103779
1635 65 0.000551288
1636 65 -0.0336222
1637 65 -0.000756223
1695 65 0.070911
1696 65 0.145453
1697 65 -0.00237964
1698 65 -0.0405807
1699 65 0.0638275
1700 65 0.00126653
1719 65 0.244559
1720 65 -0.00350512
1721 65 -0.66195
1722 65 -0.372954
1723 65 -0.0737373
1724 65 -0.257933
63 66 -0.144331
64 66 -0.0404635
65 66 -0.0240728
66 66 0.527281
67 66 -0.0804134
68 66 -0.106074
87 66 0.085019
88 66 0.009863
89 66 0.0201276
168 66 0.112826
169 66 0.111247
170 66 -0.124998
1635 66 -0.128868
1636 66 0.134617
1637 66 -0.0197156
1698 66 -0.0438865
1699 66 -0.108697
1700 66 0.00139661
1701 66 -0.130869
1702 66 0.0840499
1703 66 0.11372
1722 66 -0.0380374
1723 66 -0.0034356
1724 66 0.225321
1725 66 -0.2222
1726 66 -0.104131
1727 66 -0.0872007
63 67 -0.0337324
64 67 0.0798505
65 67 -0.00590622
66 67 -0.0804134
67 67 0.516725
68 67 -0.0336274
87 67 -0.043888
88 67 -0.0603146
89 67 -0.040805
168 67 0.114058
169 67 -0.0331609
170 67 0.227695
1635 67 0.0837479
1636 67 -0.115577
1637 67 0.00703053
1698 67 -0.16914
1699 67 -0.296241
1700 67 -0.0303423
1701 67 0.13102
1702 67 -0.112879
1703 67 -0.137933
1722 67 -0.00475223
1723 67 0.0337805
1724 67 0.01534
1725 67 0.00440982
1726 67 0.00555791
1727 67 -0.00261581
63 68 0.171603
64 68 0.0288041
65 68 0.0648253
66 68 -0.106074
67 68 -0.0336274
68 68 0.818442
87 68 -0.0473027
88 68 -0.215984
89 68 -0.0263234
168 68 -0.125169
169 68 0.229424
170 68 -0.079292
1635 68 0.108121
1636 68 -0.138023
1637 68 0.0215399
1698 68 0.0650834
1699 68 0.179496
1700 68 -0.000880208
1701 68 -0.0167979
1702 68 0.00515675
1703 68 0.0198334
1722 68 0.228966
1723 68 0.01627
1724 68 -0.674259
1725 68 -0.278027
1726 68 -0.0735375
1727 68 -0.122072
48 69 0.0808228
49 69 0.0365667
50 69 0.0154321
69 69 0.921531
70 69 1.04814e-05
71 69 0.000416603
72 69 -0.326874
73 69 0.0187548
74 69 0.0983713
90 69 0.079565
91 69 -0.0986454
92 69 -0.0657191
177 69 0.168226
178 69 0.0320765
179 69 -0.0443677
1620 69 -0.0482915
1621 69 -0.0109731
1622 69 0.245962
1638 69 -0.115558
1639 69 -0.278315
1640 69 0.106672
1704 69 -0.121998
1705 69 -0.0824683
1706 69 -0.0140471
1707 69 -0.19696
1708 69 0.354612
1709 69 0.0016523
1728 69 -0.0479761
1729 69 0.0507123
1730 69 0.0448858
1731 69 -0.37382
1732 69 -0.0277993
1733 69 -0.387173
48 70 -0.096743
49 70 -0.0741675
50 70 -0.183366
69 70 1.04814e-05
70 70 0.922474
71 70 -0.00376533
72 70 0.0235849
73 70 0.173775
74 70 -0.00438298
90 70 0.0339743
91 70 -0.0710012
92 70 -0.0637092
177 70 0.0355547
178 70 -0.0302465
179 70 0.251494
1620 70 0.0487082
1621 70 0.0118348
1622 70 -0.0879633
1638 70 -0.0807582
1639 70 -0.223504
1640 70 0.0746509
1704 70 -0.279859
1705 70 -0.215258
1706 70 0.0492214
1707 70 0.358461
1708 70 -0.5167
1709 70 -0.00398754
1728 70 -0.0099626
1729 70 0.0116263
1730 70 0.00384064
1731 70 -0.0333474
1732 70 0.0317638
1733 70 -0.0313629
48 71 -0.0628606
49 71 -0.0631741
50 71 -0.00762904
69 71 0.000416603
70 71 -0.00376533
71 71 0.922466
72 71 0.096417
73 71 -0.00628324
74 71 0.155022
90 71 0.0135853
91 71 -0.183879
92 71 -0.0116416
177 71 -0.0392283
178 71 0.253042
179 71 -0.138021
1620 71 0.0419319
1621 71 0.00363802
1622 71 -0.300895
1638 71 -0.0153268
1639 71 0.0485369
1640 71 0.000569691
1704 71 0.110349
1705 71 0.0742729
1706 71 0.000183642
1707 71 0.00269259
1708 71 -0.0035953
1709 71 0.0348
1728 71 0.243767
1729 71 -0.0938311
1730 71 -0.302883
1731 71 -0.392069
1732 71 -0.0272318
1733 71 -0.335805
9 72 0.165016
10 72 0.0431958
11 72 -0.0525232
51 72 0.164461
52 72 -0.0544552
53 72 -0.0431896
69 72 -0.326874
70 72 0.0235849
71 72 0.096417
72 72 1.82533
73 72 0.000577672
74 72 -0.00243627
75 72 -0.326596
76 72 -0.000584991
77 72 0.104184
93 72 0.163144
94 72 -0.0563212
95 72 -0.0469502
180 72 0.165393
181 72 0.0413301
182 72 -0.0522832
1620 72 -0.373172
1621 72 -0.0451567
1622 72 -0.38933
1623 72 -0.096023
1624 72 0.0309392
1625 72 0.291736
1638 72 -0.209366
1639 72 0.363602
1640 72 0.00729396
1641 72 -0.212037
1642 72 -0.360566
1643 72 0.0840054
1707 72 -0.227705
1708 72 -0.351876
1709 72 0.0923855
1710 72 -0.21801
1711 72 0.360406
1712 72 0.0111383
1731 72 -0.0957803
1732 72 0.0335383
1733 72 0.289057
1734 72 -0.379523
1735 72 -0.0341862
1736 72 -0.385117
9 73 0.0433085
10 73 -0.0296101
11 73 0.251458
51 73 -0.0548428
52 73 -0.145143
53 73 -0.246717
69 73 0.0187548
70 73 0.173775
71 73 -0.00628324
72 73 0.000577672
73 73 1.82635
74 73 -0.00100759
75 73 0.00660583
76 73 0.173891
77 73 0.00015241
93 73 -0.0587793
94 73 -0.135458
95 73 -0.251315
180 73 0.0422986
181 73 -0.0331751
182 73 0.250868
1620 73 -0.0404696
1621 73 0.0293845
1622 73 -0.0377165
1623 73 0.0307244
1624 73 0.027762
1625 73 -0.0723726
1638 73 0.359977
1639 73 -0.503633
1640 73 -0.0110636
1641 73 -0.347155
1642 73 -0.47023
1643 73 0.119675
1707 73 -0.364469
1708 73 -0.453374
1709 73 0.127526
1710 73 0.369456
1711 73 -0.495936
1712 73 -0.0177977
1731 73 0.0328563
1732 73 0.0258084
1733 73 -0.0711145
1734 73 -0.0408337
1735 73 0.0313847
1736 73 -0.0368421
9 74 -0.0526454
10 74 0.249804
11 74 -0.135384
51 74 -0.0421663
52 74 -0.250008
53 74 -0.0203292
69 74 0.0983713
70 74 -0.00438298
71 74 0.155022
72 74 -0.00243627
73 74 -0.00100759
74 74 1.82686
75 74 0.100881
76 74 -0.00145083
77 74 0.152853
93 74 -0.0459347
94 74 -0.248021
95 74 -0.0276495
180 74 -0.0490156
181 74 0.253002
182 74 -0.130197
1620 74 -0.387913
1621 74 -0.0419652
1622 74 -0.334208
1623 74 0.286782
1624 74 -0.0664305
1625 74 -0.608813
1638 74 0.00812288
1639 74 -0.0142114
1640 74 0.0340927
1641 74 0.0864563
1642 74 0.124985
1643 74 0.00586928
1707 74 0.0912052
1708 74 0.123717
1709 74 0.00341037
1710 74 0.0105013
1711 74 -0.0141755
1712 74 0.0345158
1731 74 0.288767
1732 74 -0.0765546
1733 74 -0.609645
1734 74 -0.392202
1735 74 -0.033485
1736 74 -0.329825
12 75 0.158712
13 75 0.0567266
14 75 -0.0666901
54 75 0.166246
55 75 -0.0495935
56 75 -0.0388153
72 75 -0.326596
73 75 0.00660583
74 75 0.100881
75 75 1.82336
76 75 0.000794862
77 75 0.00106399
78 75 -0.321368
79 75 -0.0215473
80 75 0.114646
96 75 0.165588
97 75 -0.0496639
98 75 -0.0414488
183 75 0.15939
184 75 0.0556038
185 75 -0.0654443
1623 75 -0.383201
1624 75 -0.0524142
1625 75 -0.389937
1626 75 -0.0844949
1627 75 0.0213362
1628 75 0.283833
1641 75 -0.233301
1642 75 0.376194
1643 75 0.0200364
1644 75 -0.183826
1645 75 -0.34973
1646 75 0.0780661
1710 75 -0.198557
1711 75 -0.340717
1712 75 0.0863982
1713 75 -0.244322
1714 75 0.368875
1715 75 0.0217134
1734 75 -0.0880254
1735 75 0.020827
1736 75 0.282138
1737 75 -0.389936
1738 75 -0.0437852
1739 75 -0.384332
12 76 0.0560085
13 76 -0.0360463
14 76 0.249929
54 76 -0.048582
55 76 -0.142892
56 76 -0.24784
72 76 -0.000584991
73 76 0.173891
74 76 -0.00145083
75 76 0.000794862
76 76 1.82686
77 76 -0.000881869
78 76 -0.013746
79 76 0.173297
80 76 0.00444798
96 76 -0.0507062
97 76 -0.130858
98 76 -0.253984
183 76 0.0559083
184 76 -0.0383225
185 76 0.249236
1623 76 -0.0486502
1624 76 0.0286587
1625 76 -0.0463588
1626 76 0.0204124
1627 76 0.0311055
1628 76 -0.0509519
1641 76 0.365279
1642 76 -0.477832
1643 76 -0.0267881
1644 76 -0.334414
1645 76 -0.500249
1646 76 0.12032
1710 76 -0.354961
1711 76 -0.484339
1712 76 0.129606
1713 76 0.379057
1714 76 -0.468036
1715 76 -0.0327706
1734 76 0.0226105
1735 76 0.0302031
1736 76 -0.0497539
1737 76 -0.0497885
1738 76 0.0291758
1739 76 -0.0437474
12 77 -0.0673025
13 77 0.249021
14 77 -0.122666
54 77 -0.0386276
55 77 -0.251997
56 77 -0.023301
72 77 0.104184
73 77 0.00015241
74 77 0.152853
75 77 0.00106399
76 77 -0.000881869
77 77 1.82832
78 77 0.110554
79 77 0.00348518
80 77 0.14827
96 77 -0.0415731
97 77 -0.250212
98 77 -0.0346854
183 77 -0.0638139
184 77 0.251401
185 77 -0.119511
1623 77 -0.383969
1624 77 -0.0471847
1625 77 -0.323456
1626 77 0.277041
1627 77 -0.0472487
1628 77 -0.624612
1641 77 0.0209556
1642 77 -0.029935
1643 77 0.0332037
1644 77 0.0798502
1645 77 0.126839
1646 77 0.0062475
1710 77 0.0847268
1711 77 0.124988
1712 77 0.00293792
1713 77 0.0219103
1714 77 -0.0279111
1715 77 0.0328475
1734 77 0.286614
1735 77 -0.0536842
1736 77 -0.621079
1737 77 -0.391019
1738 77 -0.043121
1739 77 -0.317839
15 78 0.149945
16 78 0.0714497
17 78 -0.0823941
57 78 0.167877
58 78 -0.043712
59 78 -0.034796
75 78 -0.321368
76 78 -0.013746
77 78 0.110554
78 78 1.82973
79 78 0.000682328
80 78 -0.00122096
81 78 -0.31531
82 78 -0.0425956
83 78 0.126988
99 78 0.167916
100 78 -0.0440215
101 78 -0.0355353
186 78 0.150341
187 78 0.0705334
188 78 -0.08096
1626 78 -0.397078
1627 78 -0.0635967
1628 78 -0.387983
1629 78 -0.0713393
1630 78 0.0121049
1631 78 0.272372
1644 78 -0.259818
1645 78 0.384652
1646 78 0.0327923
1647 78 -0.153762
1648 78 -0.333678
1649 78 0.0720668
1713 78 -0.168861
1714 78 -0.32661
1715 78 0.0794002
1716 78 -0.274354
1717 78 0.378017
1718 78 0.0386031
1737 78 -0.0790784
1738 78 0.0122025
1739 78 0.271425
1740 78 -0.40451
1741 78 -0.0578123
1742 78 -0.382928
15 79 0.0711696
16 79 -0.0388667
17 79 0.246551
57 79 -0.0420517
58 79 -0.137028
59 79 -0.248879
75 79 -0.0215473
76 79 0.173297
77 79 0.00348518
78 79 0.000682328
79 79 1.82307
80 79 -0.00121424
81 79 -0.0353503
82 79 0.169493
83 79 0.0117272
99 79 -0.0450092
100 79 -0.125177
101 79 -0.256303
186 79 0.0712746
187 79 -0.0416367
188 79 0.246089
1626 79 -0.0591846
1627 79 0.0255148
1628 79 -0.0553538
1629 79 0.00985183
1630 79 0.0327563
1631 79 -0.0291907
1644 79 0.371739
1645 79 -0.449574
1646 79 -0.0402077
1647 79 -0.319422
1648 79 -0.530563
1649 79 0.123103
1713 79 -0.337087
1714 79 -0.516203
1715 79 0.131791
1716 79 0.382004
1717 79 -0.435001
1718 79 -0.0484435
1737 79 0.0136239
1738 79 0.0333889
1739 79 -0.0284827
1740 79 -0.0609682
1741 79 0.0257682
1742 79 -0.0534482
15 80 -0.0826669
16 80 0.245828
17 80 -0.111078
57 80 -0.0338118
58 80 -0.255195
59 80 -0.027754
75 80 0.114646
76 80 0.00444798
77 80 0.14827
78 80 -0.00122096
79 80 -0.00121424
80 80 1.82574
81 80 0.121889
82 80 0.0107917
83 80 0.140776
99 80 -0.0367551
100 80 -0.251206
101 80 -0.0394894
186 80 -0.0808601
187 80 0.247903
188 80 -0.109231
1626 80 -0.381093
1627 80 -0.0549493
1628 80 -0.307283
1629 80 0.264159
