0 0 0.280766
1 0 -0.0506621
2 0 0.0219873
54 0 0.11512
55 0 0.15174
56 0 -0.063448
1608 0 -0.0754673
1609 0 -0.0520818
1610 0 -0.0114516
1611 0 -0.0734964
1612 0 0.0385858
1613 0 0.122562
1623 0 -0.0111458
1624 0 -0.00997717
1625 0 -0.00401877
1626 0 -0.217684
1627 0 -0.0789106
1628 0 -0.0650528
0 1 -0.0506621
1 1 0.393954
2 1 -0.0552464
54 1 0.152517
55 1 -0.221354
56 1 0.163643
1608 1 -0.228044
1609 1 -0.145118
1610 1 -0.0638592
1611 1 0.089798
1612 1 -0.0749237
1613 1 -0.206
1623 1 -0.0609619
1624 1 0.0225135
1625 1 0.135973
1626 1 0.097269
1627 1 0.0428995
1628 1 0.0261211
0 2 0.0219873
1 2 -0.0552464
2 2 0.283705
54 2 -0.062559
55 2 0.163927
56 2 0.106041
1608 2 0.0322429
1609 2 0.010306
1610 2 -0.00636621
1611 2 0.0358583
1612 2 -0.0363393
1613 2 -0.0770631
1623 2 0.0830787
1624 2 -0.0345476
1625 2 -0.236201
1626 2 -0.110108
1627 2 -0.0486908
1628 2 -0.0516631
3 3 0.28385
4 3 -0.0541455
5 3 0.0204061
57 3 0.10625
58 3 0.163063
59 3 -0.0643347
1611 3 -0.0680457
1612 3 -0.049429
1613 3 -0.0101665
1614 3 -0.0766496
1615 3 0.0373517
1616 3 0.128413
1626 3 -0.00877396
1627 3 -0.0102722
1628 3 -0.00842196
1629 3 -0.218881
1630 3 -0.0845147
1631 3 -0.0664492
3 4 -0.0541455
4 4 0.392324
5 4 -0.0508363
57 4 0.162893
58 4 -0.220079
59 4 0.153012
1611 4 -0.226704
1612 4 -0.151176
1613 4 -0.0657129
1614 4 0.088107
1615 4 -0.0668787
1616 4 -0.202045
1626 4 -0.0619958
1627 4 0.0196983
1628 4 0.14086
1629 4 0.092296
1630 4 0.043414
1631 4 0.0256601
3 5 0.0204061
4 5 -0.0508363
5 5 0.282251
57 5 -0.0634456
58 5 0.154048
59 5 0.114393
1611 5 0.0277502
1612 5 0.00807018
1613 5 -0.00807585
1614 5 0.0396144
1615 5 -0.0360781
1616 5 -0.08425
1626 5 0.0812009
1627 5 -0.0287989
1628 5 -0.234611
1629 5 -0.10497
1630 5 -0.0486488
1631 5 -0.0506655
6 6 0.286591
7 6 -0.0558469
8 6 0.0218387
60 6 0.09936
61 6 0.170802
62 6 -0.064112
1614 6 -0.0637573
1615 6 -0.0482799
1616 6 -0.0095861
1617 6 -0.0768268
1618 6 0.0333917
1619 6 0.132467
1629 6 -0.00735008
1630 6 -0.0111029
1631 6 -0.0131133
1632 6 -0.219989
1633 6 -0.0903729
1634 6 -0.0664325
6 7 -0.0558469
7 7 0.392229
8 7 -0.0493487
60 7 0.172188
61 7 -0.217375
62 7 0.146012
1614 7 -0.226345
1615 7 -0.155528
1616 7 -0.0657475
1617 7 0.08464
1618 7 -0.0595719
1619 7 -0.201885
1629 7 -0.0623908
1630 7 0.0161096
1631 7 0.14434
1632 7 0.0886602
1633 7 0.0443485
1634 7 0.0248643
6 8 0.0218387
7 8 -0.0493487
8 8 0.279604
60 8 -0.0640063
61 8 0.147515
62 8 0.118461
1614 8 0.0254056
1615 8 0.00726432
1616 8 -0.00798397
1617 8 0.0401069
1618 8 -0.0338404
1619 8 -0.0878487
1629 8 0.0785182
1630 8 -0.0230377
1631 8 -0.233656
1632 8 -0.101859
1633 8 -0.0494393
1634 8 -0.0500237
9 9 0.278735
10 9 -0.048456
11 9 0.0195557
72 9 0.123059
73 9 0.143244
74 9 -0.0602645
1620 9 -0.0820917
1621 9 -0.0533149
1622 9 -0.0124336
1623 9 -0.0717703
1624 9 0.0415219
1625 9 0.116795
1638 9 -0.0127984
1639 9 -0.00882006
1640 9 -0.000248742
1641 9 -0.217124
1642 9 -0.0723615
1643 9 -0.0649904
9 10 -0.048456
10 10 0.394728
11 10 -0.0557853
72 10 0.142861
73 10 -0.227068
74 10 0.167466
1620 10 -0.228988
1621 10 -0.138255
1622 10 -0.0625768
1623 10 0.0915633
1624 10 -0.0792697
1625 10 -0.208039
1638 10 -0.0592414
1639 10 0.0258367
1640 10 0.133494
1641 10 0.102912
1642 10 0.0416832
1643 10 0.0275918
9 11 0.0195557
10 11 -0.0557853
11 11 0.284963
72 11 -0.0597484
73 11 0.16775
74 11 0.102701
1620 11 0.0342055
1621 11 0.0105138
1622 11 -0.00614086
1623 11 0.0354384
1624 11 -0.0374109
1625 11 -0.0759769
1638 11 0.0828917
1639 11 -0.0400681
1640 11 -0.236758
1641 11 -0.111459
1642 11 -0.046196
1643 11 -0.0507892
12 12 0.280952
13 12 -0.0497493
14 12 0.0200714
75 12 0.117564
76 12 0.150868
77 12 -0.059867
1623 12 -0.0781487
1624 12 -0.0518299
1625 12 -0.0120648
1626 12 -0.0727232
1627 12 0.0369192
1628 12 0.12185
1641 12 -0.0117603
1642 12 -0.009559
1643 12 -0.00318158
1644 12 -0.217796
1645 12 -0.0768894
1646 12 -0.0660529
12 13 -0.0497493
13 13 0.394801
14 13 -0.0534165
75 13 0.1507
76 13 -0.227834
77 13 0.159283
1623 13 -0.229679
1624 13 -0.141224
1625 13 -0.0640129
1626 13 0.0892864
1627 13 -0.0705226
1628 13 -0.206922
1641 13 -0.0605503
1642 13 0.0227086
1643 13 0.13886
1644 13 0.0997545
1645 13 0.042969
1646 13 0.0276827
12 14 0.0200714
13 14 -0.0534165
14 14 0.282672
75 14 -0.0592778
76 14 0.159998
77 14 0.110052
1623 14 0.0299932
1624 14 0.00789886
1625 14 -0.0069141
1626 14 0.0373532
1627 14 -0.0359686
1628 14 -0.0811059
1641 14 0.080625
1642 14 -0.033493
1643 14 -0.235408
1644 14 -0.108087
1645 14 -0.0466364
1646 14 -0.0518571
15 15 0.283691
16 15 -0.0524129
17 15 0.0193077
78 15 0.109864
79 15 0.159991
80 15 -0.0604775
1626 15 -0.0721313
1627 15 -0.0504506
1628 15 -0.0116055
1629 15 -0.0741816
1630 15 0.0342634
1631 15 0.127226
1644 15 -0.00975887
1645 15 -0.00995928
1646 15 -0.00706595
1647 15 -0.219067
1648 15 -0.0817597
1649 15 -0.0666334
15 16 -0.0524129
16 16 0.392749
17 16 -0.0504524
78 16 0.160008
79 16 -0.22638
80 16 0.150784
1626 16 -0.227622
1627 16 -0.146525
1628 16 -0.0664682
1629 16 0.0857187
1630 16 -0.0636941
1631 16 -0.204555
1644 16 -0.0619932
1645 16 0.0191827
1646 16 0.142519
1647 16 0.0957385
1648 16 0.0435181
1649 16 0.0270706
15 17 0.0193077
16 17 -0.0504524
17 17 0.281986
78 17 -0.0605809
79 17 0.152169
80 17 0.116568
1626 17 0.0267571
1627 17 0.00671529
1628 17 -0.00811491
1629 17 0.0391649
1630 17 -0.0352443
1631 17 -0.0869857
1644 17 0.080288
1645 17 -0.0272494
1646 17 -0.234316
1647 17 -0.104528
1648 17 -0.0464421
1649 17 -0.0511461
18 18 0.286477
19 18 -0.0562955
20 18 0.0195828
81 18 0.101682
82 18 0.169305
83 18 -0.0610437
1629 18 -0.0657728
1630 18 -0.0482053
1631 18 -0.0102547
1632 18 -0.0758717
1633 18 0.0316608
1634 18 0.131966
1647 18 -0.00745468
1648 18 -0.0110164
1649 18 -0.0124564
1650 18 -0.220758
1651 18 -0.0873916
1652 18 -0.0670269
18 19 -0.0562955
19 19 0.391843
20 19 -0.0478177
81 19 0.168743
82 19 -0.223638
83 19 0.144214
1629 19 -0.227234
1630 19 -0.150772
1631 19 -0.0668679
1632 19 0.0847578
1633 19 -0.0571418
1634 19 -0.202096
1647 19 -0.0615994
1648 19 0.0150945
1649 19 0.146487
1650 19 0.0919206
1651 19 0.0442551
1652 19 0.0262138
18 20 0.0195828
19 20 -0.0478177
20 20 0.280105
81 20 -0.0617688
82 20 0.144513
83 20 0.121335
1629 20 0.0239628
1630 20 0.00578399
1631 20 -0.00893942
1632 20 0.0417299
1633 20 -0.0338517
1634 20 -0.0915948
1647 20 0.0767862
1648 20 -0.0210235
1649 20 -0.233656
1650 20 -0.100396
1651 20 -0.0468331
1652 20 -0.0498124
21 21 0.289686
22 21 -0.0597182
23 21 0.0183992
84 21 0.0924243
85 21 0.179137
86 21 -0.0618433
1632 21 -0.0587984
1633 21 -0.0455594
1634 21 -0.0090818
1635 21 -0.0772353
1636 21 0.030147
1637 21 0.136995
1650 21 -0.0055211
1651 21 -0.0115564
1652 21 -0.0181447
1653 21 -0.222438
1654 21 -0.0928715
1655 21 -0.0673917
21 22 -0.0597182
22 22 0.39031
23 22 -0.0444241
84 22 0.177624
85 22 -0.219288
86 22 0.136813
1632 22 -0.225202
1633 22 -0.156937
1634 22 -0.0683796
1635 22 0.0825832
1636 22 -0.0526729
1637 22 -0.198122
1650 22 -0.0620698
1651 22 0.0115292
1652 22 0.150151
1653 22 0.087271
1654 22 0.0444715
1655 22 0.0250561
21 23 0.0183992
22 23 -0.0444241
23 23 0.278429
84 23 -0.0624231
85 23 0.135795
86 23 0.127045
1632 23 0.0209669
1633 23 0.00429878
1634 23 -0.0101502
1635 23 0.044419
1636 23 -0.0336286
1637 23 -0.0972761
1650 23 0.0742711
1651 23 -0.0156944
1652 23 -0.232008
1653 23 -0.0954672
1654 23 -0.0465743
1655 23 -0.047764
24 24 0.280706
25 24 -0.0491818
26 24 0.0189926
96 24 0.118957
97 24 0.150146
98 24 -0.0570138
1641 24 -0.079677
1642 24 -0.0519295
1643 24 -0.0131821
1644 24 -0.0715185
1645 24 0.0352572
1646 24 0.121254
1656 24 -0.0119611
1657 24 -0.00941951
1658 24 -0.00299619
1659 24 -0.218012
1660 24 -0.0751468
1661 24 -0.0663807
24 25 -0.0491818
25 25 0.396766
26 25 -0.051799
96 25 0.150012
97 25 -0.233834
98 25 0.154684
1641 25 -0.230178
1642 25 -0.139358
1643 25 -0.0661013
1644 25 0.0870757
1645 25 -0.0684968
1646 25 -0.207588
1656 25 -0.0609997
1657 25 0.0215371
1658 25 0.142897
1659 25 0.102445
1660 25 0.0431703
1661 25 0.0289633
24 26 0.0189926
25 26 -0.051799
26 26 0.280953
96 26 -0.0560261
97 26 0.15529
98 26 0.114468
1641 26 0.0271604
1642 26 0.00576756
1643 26 -0.00799116
1644 26 0.0378689
1645 26 -0.0363629
1646 26 -0.0850703
1656 26 0.0786465
1657 26 -0.0302548
1658 26 -0.234088
1659 26 -0.106341
1660 26 -0.0445962
1661 26 -0.051682
27 27 0.282138
28 27 -0.0511887
29 27 0.0161881
99 27 0.113195
100 27 0.156547
101 27 -0.0567297
1644 27 -0.0752355
1645 27 -0.0507317
1646 27 -0.0131225
1647 27 -0.0738977
1648 27 0.0338947
1649 27 0.12521
1659 27 -0.0106042
1660 27 -0.00925071
1661 27 -0.00408798
1662 27 -0.217796
1663 27 -0.0776685
1664 27 -0.0682722
27 28 -0.0511887
28 28 0.393618
29 28 -0.0491087
99 28 0.156672
100 28 -0.232879
101 28 0.148905
1644 28 -0.228416
1645 28 -0.142217
1646 28 -0.0679681
1647 28 0.0861736
1648 28 -0.0621744
1649 28 -0.204733
1659 28 -0.0620644
1660 28 0.0173659
1661 28 0.145092
1662 28 0.0993752
1663 28 0.0432627
1664 28 0.0293669
27 29 0.0161881
28 29 -0.0491087
29 29 0.282669
99 29 -0.0584951
100 29 0.148959
101 29 0.119364
1644 29 0.0245105
1645 29 0.0046396
1646 29 -0.00828132
1647 29 0.0405818
1648 29 -0.0356805
1649 29 -0.0903652
1659 29 0.0794223
1660 29 -0.0233841
1661 29 -0.234123
1662 29 -0.103292
1663 29 -0.044258
1664 29 -0.0520357
30 30 0.284629
31 30 -0.0547986
32 30 0.0177828
102 30 0.105895
103 30 0.165535
104 30 -0.0575428
1647 30 -0.0691958
1648 30 -0.0492017
1649 30 -0.0122274
1650 30 -0.0740208
1651 30 0.0302812
1652 30 0.129974
1662 30 -0.00870306
1663 30 -0.0101807
1664 30 -0.010215
1665 30 -0.220266
1666 30 -0.0830733
1667 30 -0.067361
30 31 -0.0547986
31 31 0.394422
32 31 -0.0459768
102 31 0.165678
103 31 -0.231599
104 31 0.140632
1647 31 -0.22784
1648 31 -0.147325
1649 31 -0.069205
1650 31 0.0835727
1651 31 -0.0555604
1652 31 -0.203351
1662 31 -0.06311
1663 31 0.0138732
1664 31 0.149732
1665 31 0.0966089
1666 31 0.04436
1667 31 0.0281037
30 32 0.0177828
31 32 -0.0459768
32 32 0.279374
102 32 -0.057299
103 32 0.140637
104 32 0.124923
1647 32 0.0203593
1648 32 0.00313139
1649 32 -0.00955161
1650 32 0.0422483
1651 32 -0.0340302
1652 32 -0.095461
1662 32 0.0766166
1663 32 -0.0178132
1664 32 -0.231659
1665 32 -0.0999187
1666 32 -0.0444311
1667 32 -0.0497799
33 33 0.705064
34 33 -0.0678528
35 33 0.20248
36 33 -0.11546
37 33 -0.0603696
38 33 0.198091
51 33 0.0571323
52 33 -0.0995385
53 33 -0.13951
129 33 0.062617
130 33 0.155244
131 33 -0.0585349
1608 33 -0.0767651
1609 33 -0.227344
1610 33 0.0352222
1668 33 -0.071305
1669 33 0.168038
1670 33 0.155354
1683 33 0.0458284
1684 33 0.0277761
1685 33 -0.0976957
1686 33 -0.589465
1687 33 0.104784
1688 33 -0.295722
33 34 -0.0678528
34 34 0.314258
35 34 -0.0321918
36 34 -0.00102588
37 34 0.0819239
38 34 0.0154451
51 34 0.0167512
52 34 0.0262772
53 34 -0.0641254
129 34 -0.0186565
130 34 -0.108325
131 34 0.0540556
1608 34 -0.0528466
1609 34 -0.145785
1610 34 0.0116609
1668 34 0.0499804
1669 34 -0.130571
1670 34 -0.100614
1683 34 -0.0284795
1684 34 -0.0374367
1685 34 0.0678575
1686 34 0.103195
1687 34 0.0177805
1688 34 0.0488182
33 35 0.20248
34 35 -0.0321918
35 35 0.391115
36 35 0.0105097
37 35 0.0165106
38 35 0.0335922
51 35 -0.00251532
52 35 -0.140783
53 35 -0.0822415
129 35 -0.00530909
130 35 0.12829
131 35 0.0433308
1608 35 -0.011889
1609 35 -0.0642131
1610 35 -0.00493991
1668 35 0.0183419
1669 35 -0.0197452
1670 35 -0.023592
1683 35 0.089182
1684 35 0.062649
1685 35 -0.233649
1686 35 -0.301685
1687 35 0.0495154
1688 35 -0.106046
33 36 -0.11546
34 36 -0.00102588
35 36 0.0105097
36 36 0.905358
37 36 0.00173333
38 36 -0.000627168
39 36 -0.11278
40 36 -0.0715439
41 36 0.198297
54 36 0.113637
55 36 -0.0835335
56 36 -0.143329
132 36 0.11216
133 36 0.14756
134 36 -0.0683928
1608 36 -0.081177
1609 36 0.105105
1610 36 0.0386707
1611 36 -0.0790069
1612 36 -0.232668
1613 36 0.0285983
1668 36 -0.0722793
1669 36 -0.0964119
1670 36 -0.0233813
1671 36 -0.0779976
1672 36 0.165165
1673 36 0.164575
1686 36 0.0256712
1687 36 -0.0278557
1688 36 0.0840523
1689 36 -0.601905
1690 36 0.0975586
1691 36 -0.291546
33 37 -0.0603696
34 37 0.0819239
35 37 0.0165106
36 37 0.00173333
37 37 0.745626
38 37 -0.0465845
39 37 -0.00754324
40 37 0.077153
41 37 0.0217955
54 37 -0.0838698
55 37 0.0571477
56 37 -0.203686
132 37 0.082935
133 37 -0.169873
134 37 0.0435127
1608 37 0.169421
1609 37 -0.171906
1610 37 -0.047895
1611 37 -0.108069
1612 37 -0.276804
1613 37 0.0916843
1668 37 -0.107547
1669 37 -0.191385
1670 37 -0.0459324
1671 37 0.0499533
1672 37 -0.117561
1673 37 -0.0969994
1686 37 -0.028841
1687 37 -0.0390645
1688 37 0.226358
1689 37 0.0925908
1690 37 0.0213614
1691 37 0.0414313
33 38 0.198091
34 38 0.0154451
35 38 0.0335922
36 38 -0.000627168
37 38 -0.0465845
38 38 0.889482
39 38 0.0115366
40 38 0.0196461
41 38 0.0317335
54 38 -0.144304
55 38 -0.197789
56 38 -0.170812
132 38 -0.0900296
133 38 0.166007
134 38 0.0573714
1608 38 0.163241
1609 38 -0.234249
1610 38 -0.0847493
1611 38 -0.029787
1612 38 -0.0909755
1613 38 0.0165431
1668 38 0.0766733
1669 38 0.124302
1670 38 0.0382258
1671 38 0.0216682
1672 38 -0.0246931
1673 38 -0.0299333
1686 38 0.0867371
1687 38 0.226879
1688 38 -0.665046
1689 38 -0.292919
1690 38 0.043898
1691 38 -0.0969672
36 39 -0.11278
37 39 -0.00754324
38 39 0.0115366
39 39 0.90785
40 39 0.00590626
41 39 -0.005405
42 39 -0.107496
43 39 -0.080806
44 39 0.19645
57 39 0.115406
58 39 -0.0796608
59 39 -0.142239
135 39 0.106363
136 39 0.155018
137 39 -0.0656484
1611 39 -0.0887456
1612 39 0.105849
1613 39 0.044141
1614 39 -0.0713302
1615 39 -0.228358
1616 39 0.0236331
1671 39 -0.0683218
1672 39 -0.0911749
1673 39 -0.024154
1674 39 -0.0828613
1675 39 0.161742
1676 39 0.171274
1689 39 0.0273278
1690 39 -0.0275802
1691 39 0.0773174
1692 39 -0.608267
1693 39 0.088678
1694 39 -0.288056
36 40 -0.0715439
37 40 0.077153
38 40 0.0196461
39 40 0.00590626
40 40 0.744149
41 40 -0.0500942
42 40 -0.0129517
43 40 0.0747068
44 40 0.0285433
57 40 -0.0831581
58 40 0.0605087
59 40 -0.200275
135 40 0.0906312
136 40 -0.168784
137 40 0.0370541
1611 40 0.168247
1612 40 -0.155962
1613 40 -0.0520933
1614 40 -0.101018
1615 40 -0.28324
1616 40 0.0873576
1671 40 -0.104494
1672 40 -0.19666
1673 40 -0.0517536
1674 40 0.0499721
1675 40 -0.108995
1676 40 -0.0947625
1689 40 -0.0251891
1690 40 -0.0499711
1691 40 0.240244
1692 40 0.0842806
1693 40 0.0240473
1694 40 0.0362416
36 41 0.198297
37 41 0.0217955
38 41 0.0317335
39 41 -0.005405
40 41 -0.0500942
41 41 0.888466
42 41 0.0119846
43 41 0.021858
44 41 0.0310233
57 41 -0.144025
58 41 -0.197375
59 41 -0.176545
135 41 -0.0930246
136 41 0.159113
137 41 0.0626923
1611 41 0.172658
1612 41 -0.23028
1613 41 -0.0949522
1614 41 -0.0289579
1615 41 -0.0958025
1616 41 0.0168322
1671 41 0.071603
1672 41 0.120606
1673 41 0.0402079
1674 41 0.0243404
1675 41 -0.0273022
1676 41 -0.0348277
1689 41 0.0749195
1690 41 0.243455
1691 41 -0.655178
1692 41 -0.287189
1693 41 0.038086
1694 41 -0.0936799
39 42 -0.107496
40 42 -0.0129517
41 42 0.0119846
42 42 0.907785
43 42 0.00759237
44 42 -0.0026832
45 42 -0.104149
46 42 -0.0847757
47 42 0.197103
60 42 0.116976
61 42 -0.0797931
62 42 -0.142081
138 42 0.0999554
139 42 0.162534
140 42 -0.0644228
1614 42 -0.0920929
1615 42 0.104039
1616 42 0.046239
1617 42 -0.0664143
1618 42 -0.226791
1619 42 0.019979
1674 42 -0.064245
1675 42 -0.0853209
1676 42 -0.0243086
1677 42 -0.0830821
1678 42 0.158497
1679 42 0.175214
1692 42 0.0279571
1693 42 -0.0238661
1694 42 0.0645317
1695 42 -0.616311
1696 42 0.0786595
1697 42 -0.282175
39 43 -0.080806
40 43 0.0747068
41 43 0.021858
42 43 0.00759237
43 43 0.749629
44 43 -0.0535773
45 43 -0.0144539
46 43 0.0730899
47 43 0.0309495
60 43 -0.0807373
61 43 0.0641938
62 43 -0.198286
138 43 0.0985034
139 43 -0.166417
140 43 0.0322758
1614 43 0.164955
1615 43 -0.148686
1616 43 -0.0506689
1617 43 -0.0948109
1618 43 -0.289741
1619 43 0.0842173
1674 43 -0.101962
1675 43 -0.202971
1676 43 -0.0579658
1677 43 0.0481138
1678 43 -0.104196
1679 43 -0.0925039
1692 43 -0.0224849
1693 43 -0.060372
1694 43 0.252871
1695 43 0.0773854
1696 43 0.0255279
1697 43 0.0326986
39 44 0.19645
40 44 0.0285433
41 44 0.0310233
42 44 -0.0026832
43 44 -0.0535773
44 44 0.883052
45 44 0.0125577
46 44 0.0231319
47 44 0.0298004
60 44 -0.143128
61 44 -0.195243
62 44 -0.179672
138 44 -0.0947489
139 44 0.151325
140 44 0.0667671
1614 44 0.179388
1615 44 -0.228647
1616 44 -0.100489
1617 44 -0.0270794
1618 44 -0.0980077
1619 44 0.0165418
1674 44 0.0666852
1675 44 0.116452
1676 44 0.0417758
1677 44 0.0261727
1678 44 -0.0289167
1679 44 -0.0393003
1692 44 0.0641605
1693 44 0.254586
1694 44 -0.64534
1695 44 -0.281094
1696 44 0.0328363
1697 44 -0.0874297
42 45 -0.104149
43 45 -0.0144539
44 45 0.0125577
45 45 0.299672
46 45 0.0145279
47 45 -0.0359259
63 45 0.0584423
64 45 -0.0494131
65 45 -0.0274915
141 45 0.0458308
142 45 0.0641498
143 45 0.0141989
1617 45 -0.0773163
1618 45 0.0839784
1619 45 0.0410445
1677 45 -0.0624315
1678 45 -0.0821327
1679 45 -0.0232239
1695 45 0.0300332
1696 45 -0.0204385
1697 45 0.0539655
1698 45 -0.17243
1699 45 0.00386727
1700 45 -0.034435
42 46 -0.0847757
43 46 0.0730899
44 46 0.0231319
45 46 0.0145279
46 46 0.361523
47 46 -0.173055
63 46 -0.0295944
64 46 0.0316631
65 46 -0.0112581
141 46 0.113585
142 46 -0.104584
143 46 -0.00950774
1617 46 0.0333206
1618 46 -0.0583076
1619 46 -0.0338746
1677 46 -0.101757
1678 46 -0.205109
1679 46 -0.0589767
1695 46 -0.0203245
1696 46 -0.0644137
1697 46 0.258747
1698 46 0.0751679
1699 46 -0.0154423
1700 46 0.00460196
42 47 0.197103
43 47 0.0309495
44 47 0.0298004
45 47 -0.0359259
46 47 -0.173055
47 47 0.749242
63 47 -0.11547
64 47 -0.185186
65 47 -0.0918374
141 47 -0.0816832
142 47 0.155173
143 47 0.0595446
1617 47 0.135225
1618 47 -0.200256
1619 47 -0.0893424
1677 47 0.0655299
1678 47 0.11568
1679 47 0.0417712
1695 47 0.0548605
1696 47 0.259569
1697 47 -0.642951
1698 47 -0.22046
1699 47 -0.00604508
1700 47 -0.0359408
48 48 0.772592
49 48 -0.0203513
50 48 0.161587
51 48 -0.115301
52 48 -0.0549533
53 48 0.198672
69 48 0.0536714
70 48 -0.104473
71 48 -0.141777
150 48 0.127156
151 48 0.13559
152 48 -0.0641662
1620 48 -0.0829011
1621 48 -0.228152
1622 48 0.0376457
1680 48 -0.0857674
1681 48 -0.0548306
1682 48 -0.0107964
1683 48 -0.0717576
1684 48 0.171079
1685 48 0.149776
1704 48 0.010532
1705 48 0.0403181
1706 48 -0.0402164
1707 48 -0.590844
1708 48 0.11522
1709 48 -0.289931
48 49 -0.0203513
49 49 0.590977
50 49 -0.0603275
51 49 0.00326867
52 49 0.0840838
53 49 0.0111158
69 49 0.014365
70 49 0.02618
71 49 -0.0617541
150 49 0.133382
151 49 -0.217232
152 49 0.183
1620 49 -0.0537755
1621 49 -0.139659
1622 49 0.0113133
1680 49 -0.227735
1681 49 -0.136727
1682 49 -0.0589765
1683 49 0.104606
1684 49 -0.190847
1685 49 -0.235599
1704 49 -0.0655367
1705 49 -0.0106431
1706 49 0.161151
1707 49 0.113511
1708 49 0.0143166
1709 49 0.0524615
48 50 0.161587
49 50 -0.0603275
50 50 0.498879
51 50 0.0109615
52 50 0.015677
53 50 0.0333162
69 50 -0.00646464
70 50 -0.140297
71 50 -0.078794
150 50 -0.0616509
151 50 0.18119
152 50 0.0884228
1620 50 -0.0121711
1621 50 -0.0617114
1622 50 -0.00532214
1680 50 0.0428512
1681 50 0.0144485
1682 50 -0.00570709
1683 50 0.0341094
1684 50 -0.046231
1685 50 -0.0755475
1704 50 0.127145
1705 50 0.0406606
1706 50 -0.336854
1707 50 -0.298084
1708 50 0.0536614
1709 50 -0.10238
33 51 0.0571323
34 51 0.0167512
35 51 -0.00251532
48 51 -0.115301
49 51 0.00326867
50 51 0.0109615
51 51 1.06864
52 51 0.016552
53 51 -0.153271
54 51 -0.228251
55 51 -0.0643093
56 51 0.210091
72 51 0.109279
73 51 -0.0878991
74 51 -0.147763
153 51 0.123618
154 51 0.141988
155 51 -0.0617308
1608 51 0.0100781
1609 51 -0.0710737
1610 51 0.127387
1620 51 -0.075623
1621 51 0.102776
1622 51 0.0366776
1623 51 -0.0990326
1624 51 -0.294809
1625 51 0.0150995
1683 51 -0.104276
1684 51 -0.124058
1685 51 -0.0294271
1686 51 -0.157434
1687 51 0.271655
1688 51 0.195695
1707 51 0.0231667
1708 51 -0.028099
1709 51 0.0910349
1710 51 -0.593023
1711 51 0.114406
1712 51 -0.291408
33 52 -0.0995385
34 52 0.0262772
35 52 -0.140783
48 52 -0.0549533
49 52 0.0840838
50 52 0.015677
51 52 0.016552
52 52 1.26029
53 52 0.0506357
54 52 -0.0617655
55 52 0.16455
56 52 0.0316999
72 52 -0.0878245
73 52 0.058166
74 52 -0.200221
153 52 0.140949
154 52 -0.220206
155 52 0.173344
1608 52 0.0418129
1609 52 -0.0202451
1610 52 0.0581757
1620 52 0.169079
1621 52 -0.180169
1622 52 -0.0473398
1623 52 -0.119686
1624 52 -0.393713
1625 52 0.066346
1683 52 -0.29757
1684 52 -0.388641
1685 52 0.00387331
1686 52 0.270968
1687 52 -0.354232
1688 52 -0.283297
1707 52 -0.0272994
1708 52 -0.0331763
1709 52 0.218357
1710 52 0.111625
1711 52 0.0146379
1712 52 0.0521983
33 53 -0.13951
34 53 -0.0641254
35 53 -0.0822415
48 53 0.198672
49 53 0.0111158
50 53 0.0333162
51 53 -0.153271
52 53 0.0506357
53 53 1.34156
54 53 0.209063
55 53 0.031403
56 53 0.0647206
72 53 -0.148729
73 53 -0.196366
74 53 -0.166986
153 53 -0.0624749
154 53 0.174182
155 53 0.0967656
1608 53 -0.0418873
1609 53 0.167925
1610 53 -0.329356
1620 53 0.157179
1621 53 -0.237258
1622 53 -0.0825987
1623 53 -0.0325393
1624 53 -0.00480028
1625 53 0.0394951
1683 53 0.0234591
1684 53 0.0764753
1685 53 0.0374799
1686 53 0.194482
1687 53 -0.277527
1688 53 -0.166153
1707 53 0.0891074
1708 53 0.216783
1709 53 -0.668258
1710 53 -0.295448
1711 53 0.0530031
1712 53 -0.101117
0 54 0.11512
1 54 0.152517
2 54 -0.062559
36 54 0.113637
37 54 -0.0838698
38 54 -0.144304
51 54 -0.228251
52 54 -0.0617655
53 54 0.209063
54 54 1.82565
55 54 -0.00367387
56 54 -0.000170907
57 54 -0.224585
58 54 -0.0785721
59 54 0.20746
75 54 0.111758
76 54 -0.0840214
77 54 -0.14668
156 54 0.115054
157 54 0.152741
158 54 -0.0618381
1608 54 -0.595007
1609 54 0.101104
1610 54 -0.29381
1611 54 0.0241783
1612 54 -0.0299197
1613 54 0.0836292
1623 54 -0.16141
1624 54 0.271202
1625 54 0.203436
1626 54 -0.165907
1627 54 -0.339301
1628 54 -0.00162461
1686 54 -0.172085
1687 54 -0.347119
1688 54 0.00363226
1689 54 -0.166609
1690 54 0.2717
1691 54 0.208036
1710 54 0.026108
1711 54 -0.0298323
1712 54 0.0848357
1713 54 -0.59884
1714 54 0.106076
1715 54 -0.288231
0 55 0.15174
1 55 -0.221354
2 55 0.163927
36 55 -0.0835335
37 55 0.0571477
38 55 -0.197789
51 55 -0.0643093
52 55 0.16455
53 55 0.031403
54 55 -0.00367387
55 55 1.82741
56 55 -0.00635954
57 55 -0.0754507
58 55 0.159775
59 55 0.0382011
75 55 -0.0852004
76 55 0.0612025
77 55 -0.198846
156 55 0.15284
157 55 -0.221872
158 55 0.162158
1608 55 0.104424
1609 55 0.0175659
1610 55 0.0477267
1611 55 -0.0263493
1612 55 -0.047454
1613 55 0.237973
1623 55 0.270972
1624 55 -0.340333
1625 55 -0.28015
1626 55 -0.339372
1627 55 -0.547561
1628 55 -0.00413294
1686 55 -0.344154
1687 55 -0.541347
1688 55 0.00487071
1689 55 0.269735
1690 55 -0.330055
1691 55 -0.283368
1710 55 -0.0295809
1711 55 -0.0419351
1712 55 0.233837
1713 55 0.103446
1714 55 0.0189493
1715 55 0.0471223
0 56 -0.063448
1 56 0.163643
2 56 0.106041
36 56 -0.143329
37 56 -0.203686
38 56 -0.170812
51 56 0.210091
52 56 0.0316999
53 56 0.0647206
54 56 -0.000170907
55 56 -0.00635954
56 56 1.82548
57 56 0.20621
58 56 0.0395365
59 56 0.0671108
75 56 -0.14761
76 56 -0.195048
77 56 -0.172894
156 56 -0.0633599
157 56 0.163276
158 56 0.106659
1608 56 -0.292719
1609 56 0.0473761
1610 56 -0.101175
1611 56 0.0837324
1612 56 0.234998
1613 56 -0.657521
1623 56 0.202995
1624 56 -0.284414
1625 56 -0.179286
1626 56 -0.000102744
1627 56 -0.000446968
1628 56 0.0336778
1686 56 0.00239898
1687 56 0.00562423
1688 56 0.0347143
1689 56 0.209284
1690 56 -0.279713
1691 56 -0.181377
1710 56 0.0880721
1711 56 0.232263
1712 56 -0.659821
1713 56 -0.2925
1714 56 0.0468879
1715 56 -0.0964401
3 57 0.10625
4 57 0.162893
5 57 -0.0634456
39 57 0.115406
40 57 -0.0831581
41 57 -0.144025
54 57 -0.224585
55 57 -0.0754507
56 57 0.20621
57 57 1.82227
58 57 0.00297609
59 57 -0.000496206
60 57 -0.21811
61 57 -0.0913545
62 57 0.205812
78 57 0.113147
79 57 -0.0799651
80 57 -0.145171
159 57 0.107021
160 57 0.161904
161 57 -0.0627315
1611 57 -0.601113
1612 57 0.0898881
1613 57 -0.287851
1614 57 0.0278837
1615 57 -0.0252242
1616 57 0.0718842
1626 57 -0.171004
1627 57 0.270691
1628 57 0.214154
1629 57 -0.149298
1630 57 -0.330586
1631 57 -0.00775855
1689 57 -0.155332
1690 57 -0.33684
1691 57 -0.00242474
1692 57 -0.176246
1693 57 0.268474
1694 57 0.220499
1713 57 0.0268887
1714 57 -0.0281644
1715 57 0.0781924
1716 57 -0.60694
1717 57 0.0968721
1718 57 -0.284733
3 58 0.163063
4 58 -0.220079
5 58 0.154048
39 58 -0.0796608
40 58 0.0605087
41 58 -0.197375
54 58 -0.0785721
55 58 0.159775
56 58 0.0395365
57 58 0.00297609
58 58 1.82945
59 58 -0.00124168
60 58 -0.0909875
61 58 0.152539
62 58 0.046392
78 58 -0.0821905
79 58 0.0678368
80 58 -0.196975
159 58 0.162425
160 58 -0.220287
161 58 0.154102
1611 58 0.0940284
1612 58 0.0226094
1613 58 0.0412008
1614 58 -0.0262723
1615 58 -0.0573087
1616 58 0.2528
1626 58 0.268105
1627 58 -0.318349
1628 58 -0.278617
1629 58 -0.330417
1630 58 -0.563772
1631 58 -0.0148401
1689 58 -0.335285
1690 58 -0.558735
1691 58 -0.00551289
1692 58 0.268132
1693 58 -0.30418
1694 58 -0.280592
1713 58 -0.0277447
1714 58 -0.0554588
1715 58 0.24726
1716 58 0.0941973
1717 58 0.021202
1718 58 0.0403128
3 59 -0.0643347
4 59 0.153012
5 59 0.114393
39 59 -0.142239
40 59 -0.200275
41 59 -0.176545
54 59 0.20746
55 59 0.0382011
56 59 0.0671108
57 59 -0.000496206
58 59 -0.00124168
59 59 1.82682
60 59 0.205914
61 59 0.0506976
62 59 0.0658375
78 59 -0.146701
79 59 -0.192889
80 59 -0.178001
159 59 -0.0646776
160 59 0.154896
161 59 0.113442
1611 59 -0.28949
1612 59 0.0410015
1613 59 -0.0978877
1614 59 0.0744583
1615 59 0.247476
1616 59 -0.648143
1626 59 0.214826
1627 59 -0.283682
1628 59 -0.191793
1629 59 -0.00656123
1630 59 -0.0124439
1631 59 0.0332193
1689 59 -0.0026622
1690 59 -0.00729179
1691 59 0.0338785
1692 59 0.222841
1693 59 -0.283071
1694 59 -0.197449
1713 59 0.0785353
1714 59 0.248415
1715 59 -0.65007
1716 59 -0.284793
1717 59 0.0418209
1718 59 -0.0910331
6 60 0.09936
7 60 0.172188
8 60 -0.0640063
42 60 0.116976
43 60 -0.0807373
44 60 -0.143128
57 60 -0.21811
58 60 -0.0909875
59 60 0.205914
60 60 1.82458
61 60 -0.0017787
62 60 0.00205677
63 60 -0.210348
64 60 -0.099673
65 60 0.208769
81 60 0.115759
82 60 -0.0789674
83 60 -0.143981
162 60 0.0986495
163 60 0.170761
164 60 -0.0643719
1614 60 -0.60866
1615 60 0.0836053
1616 60 -0.286061
1617 60 0.0290741
1618 60 -0.023745
1619 60 0.0622087
1629 60 -0.18044
1630 60 0.267933
1631 60 0.227015
1632 60 -0.136577
1633 60 -0.325301
1634 60 -0.0121599
1692 60 -0.139416
1693 60 -0.325376
1694 60 -0.00655073
1695 60 -0.182972
1696 60 0.264545
1697 60 0.228565
1716 60 0.0281444
1717 60 -0.0247115
1718 60 0.0665058
1719 60 -0.615042
1720 60 0.0865709
1721 60 -0.277718
6 61 0.170802
7 61 -0.217375
8 61 0.147515
42 61 -0.0797931
43 61 0.0641938
44 61 -0.195243
57 61 -0.0913545
58 61 0.152539
59 61 0.0506976
60 61 -0.0017787
61 61 1.8291
62 61 0.000594948
63 61 -0.0952615
64 61 0.149148
65 61 0.0527032
81 61 -0.0804933
82 61 0.0701616
83 61 -0.194669
162 61 0.171167
163 61 -0.217201
164 61 0.14784
1614 61 0.0843788
1615 61 0.0231718
1616 61 0.0358061
1617 61 -0.0232687
1618 61 -0.0650512
1619 61 0.259605
1629 61 0.264762
1630 61 -0.296195
1631 61 -0.279018
1632 61 -0.321481
1633 61 -0.575563
1634 61 -0.0221049
1692 61 -0.323469
1693 61 -0.573789
1694 61 -0.0160259
1695 61 0.266891
1696 61 -0.290156
1697 61 -0.280568
1716 61 -0.0236213
1717 61 -0.0649719
1718 61 0.257575
1719 61 0.0866021
1720 61 0.0213173
1721 61 0.037212
6 62 -0.064112
7 62 0.146012
8 62 0.118461
42 62 -0.142081
43 62 -0.198286
44 62 -0.179672
57 62 0.205812
58 62 0.046392
59 62 0.0658375
60 62 0.00205677
61 62 0.000594948
62 62 1.82485
63 62 0.207223
64 62 0.0528029
65 62 0.0612515
81 62 -0.145291
82 62 -0.191545
83 62 -0.182444
162 62 -0.0655629
163 62 0.147443
164 62 0.118258
1614 62 -0.284202
1615 62 0.0389866
1616 62 -0.0941335
1617 62 0.059054
1618 62 0.260297
1619 62 -0.642623
1629 62 0.225325
1630 62 -0.280631
1631 62 -0.205879
1632 62 -0.00854471
1633 62 -0.016935
1634 62 0.0341577
1692 62 -0.00705214
1693 62 -0.0161119
1694 62 0.0344611
1695 62 0.230628
1696 62 -0.27913
1697 62 -0.208317
1716 62 0.0652545
1717 62 0.25977
1718 62 -0.641252
1719 62 -0.282431
1720 62 0.037582
1721 62 -0.0874646
45 63 0.0584423
46 63 -0.0295944
47 63 -0.11547
60 63 -0.210348
61 63 -0.0952615
62 63 0.207223
63 63 1.37723
64 63 0.065519
65 63 0.0461787
66 63 -0.0975222
67 63 -0.0917861
68 63 0.19718
84 63 0.115218
85 63 -0.0784217
86 63 -0.145406
165 63 0.0899
166 63 0.17939
167 63 -0.0645303
1617 63 -0.307546
1618 63 0.130433
1619 63 -0.212394
1632 63 -0.107309
1633 63 0.230172
1634 63 0.0994437
1635 63 -0.0618026
1636 63 -0.224812
1637 63 0.0137206
1695 63 -0.127725
1696 63 -0.31629
1697 63 -0.00782214
1698 63 -0.110819
1699 63 0.179899
1700 63 0.196811
1719 63 0.0288312
1720 63 -0.0194857
1721 63 0.0510611
1722 63 -0.629535
1723 63 0.0764067
1724 63 -0.270058
45 64 -0.0494131
46 64 0.0316631
47 64 -0.185186
60 64 -0.099673
61 64 0.149148
62 64 0.0528029
63 64 0.065519
64 64 1.25609
65 64 0.111682
66 64 -0.017478
67 64 0.0695044
68 64 0.0364334
84 64 -0.0799579
85 64 0.0716727
86 64 -0.193504
165 64 0.180872
166 64 -0.214237
167 64 0.139107
1617 64 -0.0539315
1618 64 0.0136431
1619 64 0.00639089
1632 64 0.177826
1633 64 -0.220214
1634 64 -0.0797517
1635 64 -0.0896788
1636 64 -0.294971
1637 64 0.0778233
1695 64 -0.317689
1696 64 -0.585377
1697 64 -0.0154253
1698 64 0.22969
1699 64 -0.210879
1700 64 -0.248015
1719 64 -0.0202107
1720 64 -0.0727925
1721 64 0.267226
1722 64 0.0749569
1723 64 0.0271596
1724 64 0.0286716
45 65 -0.0274915
46 65 -0.0112581
47 65 -0.0918374
60 65 0.208769
61 65 0.0527032
62 65 0.0612515
63 65 0.0461787
64 65 0.111682
65 65 1.03718
66 65 0.0147779
67 65 0.026105
68 65 0.026756
84 65 -0.146061
85 65 -0.190321
86 65 -0.183446
165 65 -0.0654615
166 65 0.138359
167 65 0.124488
1617 65 -0.0684911
1618 65 0.0249637
1619 65 -0.0418757
1632 65 0.191631
1633 65 -0.247944
1634 65 -0.12455
1635 65 -0.0266416
1636 65 -0.100851
1637 65 0.0157264
1695 65 -0.0104472
1696 65 -0.0197516
1697 65 0.034639
1698 65 0.101108
1699 65 -0.0835386
1700 65 -0.1291
1719 65 0.0521416
1720 65 0.267641
1721 65 -0.634751
1722 65 -0.270083
1723 65 0.0300918
1724 65 -0.0748756
63 66 -0.0975222
64 66 -0.017478
65 66 0.0147779
66 66 0.471813
67 66 -0.0708912
68 66 -0.0475333
87 66 0.0569617
88 66 -0.0536473
89 66 -0.0315086
168 66 0.0796679
169 66 0.188924
170 66 -0.065872
1635 66 -0.0758724
1636 66 0.0781977
1637 66 0.043269
1698 66 -0.0554904
1699 66 -0.0844376
1700 66 -0.024482
1701 66 -0.0759136
1702 66 0.0306506
1703 66 0.141266
1722 66 0.0324145
1723 66 -0.0130775
1724 66 0.0329977
1725 66 -0.317573
1726 66 -0.0575759
1727 66 -0.0631577
63 67 -0.0917861
64 67 0.0695044
65 67 0.026105
66 67 -0.0708912
67 67 0.589174
68 67 -0.115222
87 67 -0.0267249
88 67 0.0367659
89 67 -0.00740776
168 67 0.189567
169 67 -0.20787
170 67 0.132527
1635 67 0.0292805
1636 67 -0.0510245
1637 67 -0.0332295
1698 67 -0.221589
1699 67 -0.300086
1700 67 -0.101396
1701 67 0.0770366
1702 67 -0.0523728
1703 67 -0.197416
1722 67 -0.0135436
1723 67 -0.0800492
1724 67 0.275877
1725 67 0.128517
1726 67 0.0125096
1727 67 0.0207128
63 68 0.19718
64 68 0.0364334
65 68 0.026756
66 68 -0.0475333
67 68 -0.115222
68 68 0.801462
87 68 -0.117348
88 68 -0.180572
89 68 -0.0934848
168 68 -0.0657674
169 68 0.132046
170 68 0.128311
1635 68 0.138367
1636 68 -0.198796
1637 68 -0.0992778
1698 68 0.0152424
1699 68 0.0809465
1700 68 0.0177204
1701 68 0.0432163
1702 68 -0.0338296
1703 68 -0.0987302
1722 68 0.0342069
1723 68 0.275282
1724 68 -0.63083
1725 68 -0.198953
1726 68 0.00516905
1727 68 -0.034578
48 69 0.0536714
49 69 0.014365
50 69 -0.00646464
69 69 0.921646
70 69 -0.00134614
71 69 -0.00065626
72 69 -0.229551
73 69 -0.0536478
74 69 0.212838
90 69 0.0513195
91 69 -0.103285
92 69 -0.144591
177 69 0.129497
178 69 0.133445
179 69 -0.0608433
1620 69 0.0107812
1621 69 -0.0684897
1622 69 0.128036
1638 69 -0.0961875
1639 69 -0.288071
1640 69 0.0203956
1704 69 -0.0995054
1705 69 -0.0652311
1706 69 -0.00983835
1707 69 -0.143949
1708 69 0.27088
1709 69 0.187467
1728 69 0.0105173
1729 69 0.0403556
1730 69 -0.0374904
1731 69 -0.591621
1732 69 0.122048
1733 69 -0.289886
48 70 -0.104473
49 70 0.02618
50 70 -0.140297
69 70 -0.00134614
70 70 0.924826
71 70 -0.00498191
72 70 -0.0502079
73 70 0.166922
74 70 0.0285566
90 70 0.0131683
91 70 0.0282867
92 70 -0.0597882
177 70 0.131348
178 70 -0.222424
179 70 0.17924
1620 70 0.0408916
1621 70 -0.0160997
1622 70 0.0503905
1638 70 -0.0640808
1639 70 -0.26029
1640 70 -0.0111871
1704 70 -0.287974
1705 70 -0.25619
1706 70 0.0300818
1707 70 0.270556
1708 70 -0.372161
1709 70 -0.286571
1728 70 -0.0654721
1729 70 -0.0129275
1730 70 0.161838
1731 70 0.119602
1732 70 0.0118764
1733 70 0.0538938
48 71 -0.141777
49 71 -0.0617541
50 71 -0.078794
69 71 -0.00065626
70 71 -0.00498191
71 71 0.919998
72 71 0.212602
73 71 0.0261998
74 71 0.0608007
90 71 -0.00865777
91 71 -0.139273
92 71 -0.0788833
177 71 -0.0591133
178 71 0.179238
179 71 0.0927785
1620 71 -0.0394516
1621 71 0.165683
1622 71 -0.332912
1638 71 -0.0107817
1639 71 0.0267305
1640 71 0.0165486
1704 71 0.0253376
1705 71 -0.00679001
1706 71 0.0154563
1707 71 0.186994
1708 71 -0.284067
1709 71 -0.162743
1728 71 0.126868
1729 71 0.0434031
1730 71 -0.336781
1731 71 -0.292631
1732 71 0.0548631
1733 71 -0.0981186
9 72 0.123059
10 72 0.142861
11 72 -0.0597484
51 72 0.109279
52 72 -0.0878245
53 72 -0.148729
69 72 -0.229551
70 72 -0.0502079
71 72 0.212602
72 72 1.82478
73 72 -0.00243165
74 72 0.000321985
75 72 -0.227767
76 72 -0.0651904
77 72 0.207944
93 72 0.106657
94 72 -0.0863752
95 72 -0.151131
180 72 0.12371
181 72 0.141538
182 72 -0.0606495
1620 72 -0.590536
1621 72 0.111634
1622 72 -0.294815
1623 72 0.021769
1624 72 -0.0294721
1625 72 0.0902097
1638 72 -0.147532
1639 72 0.267587
1640 72 0.192662
1641 72 -0.185529
1642 72 -0.351041
1643 72 -0.00118567
1707 72 -0.190401
1708 72 -0.355227
1709 72 0.00893557
1710 72 -0.150361
1711 72 0.264551
1712 72 0.19752
1731 72 0.0226081
1732 72 -0.0276995
1733 72 0.0916258
1734 72 -0.591832
1735 72 0.121217
1736 72 -0.286994
9 73 0.143244
10 73 -0.227068
11 73 0.16775
51 73 -0.0878991
52 73 0.058166
53 73 -0.196366
69 73 -0.0536478
70 73 0.166922
71 73 0.0261998
72 73 -0.00243165
73 73 1.83263
74 73 -0.0033963
75 73 -0.0608175
76 73 0.166285
77 73 0.0310974
93 73 -0.0888262
94 73 0.0638313
95 73 -0.196279
180 73 0.141889
181 73 -0.225853
182 73 0.167385
1620 73 0.117784
1621 73 0.0137851
1622 73 0.0537807
1623 73 -0.0305699
1624 73 -0.0404483
1625 73 0.228677
1638 73 0.269324
1639 73 -0.359467
1640 73 -0.283595
1641 73 -0.350601
1642 73 -0.528725
1643 73 -0.00171822
1707 73 -0.351892
1708 73 -0.523485
1709 73 0.012512
1710 73 0.267103
1711 73 -0.353111
1712 73 -0.287028
1731 73 -0.027598
1732 73 -0.0356124
1733 73 0.224642
1734 73 0.1171
1735 73 0.0111287
1736 73 0.0545342
9 74 -0.0602645
10 74 0.167466
11 74 0.102701
51 74 -0.147763
52 74 -0.200221
53 74 -0.166986
69 74 0.212838
70 74 0.0285566
71 74 0.0608007
72 74 0.000321985
73 74 -0.0033963
74 74 1.82113
75 74 0.208004
76 74 0.0315395
77 74 0.0668845
93 74 -0.151706
94 74 -0.193678
95 74 -0.167978
180 74 -0.0578491
181 74 0.169164
182 74 0.104148
1620 74 -0.291865
1621 74 0.0526543
1622 74 -0.101578
1623 74 0.0924957
1624 74 0.229997
1625 74 -0.657028
1638 74 0.193514
1639 74 -0.288852
1640 74 -0.172696
1641 74 0.00199992
1642 74 0.00284119
1643 74 0.0345282
1707 74 0.00626078
1708 74 0.0105784
1709 74 0.0354408
1710 74 0.196301
1711 74 -0.283499
1712 74 -0.177081
1731 74 0.0866869
1732 74 0.220604
1733 74 -0.663937
1734 74 -0.290137
1735 74 0.0563946
1736 74 -0.100097
12 75 0.117564
13 75 0.1507
14 75 -0.0592778
54 75 0.111758
55 75 -0.0852004
56 75 -0.14761
72 75 -0.227767
73 75 -0.0608175
74 75 0.208004
75 75 1.8232
76 75 -0.00198647
77 75 0.0044723
78 75 -0.225966
79 75 -0.0764862
80 75 0.208049
96 75 0.109888
97 75 -0.0817422
98 75 -0.149807
183 75 0.118454
184 75 0.149639
185 75 -0.0583815
1623 75 -0.593042
1624 75 0.110833
1625 75 -0.291724
1626 75 0.0249263
1627 75 -0.0297646
1628 75 0.0858737
1641 75 -0.156055
1642 75 0.267834
1643 75 0.204007
1644 75 -0.173326
1645 75 -0.347679
1646 75 -0.0082715
1710 75 -0.178413
1711 75 -0.347361
1712 75 0.00181296
1713 75 -0.159993
1714 75 0.264687
1715 75 0.206545
1734 75 0.0243717
1735 75 -0.0311188
1736 75 0.0846738
1737 75 -0.596363
1738 75 0.115827
1739 75 -0.285362
12 76 0.150868
13 76 -0.227834
14 76 0.159998
54 76 -0.0840214
55 76 0.0612025
56 76 -0.195048
72 76 -0.0651904
73 76 0.166285
74 76 0.0315395
75 76 -0.00198647
76 76 1.83041
77 76 -0.00244219
78 76 -0.0707259
79 76 0.160334
80 76 0.0382763
96 76 -0.0825043
97 76 0.0684245
98 76 -0.193885
183 76 0.149645
184 76 -0.228492
185 76 0.158759
1623 76 0.112735
1624 76 0.0148051
1625 76 0.0517404
1626 76 -0.0292772
1627 76 -0.0506278
1628 76 0.240883
1641 76 0.263794
1642 76 -0.338059
1643 76 -0.283809
1644 76 -0.34419
1645 76 -0.539153
1646 76 -0.0133393
1710 76 -0.349194
1711 76 -0.535901
1712 76 0.00119944
1713 76 0.26832
1714 76 -0.330992
1715 76 -0.28977
1734 76 -0.0301575
1735 76 -0.0492596
1736 76 0.241512
1737 76 0.113358
1738 76 0.0144902
1739 76 0.0516045
12 77 -0.059867
13 77 0.159283
14 77 0.110052
54 77 -0.14668
55 77 -0.198846
56 77 -0.172894
72 77 0.207944
73 77 0.0310974
74 77 0.0668845
75 77 0.0044723
76 77 -0.00244219
77 77 1.82493
78 77 0.207831
79 77 0.038277
80 77 0.0656982
96 77 -0.150353
97 77 -0.191492
98 77 -0.178295
183 77 -0.0585029
184 77 0.160195
185 77 0.111263
1623 77 -0.290008
1624 77 0.0516575
1625 77 -0.101799
1626 77 0.0809141
1627 77 0.243515
1628 77 -0.652337
1641 77 0.204087
1642 77 -0.286531
1643 77 -0.18549
1644 77 -0.00382725
1645 77 -0.00661221
1646 77 0.0344763
1710 77 -0.00293972
1711 77 -0.00344077
1712 77 0.0338447
1713 77 0.208627
1714 77 -0.283279
1715 77 -0.189274
1734 77 0.0868887
1735 77 0.238318
1736 77 -0.653996
1737 77 -0.290811
1738 77 0.050929
1739 77 -0.0964402
15 78 0.109864
16 78 0.160008
17 78 -0.0605809
57 78 0.113147
58 78 -0.0821905
59 78 -0.146701
75 78 -0.225966
76 78 -0.0707259
77 78 0.207831
78 78 1.82682
79 78 0.000952812
80 78 -0.00257752
81 78 -0.220259
82 78 -0.0899908
83 78 0.206015
99 78 0.111963
100 78 -0.0798875
101 78 -0.147843
186 78 0.109952
187 78 0.159399
188 78 -0.059296
1626 78 -0.600812
1627 78 0.102003
1628 78 -0.290416
1629 78 0.0265343
1630 78 -0.0270495
1631 78 0.0735608
1644 78 -0.164233
1645 78 0.267231
1646 78 0.215895
1647 78 -0.156479
1648 78 -0.336341
1649 78 -0.0108473
1713 78 -0.163892
1714 78 -0.338261
1715 78 -0.00561425
1716 78 -0.170648
1717 78 0.264181
1718 78 0.221481
1737 78 0.0246177
1738 78 -0.0284618
1739 78 0.0781149
1740 78 -0.604995
1741 78 0.106346
1742 78 -0.283243
15 79 0.159991
16 79 -0.22638
17 79 0.152169
57 79 -0.0799651
58 79 0.0678368
59 79 -0.192889
75 79 -0.0764862
76 79 0.160334
77 79 0.038277
78 79 0.000952812
79 79 1.82846
80 79 -0.00394405
81 79 -0.087834
82 79 0.15327
83 79 0.0442572
99 79 -0.0807927
100 79 0.0731947
101 79 -0.192649
186 79 0.160499
187 79 -0.227698
188 79 0.150013
1626 79 0.104663
1627 79 0.0184523
1628 79 0.0462562
1629 79 -0.0259862
1630 79 -0.0648552
1631 79 0.259324
1644 79 0.262992
1645 79 -0.315783
1646 79 -0.283306
1647 79 -0.33485
1648 79 -0.556313
1649 79 -0.0206221
1713 79 -0.338526
1714 79 -0.551382
1715 79 -0.0116776
1716 79 0.263462
1717 79 -0.302559
1718 79 -0.283876
1737 79 -0.0287729
1738 79 -0.060857
1739 79 0.253766
1740 79 0.103366
1741 79 0.01793
1742 79 0.0445239
15 80 -0.0604775
16 80 0.150784
17 80 0.116568
57 80 -0.145171
58 80 -0.196975
59 80 -0.178001
75 80 0.208049
76 80 0.0382763
77 80 0.0656982
78 80 -0.00257752
79 80 -0.00394405
80 80 1.82326
81 80 0.205685
82 80 0.0485507
83 80 0.0668169
99 80 -0.149436
100 80 -0.188601
101 80 -0.182028
186 80 -0.0604317
187 80 0.151085
188 80 0.117433
1626 80 -0.284709
1627 80 0.0461258
1628 80 -0.0959384
1629 80 0.0715988
1630 80 0.256711
1631 80 -0.643965
1644 80 0.214378
1645 80 -0.28901
1646 80 -0.198172
1647 80 -0.00924391
1648 80 -0.0165735
1649 80 0.0324312
1713 80 -0.00808361
1714 80 -0.014154
1715 80 0.0326682
1716 80 0.222706
1717 80 -0.286023
1718 80 -0.205526
