0 0 0.335574
1 0 -0.0813674
2 0 0.027741
54 0 -0.0479083
55 0 0.244096
56 0 -0.083465
1608 0 0.0098267
1609 0 -0.00218779
1610 0 -0.00850335
1611 0 0.01406
1612 0 0.0456419
1613 0 0.0758217
1623 0 -0.0794771
1624 0 -0.0984785
1625 0 -0.156632
1626 0 -0.214451
1627 0 -0.106776
1628 0 0.1443
0 1 -0.0813674
1 1 0.350933
2 1 -0.0304825
54 1 0.24373
55 1 -0.0944309
56 1 0.092379
1608 1 -0.159048
1609 1 -0.130009
1610 1 0.134048
1611 1 -0.0631941
1612 1 -0.163241
1613 1 -0.195555
1623 1 0.0106834
1624 1 0.0269778
1625 1 0.0488525
1626 1 0.0495567
1627 1 0.0267335
1628 1 -0.0479865
0 2 0.027741
1 2 -0.0304825
2 2 0.271917
54 2 -0.0837231
55 2 0.0915116
56 2 0.142339
1608 2 0.0974626
1609 2 0.0768979
1610 2 -0.10483
1611 2 -0.011059
1612 2 -0.0593887
1613 2 -0.0786193
1623 2 -0.0691817
1624 2 -0.0879314
1625 2 -0.174494
1626 2 0.0390509
1627 2 0.00937709
1628 2 -0.0379973
3 3 0.337048
4 3 -0.0812494
5 3 0.0287144
57 3 -0.0525131
58 3 0.243811
59 3 -0.0860907
1611 3 0.0112372
1612 3 -0.00102941
1613 3 -0.00963187
1614 3 0.0141803
1615 3 0.0477651
1616 3 0.077517
1626 3 -0.0782696
1627 3 -0.100247
1628 3 -0.15649
1629 3 -0.213971
1630 3 -0.10847
1631 3 0.145168
3 4 -0.0812494
4 4 0.348935
5 4 -0.0308917
57 4 0.243434
58 4 -0.0883492
59 4 0.0935268
1611 4 -0.157438
1612 4 -0.129692
1613 4 0.133823
1614 4 -0.0614562
1615 4 -0.164831
1616 4 -0.194629
1626 4 0.00907849
1627 4 0.0257382
1628 4 0.0459175
1629 4 0.0475991
1630 4 0.0260441
1631 4 -0.0470044
3 5 0.0287144
4 5 -0.0308917
5 5 0.272442
57 5 -0.086739
58 5 0.092481
59 5 0.14086
1611 5 0.0982455
1612 5 0.0778907
1613 5 -0.106245
1614 5 -0.00996626
1615 5 -0.0585779
1616 5 -0.0767748
1626 5 -0.0681534
1627 5 -0.0898736
1628 5 -0.174651
1629 5 0.0383886
1630 5 0.00926684
1631 5 -0.0375043
6 6 0.338718
7 6 -0.0813262
8 6 0.0291089
60 6 -0.0576152
61 6 0.243882
62 6 -0.0876701
1614 6 0.012877
1615 6 0.000403684
1616 6 -0.0110472
1617 6 0.0144769
1618 6 0.0495601
1619 6 0.079358
1629 6 -0.0772879
1630 6 -0.102097
1631 6 -0.156619
1632 6 -0.213292
1633 6 -0.110252
1634 6 0.1461
6 7 -0.0813262
7 7 0.347206
8 7 -0.0306676
60 7 0.243715
61 7 -0.0829394
62 7 0.0929244
1614 7 -0.155807
1615 7 -0.130546
1616 7 0.134185
1617 7 -0.0602409
1618 7 -0.165068
1619 7 -0.193768
1629 7 0.00790815
1630 7 0.0248811
1631 7 0.0439514
1632 7 0.0452403
1633 7 0.0252627
1634 7 -0.0457145
6 8 0.0291089
7 8 -0.0306676
8 8 0.272502
60 8 -0.0879077
61 8 0.0920091
62 8 0.140554
1614 8 0.0976713
1615 8 0.0785996
1616 8 -0.106835
1617 8 -0.0094979
1618 8 -0.0584918
1619 8 -0.0764557
1629 8 -0.0670955
1630 8 -0.0913659
1631 8 -0.174222
1632 8 0.0383324
1633 8 0.0095497
1634 8 -0.0375948
9 9 0.334678
10 9 -0.0816163
11 9 0.0265542
72 9 -0.0452632
73 9 0.244981
74 9 -0.0794529
1620 9 0.00914266
1621 9 -0.00268896
1622 9 -0.00825945
1623 9 0.0142884
1624 9 0.0431334
1625 9 0.0741592
1638 9 -0.0815497
1639 9 -0.097299
1640 9 -0.15747
1641 9 -0.213635
1642 9 -0.106086
1643 9 0.144236
9 10 -0.0816163
10 10 0.352583
11 10 -0.0296262
72 10 0.244582
73 10 -0.0996066
74 10 0.0892955
1620 10 -0.159593
1621 10 -0.130402
1622 10 0.135096
1623 10 -0.0656825
1624 10 -0.160682
1625 10 -0.196863
1638 10 0.0122828
1639 10 0.027905
1640 10 0.0513094
1641 10 0.0508144
1642 10 0.0275084
1643 10 -0.0489514
9 11 0.0265542
10 11 -0.0296262
11 11 0.271164
72 11 -0.0799227
73 11 0.0887501
74 11 0.144869
1620 11 0.0960203
1621 11 0.0761907
1622 11 -0.104083
1623 11 -0.0125284
1624 11 -0.0598476
1625 11 -0.0809452
1638 11 -0.0703262
1639 11 -0.0855322
1640 11 -0.17322
1641 11 0.0405978
1642 11 0.0102736
1643 11 -0.0394494
12 12 0.335834
13 12 -0.0815403
14 12 0.0273498
75 12 -0.0487955
76 12 0.244666
77 12 -0.082083
1623 12 0.0101771
1624 12 -0.00184939
1625 12 -0.00896581
1626 12 0.0142973
1627 12 0.0452263
1628 12 0.0757955
1641 12 -0.0802788
1642 12 -0.0985035
1643 12 -0.157104
1644 12 -0.213646
1645 12 -0.107417
1646 12 0.144748
12 13 -0.0815403
13 13 0.351
14 13 -0.0300114
75 13 0.244356
76 13 -0.094673
77 13 0.0906495
1623 13 -0.158738
1624 13 -0.130562
1625 13 0.134583
1626 13 -0.0637669
1627 13 -0.162307
1628 13 -0.195767
1641 13 0.0109942
1642 13 0.0270444
1643 13 0.049212
1644 13 0.0491291
1645 13 0.0268623
1646 13 -0.0479415
12 14 0.0273498
13 14 -0.0300114
14 14 0.271591
75 14 -0.0824102
76 14 0.0899977
77 14 0.143468
1623 14 0.0966029
1624 14 0.0768949
1625 14 -0.104659
1626 14 -0.0115074
1627 14 -0.0596157
1628 14 -0.0795438
1641 14 -0.0695473
1642 14 -0.0872248
1643 14 -0.173765
1644 14 0.0396937
1645 14 0.00995471
1646 14 -0.0387218
15 15 0.337236
16 15 -0.0814722
17 15 0.0281519
78 15 -0.0531338
79 15 0.244433
80 15 -0.0845014
1626 15 0.0115007
1627 15 -0.00074689
1628 15 -0.00998925
1629 15 0.0143792
1630 15 0.047333
1631 15 0.0774999
1644 15 -0.0790782
1645 15 -0.0999765
1646 15 -0.156988
1647 15 -0.213345
1648 15 -0.108986
1649 15 0.145459
15 16 -0.0814722
16 16 0.349197
17 16 -0.030294
78 16 0.244187
79 16 -0.0891094
80 16 0.0915496
1626 16 -0.157388
1627 16 -0.130682
1628 16 0.134351
1629 16 -0.061937
1630 16 -0.163762
1631 16 -0.194721
1644 16 0.00957917
1645 16 0.0259879
1646 16 0.0467809
1647 16 0.0471924
1648 16 0.0261508
1649 16 -0.046867
15 17 0.0281519
16 17 -0.030294
17 17 0.271993
78 17 -0.084903
79 17 0.090786
80 17 0.142242
1626 17 0.0970522
1627 17 0.0777348
1628 17 -0.105592
1629 17 -0.0105161
1630 17 -0.0591934
1631 17 -0.0781331
1644 17 -0.0686022
1645 17 -0.0888913
1646 17 -0.174028
1647 17 0.0390528
1648 17 0.00982854
1649 17 -0.0382325
18 18 0.338727
19 18 -0.0814511
20 18 0.028761
81 18 -0.0577328
82 18 0.244361
83 18 -0.0862748
1629 18 0.0129266
1630 18 0.000511014
1631 18 -0.0111895
1632 18 0.0146281
1633 18 0.0491709
1634 18 0.0792072
1647 18 -0.0780062
1648 18 -0.101614
1649 18 -0.156996
1650 18 -0.212896
1651 18 -0.110486
1652 18 0.146256
18 19 -0.0814511
19 19 0.347459
20 19 -0.0303438
81 19 0.244211
82 19 -0.0838364
83 19 0.0915164
1629 19 -0.155694
1630 19 -0.1313
1631 19 0.134388
1632 19 -0.060655
1633 19 -0.164486
1634 19 -0.193856
1647 19 0.00830213
1648 19 0.0250063
1649 19 0.0445705
1650 19 0.045149
1651 19 0.0254024
1652 19 -0.0457392
18 20 0.028761
19 20 -0.0303438
20 20 0.272239
81 20 -0.0866517
82 20 0.090896
83 20 0.141569
1629 20 0.0969317
1630 20 0.0786786
1631 20 -0.106413
1632 20 -0.00986485
1633 20 -0.0588187
1634 20 -0.0772388
1647 20 -0.0676127
1648 20 -0.090435
1649 20 -0.173937
1650 20 0.0387184
1651 20 0.00989166
1652 20 -0.0380452
21 21 0.340196
22 21 -0.081504
23 21 0.0290685
84 21 -0.0621632
85 21 0.244565
86 21 -0.0870575
1632 21 0.0143834
1633 21 0.00185678
1634 21 -0.0125407
1635 21 0.0149639
1636 21 0.0505962
1637 21 0.0805684
1650 21 -0.0774565
1651 21 -0.103032
1652 21 -0.157414
1653 21 -0.212226
1654 21 -0.111972
1655 21 0.146957
21 22 -0.081504
22 22 0.345964
23 22 -0.0301152
84 22 0.244396
85 22 -0.0794013
86 22 0.0907142
1632 22 -0.154052
1633 22 -0.132149
1634 22 0.134506
1635 22 -0.0598727
1636 22 -0.164833
1637 22 -0.193061
1650 22 0.00731884
1651 22 0.0241208
1652 22 0.042785
1653 22 0.0432473
1654 22 0.0247574
1655 22 -0.0447007
21 23 0.0290685
22 23 -0.0301152
23 23 0.272265
84 23 -0.0875283
85 23 0.0901351
86 23 0.141564
1632 23 0.0964613
1633 23 0.0795939
1634 23 -0.106996
1635 23 -0.00953172
1636 23 -0.0586673
1637 23 -0.0768631
1650 23 -0.0668146
1651 23 -0.0912775
1652 23 -0.173456
1653 23 0.0389275
1654 23 0.0102829
1655 23 -0.0382984
24 24 0.336173
25 24 -0.0817005
26 24 0.0270243
96 24 -0.0498633
97 24 0.24523
98 24 -0.0808263
1641 24 0.0106307
1642 24 -0.0014242
1643 24 -0.00951517
1644 24 0.0146107
1645 24 0.0448761
1646 24 0.0757633
1656 24 -0.0807131
1657 24 -0.0987773
1658 24 -0.15775
1659 24 -0.212968
1660 24 -0.107775
1661 24 0.145205
24 25 -0.0817005
25 25 0.350944
26 25 -0.0295774
96 25 0.244905
97 25 -0.0946095
98 25 0.089057
1641 25 -0.158183
1642 25 -0.1311
1643 25 0.135094
1644 25 -0.0644929
1645 25 -0.161521
1646 25 -0.195899
1656 25 0.0110815
1657 25 0.0270253
1658 25 0.0493309
1659 25 0.048709
1660 25 0.0268757
1661 25 -0.0478904
24 26 0.0270243
25 26 -0.0295774
26 26 0.271308
96 26 -0.0813127
97 26 0.0885585
98 26 0.144472
1641 26 0.0958451
1642 26 0.0770352
1643 26 -0.104676
1644 26 -0.0119599
1645 26 -0.0597213
1646 26 -0.0802555
1656 26 -0.0694654
1657 26 -0.0866997
1658 26 -0.173082
1659 26 0.0404037
1660 26 0.010487
1661 26 -0.0394526
27 27 0.337436
28 27 -0.0816599
29 27 0.0276832
99 27 -0.0538066
100 27 0.245039
101 27 -0.0829241
1644 27 0.0118403
1645 27 -0.000394454
1646 27 -0.0104729
1647 27 0.0146118
1648 27 0.0467147
1649 27 0.0772194
1659 27 -0.0799427
1660 27 -0.100042
1661 27 -0.15767
1662 27 -0.212627
1663 27 -0.109238
1664 27 0.145813
27 28 -0.0816599
28 28 0.349369
29 28 -0.0297795
99 28 0.244798
100 28 -0.0896392
101 28 0.0898777
1644 28 -0.156918
1645 28 -0.131427
1646 28 0.134784
1647 28 -0.0626801
1648 28 -0.162884
1649 28 -0.194986
1659 28 0.00991239
1660 28 0.0260993
1661 28 0.0472044
1662 28 0.0470044
1663 28 0.0262647
1664 28 -0.0469463
27 29 0.0276832
28 29 -0.0297795
29 29 0.27162
99 29 -0.0834728
100 29 0.0891361
101 29 0.143445
1644 29 0.0961668
1645 29 0.0779117
1646 29 -0.105412
1647 29 -0.0110145
1648 29 -0.0594292
1649 29 -0.0790688
1659 29 -0.0688518
1660 29 -0.0880311
1661 29 -0.173166
1662 29 0.0399572
1663 29 0.0104532
1664 29 -0.0391027
30 30 0.338754
31 30 -0.0816223
32 30 0.0282808
102 30 -0.0578832
103 30 0.24486
104 30 -0.0848307
1647 30 0.0130519
1648 30 0.000685463
1649 30 -0.0114583
1650 30 0.0148109
1651 30 0.0485274
1652 30 0.0788695
1662 30 -0.0788298
1663 30 -0.101512
1664 30 -0.15748
1665 30 -0.212422
1666 30 -0.1106
1667 30 0.14638
30 31 -0.0816223
31 31 0.34779
32 31 -0.0298894
102 31 0.244767
103 31 -0.0847815
104 31 0.0900941
1647 31 -0.155485
1648 31 -0.13202
1649 31 0.134766
1650 31 -0.0613717
1651 31 -0.163662
1652 31 -0.194092
1662 31 0.0087402
1663 31 0.0252512
1664 31 0.0452351
1665 31 0.0451545
1666 31 0.0255614
1667 31 -0.0458395
30 32 0.0282808
31 32 -0.0298894
32 32 0.271881
102 32 -0.0851914
103 32 0.0895247
104 32 0.142664
1647 32 0.0960693
1648 32 0.0787138
1649 32 -0.106061
1650 32 -0.0103681
1651 32 -0.0591665
1652 32 -0.0782078
1662 32 -0.0679877
1663 32 -0.0896076
1664 32 -0.17324
1665 32 0.0394639
1666 32 0.0103964
1667 32 -0.0387461
33 33 0.766506
34 33 -0.0274298
35 33 -0.152934
36 33 0.064057
37 33 0.0113254
38 33 0.171322
51 33 -0.0431796
52 33 -0.209665
53 33 -0.0778303
129 33 -0.0209153
130 33 0.200591
131 33 -0.0927984
1608 33 0.00889348
1609 33 -0.159766
1610 33 0.0980723
1668 33 0.0204866
1669 33 0.156107
1670 33 0.0741946
1683 33 -0.108506
1684 33 -0.00698863
1685 33 -0.247874
1686 33 -0.670428
1687 33 0.0398691
1688 33 0.229969
33 34 -0.0274298
34 34 0.297895
35 34 0.00892141
36 34 -0.000984122
37 34 0.0857909
38 34 -0.0201026
51 34 -0.0433814
52 34 -0.0366219
53 34 -0.0552234
129 34 0.0431374
130 34 -0.0496524
131 34 0.0747594
1608 34 -0.00295526
1609 34 -0.129823
1610 34 0.0769223
1668 34 -0.0106552
1669 34 -0.165115
1670 34 -0.0775604
1683 34 0.000754169
1684 34 -0.0171649
1685 34 0.00550679
1686 34 0.0410856
1687 34 0.0324473
1688 34 -0.0133766
33 35 -0.152934
34 35 0.00892141
35 35 0.346036
36 35 -0.0246778
37 35 -0.0125386
38 35 -0.150218
51 35 0.0147144
52 35 -0.0066566
53 35 0.0791467
129 35 0.0107172
130 35 0.0175548
131 35 0.071103
1608 35 -0.00760434
1609 35 0.133291
1610 35 -0.104481
1668 35 -0.0169508
1669 35 -0.126857
1670 35 -0.0817109
1683 35 -0.0529427
1684 35 -0.00123379
1685 35 -0.101729
1686 35 0.229389
1687 35 -0.0129905
1688 35 -0.0400349
33 36 0.064057
34 36 -0.000984122
35 36 -0.0246778
36 36 0.904572
37 36 -0.00589027
38 36 0.000342055
39 36 0.0638364
40 36 0.0124367
41 36 0.171637
54 36 -0.0814345
55 36 -0.253099
56 36 -0.061966
132 36 -0.0527057
133 36 0.227229
134 36 -0.0846601
1608 36 0.0091069
1609 36 -0.0545474
1610 36 -0.0142305
1611 36 0.00273428
1612 36 -0.156422
1613 36 0.102998
1668 36 0.0150669
1669 36 0.0507514
1670 36 -0.0129641
1671 36 0.0186206
1672 36 0.158076
1673 36 0.0739603
1686 36 -0.255855
1687 36 -0.00851392
1688 36 -0.377131
1689 36 -0.672034
1690 36 0.0337893
1691 36 0.228017
33 37 0.0113254
34 37 0.0857909
35 37 -0.0125386
36 37 -0.00589027
37 37 0.731706
38 37 0.0100502
39 37 -0.00153177
40 37 0.0856798
41 37 -0.0201069
54 37 -0.253594
55 37 -0.0775744
56 37 -0.0605122
132 37 0.0940902
133 37 -0.0913264
134 37 0.0471445
1608 37 0.148407
1609 37 -0.267158
1610 37 -0.136244
1611 37 0.0374709
1612 37 -0.217626
1613 37 0.211667
1668 37 -0.0474715
1669 37 -0.132796
1670 37 0.0650018
1671 37 -0.00854223
1672 37 -0.16517
1673 37 -0.0764527
1686 37 -0.0119107
1687 37 0.0344224
1688 37 -0.0155003
1689 37 0.0371465
1690 37 0.0329947
1691 37 -0.012048
33 38 0.171322
34 38 -0.0201026
35 38 -0.150218
36 38 0.000342055
37 38 0.0100502
38 38 0.904188
39 38 -0.0243299
40 38 -0.0140647
41 38 -0.149843
54 38 -0.0611464
55 38 -0.0616656
56 38 0.159006
132 38 -0.0773631
133 38 0.0876059
134 38 0.144228
1608 38 0.0692922
1609 38 -0.200329
1610 38 -0.082203
1611 38 -0.0102857
1612 38 0.151795
1613 38 -0.122934
1668 38 0.0965706
1669 38 0.196992
1670 38 -0.107363
1671 38 -0.0152224
1672 38 -0.126561
1673 38 -0.0805581
1686 38 -0.378631
1687 38 -0.0110467
1688 38 -0.456561
1689 38 0.228576
1690 38 -0.0108627
1691 38 -0.0389694
36 39 0.0638364
37 39 -0.00153177
38 39 -0.0243299
39 39 0.904675
40 39 -0.00408873
41 39 0.000261718
42 39 0.0640906
43 39 0.0127613
44 39 0.171794
57 39 -0.0760616
58 39 -0.253399
59 39 -0.0599613
135 39 -0.056669
136 39 0.226839
137 39 -0.0866465
1611 39 0.00787932
1612 39 -0.0516121
1613 39 -0.0123924
1614 39 0.00395041
1615 39 -0.153745
1616 39 0.101622
1671 39 0.0149844
1672 39 0.052052
1673 39 -0.0138095
1674 39 0.0170781
1675 39 0.160475
1676 39 0.0739797
1689 39 -0.254228
1690 39 -0.0138256
1691 39 -0.377214
1692 39 -0.672813
1693 39 0.0267962
1694 39 0.22834
36 40 0.0124367
37 40 0.0856798
38 40 -0.0140647
39 40 -0.00408873
40 40 0.731727
41 40 0.0110766
42 40 -0.00192902
43 40 0.0856429
44 40 -0.0194742
57 40 -0.253876
58 40 -0.0835705
59 40 -0.0600012
135 40 0.0942268
136 40 -0.0868489
137 40 0.0477392
1611 40 0.150976
1612 40 -0.268719
1613 40 -0.134949
1614 40 0.0397003
1615 40 -0.216922
1616 40 0.213041
1671 40 -0.0455978
1672 40 -0.131181
1673 40 0.0648366
1674 40 -0.00674967
1675 40 -0.164733
1676 40 -0.0752911
1689 40 -0.0171445
1690 40 0.0339511
1691 40 -0.0224102
1692 40 0.0310791
1693 40 0.0335938
1694 40 -0.0100891
36 41 0.171637
37 41 -0.0201069
38 41 -0.149843
39 41 0.000261718
40 41 0.0110766
41 41 0.904063
42 41 -0.0244193
43 41 -0.0152957
44 41 -0.149492
57 41 -0.0592625
58 41 -0.0610002
59 41 0.15963
135 41 -0.0793737
136 41 0.088056
137 41 0.143271
1611 41 0.0699222
1612 41 -0.198808
1613 41 -0.0800262
1614 41 -0.0120933
1615 41 0.152254
1616 41 -0.124847
1671 41 0.0951874
1672 41 0.198181
1673 41 -0.108583
1674 41 -0.0138732
1675 41 -0.12602
1676 41 -0.0793825
1689 41 -0.377315
1690 41 -0.0180181
1691 41 -0.457719
1692 41 0.22793
1693 41 -0.00857217
1694 41 -0.0387839
39 42 0.0640906
40 42 -0.00192902
41 42 -0.0244193
42 42 0.904742
43 42 -0.00228608
44 42 0.000153751
45 42 0.0640138
46 42 0.0125476
47 42 0.171653
60 42 -0.0710083
61 42 -0.253584
62 42 -0.0581302
138 42 -0.0609419
139 42 0.226646
140 42 -0.0879573
1614 42 0.0069741
1615 42 -0.0492259
1616 42 -0.0109271
1617 42 0.00468932
1618 42 -0.151076
1619 42 0.0993165
1674 42 0.0150789
1675 42 0.0538771
1676 42 -0.0149788
1677 42 0.0157821
1678 42 0.162295
1679 42 0.0740452
1692 42 -0.254786
1693 42 -0.0192169
1694 42 -0.37766
1695 42 -0.672302
1696 42 0.0206245
1697 42 0.22994
39 43 0.0127613
40 43 0.0856429
41 43 -0.0152957
42 43 -0.00228608
43 43 0.731734
44 43 0.0116377
45 43 -0.00189295
46 43 0.0856783
47 43 -0.0183345
60 43 -0.253986
61 43 -0.0891868
62 43 -0.0595714
138 43 0.0945918
139 43 -0.0827756
140 43 0.0474697
1614 43 0.154052
1615 43 -0.268942
1616 43 -0.13404
1617 43 0.0414327
1618 43 -0.217499
1619 43 0.213854
1674 43 -0.0437633
1675 43 -0.130125
1676 43 0.0650346
1677 43 -0.00526744
1678 43 -0.163764
1679 43 -0.0742635
1692 43 -0.0213782
1693 43 0.0333519
1694 43 -0.0279289
1695 43 0.0245392
1696 43 0.0340549
1697 43 -0.00804816
39 44 0.171794
40 44 -0.0194742
41 44 -0.149492
42 44 0.000153751
43 44 0.0116377
44 44 0.903989
45 44 -0.024472
46 44 -0.016007
47 44 -0.149746
60 44 -0.0575205
61 44 -0.0602954
62 44 0.160194
138 44 -0.0801745
139 44 0.0876968
140 44 0.143058
1614 44 0.0714628
1615 44 -0.197494
1616 44 -0.0786229
1617 44 -0.0134315
1618 44 0.153045
1619 44 -0.125872
1674 44 0.0932035
1675 44 0.198902
1676 44 -0.109828
1677 44 -0.0129138
1678 44 -0.12619
1679 44 -0.0788651
1692 44 -0.376718
1693 44 -0.024956
1694 44 -0.456573
1695 44 0.229174
1696 44 -0.00661697
1697 44 -0.0397572
42 45 0.0640138
43 45 -0.00189295
44 45 -0.024472
45 45 0.489528
46 45 0.0160077
47 45 0.251368
63 45 -0.033306
64 45 -0.175266
65 45 0.0244065
141 45 -0.0321263
142 45 0.176371
143 45 7.50754e-05
1617 45 0.0141656
1618 45 -0.0588542
1619 45 -0.00872872
1677 45 0.0147932
1678 45 0.0548329
1679 45 -0.0156238
1695 45 -0.255442
1696 45 -0.0232904
1697 45 -0.376851
1698 45 -0.244617
1699 45 0.00942879
1700 45 0.151689
42 46 0.0125476
43 46 0.0856783
44 46 -0.016007
45 46 0.0160077
46 46 0.297621
47 46 0.0208236
63 46 -0.0783065
64 46 -0.0466713
65 46 0.0375226
141 46 0.0668962
142 46 -0.0385608
143 46 -0.0213012
1617 46 0.0502367
1618 46 -0.165645
1619 46 -0.0578094
1677 46 -0.0420497
1678 46 -0.129656
1679 46 0.0652794
1695 46 -0.0240349
1696 46 0.0328412
1697 46 -0.0311541
1698 46 -0.00142577
1699 46 -0.0172036
1700 46 0.00270604
42 47 0.171653
43 47 -0.0183345
44 47 -0.149746
45 47 0.251368
46 47 0.0208236
47 47 0.623288
63 47 -0.0810657
64 47 -0.0975001
65 47 0.0803759
141 47 -0.0911319
142 47 0.113749
143 47 0.0698638
1617 47 0.0800325
1618 47 -0.193911
1619 47 -0.0754447
1677 47 0.0909999
1678 47 0.199669
1679 47 -0.110834
1695 47 -0.377491
1696 47 -0.0303508
1697 47 -0.455415
1698 47 -0.0460023
1699 47 0.00358068
1700 47 0.0370479
48 48 0.808654
49 48 -0.0429783
50 48 -0.12124
51 48 0.0649627
52 48 0.0101083
53 48 0.168971
69 48 -0.0453284
70 48 -0.209285
71 48 -0.0785401
150 48 -0.0401687
151 48 0.24506
152 48 -0.0768587
1620 48 0.00836948
1621 48 -0.160392
1622 48 0.0961405
1680 48 0.00752792
1681 48 -0.00399227
1682 48 -0.00696941
1683 48 0.0109537
1684 48 0.14264
1685 48 0.0674467
1704 48 -0.133715
1705 48 -0.022759
1706 48 -0.284247
1707 48 -0.664585
1708 48 0.0438179
1709 48 0.236117
48 49 -0.0429783
49 49 0.545511
50 49 -0.0670804
51 49 -0.000772396
52 49 0.0859526
53 49 -0.0197946
69 49 -0.0437366
70 49 -0.0337999
71 49 -0.0550103
150 49 0.244226
151 49 -0.105796
152 49 0.0882149
1620 49 -0.00332336
1621 49 -0.13002
1622 49 0.0757597
1680 49 -0.161017
1681 49 -0.12981
1682 49 0.135334
1683 49 -0.0601283
1684 49 -0.264285
1685 49 -0.202924
1704 49 0.0229869
1705 49 0.0169655
1706 49 0.0605801
1707 49 0.0459409
1708 49 0.0318919
1709 49 -0.0155134
48 50 -0.12124
49 50 -0.0670804
50 50 0.508283
51 50 -0.0265596
52 50 -0.010457
53 50 -0.152351
69 50 0.0154921
70 50 -0.00510985
71 50 0.0794248
150 50 -0.0776424
151 50 0.088395
152 50 0.145967
1620 50 -0.00760154
1621 50 0.135016
1622 50 -0.103737
1680 50 0.0958229
1681 50 0.0752448
1682 50 -0.103371
1683 50 -0.0177424
1684 50 -0.139418
1685 50 -0.0866296
1704 50 -0.0968169
1705 50 -0.0616188
1706 50 -0.223745
1707 50 0.237218
1708 50 -0.0148599
1709 50 -0.0453199
33 51 -0.0431796
34 51 -0.0433814
35 51 0.0147144
48 51 0.0649627
49 51 -0.000772396
50 51 -0.0265596
51 51 1.03338
52 51 0.0410095
53 51 0.118454
54 51 0.129829
55 51 0.0110194
56 51 0.144294
72 51 -0.0866525
73 51 -0.252995
74 51 -0.0628497
153 51 -0.0431522
154 51 0.244583
155 51 -0.079989
1608 51 -0.129926
1609 51 0.0193716
1610 51 -0.0952842
1620 51 0.0102943
1621 51 -0.0582129
1622 51 -0.0165975
1623 51 -0.00462495
1624 51 -0.119401
1625 51 0.101037
1683 51 -0.00511106
1684 51 0.0369846
1685 51 -0.00307188
1686 51 0.0205688
1687 51 0.0879975
1688 51 0.0526634
1707 51 -0.262145
1708 51 -0.00280321
1709 51 -0.37778
1710 51 -0.668171
1711 51 0.038687
1712 51 0.232667
33 52 -0.209665
34 52 -0.0366219
35 52 -0.0066566
48 52 0.0101083
49 52 0.0859526
50 52 -0.010457
51 52 0.0410095
52 52 1.30021
53 52 0.0685311
54 52 0.00775285
55 52 0.171841
56 52 -0.0310589
72 52 -0.253427
73 52 -0.0722774
74 52 -0.0598054
153 52 0.243648
154 52 -0.100767
155 52 0.0908044
1608 52 -0.0269825
1609 52 0.016778
1610 52 -0.0655989
1620 52 0.144435
1621 52 -0.264996
1622 52 -0.139038
1623 52 0.0387282
1624 52 -0.30993
1625 52 0.227852
1683 52 -0.121243
1684 52 -0.310901
1685 52 0.284257
1686 52 0.0912052
1687 52 -0.530369
1688 52 -0.33776
1707 52 -0.00633224
1708 52 0.0347114
1709 52 -0.00806668
1710 52 0.0415562
1711 52 0.0324833
1712 52 -0.0137621
33 53 -0.0778303
34 53 -0.0552234
35 53 0.0791467
48 53 0.168971
49 53 -0.0197946
50 53 -0.152351
51 53 0.118454
52 53 0.0685311
53 53 1.33691
54 53 0.145049
55 53 -0.0306478
56 53 -0.301685
72 53 -0.0618494
73 53 -0.0614041
74 53 0.158925
153 53 -0.0811945
154 53 0.09052
155 53 0.143919
1608 53 -0.283942
1609 53 0.0542823
1610 53 -0.227365
1620 53 0.06807
1621 53 -0.201919
1622 53 -0.0855646
1623 53 -0.00470721
1624 53 0.284883
1625 53 -0.136709
1683 53 0.102009
1684 53 0.22703
1685 53 -0.135338
1686 53 0.0547385
1687 53 -0.339617
1688 53 -0.168204
1707 53 -0.381438
1708 53 -0.00358916
1709 53 -0.450552
1710 53 0.232916
1711 53 -0.0128113
1712 53 -0.0423229
0 54 -0.0479083
1 54 0.24373
2 54 -0.0837231
36 54 -0.0814345
37 54 -0.253594
38 54 -0.0611464
51 54 0.129829
52 54 0.00775285
53 54 0.145049
54 54 1.82618
55 54 2.67147e-16
56 54 -1.68615e-15
57 54 0.129094
58 54 0.0119204
59 54 0.145422
75 54 -0.0819842
76 54 -0.253259
77 54 -0.0617974
156 54 -0.0474261
157 54 0.244156
158 54 -0.0827505
1608 54 -0.669708
1609 54 0.0394608
1610 54 0.23095
1611 54 -0.257498
1612 54 -0.0146467
1613 54 -0.378716
1623 54 0.0199654
1624 54 0.0932853
1625 54 0.0557579
1626 54 0.00520878
1627 54 -0.119472
1628 54 0.092123
1686 54 0.00375139
1687 54 -0.12008
1688 54 0.0914003
1689 54 0.0185098
1690 54 0.0937999
1691 54 0.0553956
1710 54 -0.25897
1711 54 -0.00736875
1712 54 -0.377923
1713 54 -0.670169
1714 54 0.0327075
1715 54 0.230668
0 55 0.244096
1 55 -0.0944309
2 55 0.0915116
36 55 -0.253099
37 55 -0.0775744
38 55 -0.0616656
51 55 0.0110194
52 55 0.171841
53 55 -0.0306478
54 55 3.7817e-16
55 55 1.82618
56 55 -1.01308e-15
57 55 0.00795643
58 55 0.171632
59 55 -0.0327018
75 55 -0.253617
76 55 -0.0772174
77 55 -0.0599607
156 55 0.243458
157 55 -0.0947885
158 55 0.092834
1608 55 0.0373807
1609 55 0.0326764
1610 55 -0.012225
1611 55 -0.0112068
1612 55 0.0342091
1613 55 -0.0145803
1623 55 0.0898798
1624 55 -0.531557
1625 55 -0.338849
1626 55 -0.117071
1627 55 -0.438368
1628 55 0.364557
1686 55 -0.122519
1687 55 -0.439521
1688 55 0.361364
1689 55 0.0983528
1690 55 -0.532565
1691 55 -0.33489
1710 55 -0.0109806
1711 55 0.0344953
1712 55 -0.014069
1713 55 0.0370715
1714 55 0.0330508
1715 55 -0.01216
0 56 -0.083465
1 56 0.092379
2 56 0.142339
36 56 -0.061966
37 56 -0.0605122
38 56 0.159006
51 56 0.144294
52 56 -0.0310589
53 56 -0.301685
54 56 -1.66533e-15
55 56 -9.99201e-16
56 56 1.82618
57 56 0.146026
58 56 -0.032034
59 56 -0.300748
75 56 -0.0606489
76 56 -0.0613395
77 56 0.159197
156 56 -0.0845933
157 56 0.0915519
158 56 0.142207
1608 56 0.23107
1609 56 -0.0129727
1610 56 -0.0409818
1611 56 -0.377747
1612 56 -0.0188711
1613 56 -0.454706
1623 56 0.0534206
1624 56 -0.336236
1625 56 -0.166409
1626 56 0.0897271
1627 56 0.362901
1628 56 -0.244849
1686 56 0.0940078
1687 56 0.36357
1688 56 -0.242235
1689 56 0.0583322
1690 56 -0.336633
1691 56 -0.163939
1710 56 -0.379521
1711 56 -0.00957832
1712 56 -0.453517
1713 56 0.231204
1714 56 -0.0106976
1715 56 -0.0408839
3 57 -0.0525131
4 57 0.243434
5 57 -0.086739
39 57 -0.0760616
40 57 -0.253876
41 57 -0.0592625
54 57 0.129094
55 57 0.00795643
56 57 0.146026
57 57 1.82618
58 57 -1.17961e-16
59 57 1.8735e-16
60 57 0.128849
61 57 0.0120042
62 57 0.145966
78 57 -0.0767142
79 57 -0.253452
80 57 -0.0602299
159 57 -0.0528735
160 57 0.243812
161 57 -0.0854494
1611 57 -0.67088
1612 57 0.0358666
1613 57 0.230089
1614 57 -0.256744
1615 57 -0.0194471
1616 57 -0.377879
1626 57 0.0179943
1627 57 0.0996643
1628 57 0.0588781
1629 57 0.00738686
1630 57 -0.114926
1631 57 0.0892498
1689 57 0.00588734
1690 57 -0.115444
1691 57 0.0886911
1692 57 0.016287
1693 57 0.100187
1694 57 0.0584868
1713 57 -0.25713
1714 57 -0.0126158
1715 57 -0.377906
1716 57 -0.671156
1717 57 0.0260927
1718 57 0.230601
3 58 0.243811
4 58 -0.0883492
5 58 0.092481
39 58 -0.253399
40 58 -0.0835705
41 58 -0.0610002
54 58 0.0119204
55 58 0.171632
56 58 -0.032034
57 58 -9.71445e-17
58 58 1.82618
59 58 9.99201e-16
60 58 0.00839832
61 58 0.171527
62 58 -0.033669
78 58 -0.253911
79 58 -0.0829918
80 58 -0.0596467
159 58 0.243454
160 58 -0.0879632
161 58 0.09378
1611 58 0.0317404
1612 58 0.0331575
1613 58 -0.0102914
1614 58 -0.0165792
1615 58 0.0336648
1616 58 -0.0214915
1626 58 0.0957341
1627 58 -0.533957
1628 58 -0.335819
1629 58 -0.112325
1630 58 -0.436646
1631 58 0.365975
1689 58 -0.11818
1690 58 -0.437588
1691 58 0.362995
1692 58 0.104989
1693 58 -0.53428
1694 58 -0.332522
1713 58 -0.0163273
1714 58 0.034065
1715 58 -0.0210492
1716 58 0.0312823
1717 58 0.0336148
1718 58 -0.0102104
3 59 -0.0860907
4 59 0.0935268
5 59 0.14086
39 59 -0.0599613
40 59 -0.0600012
41 59 0.15963
54 59 0.145422
55 59 -0.0327018
56 59 -0.300748
57 59 3.19189e-16
58 59 9.02056e-16
59 59 1.82618
60 59 0.146176
61 59 -0.0325704
62 59 -0.300397
78 59 -0.0588454
79 59 -0.0609111
80 59 0.159701
159 59 -0.0875934
160 59 0.092172
161 59 0.140827
1611 59 0.230172
1612 59 -0.0117572
1613 59 -0.0402814
1614 59 -0.377773
1615 59 -0.025201
1616 59 -0.454923
1626 59 0.0560766
1627 59 -0.333299
1628 59 -0.162034
1629 59 0.086989
1630 59 0.365204
1631 59 -0.248749
1689 59 0.091534
1690 59 0.365752
1691 59 -0.246301
1692 59 0.0615534
1693 59 -0.333315
1694 59 -0.160001
1713 59 -0.378249
1714 59 -0.0164365
1715 59 -0.454928
1716 59 0.230284
1717 59 -0.00852032
1718 59 -0.0404555
6 60 -0.0576152
7 60 0.243715
8 60 -0.0879077
42 60 -0.0710083
43 60 -0.253986
44 60 -0.0575205
57 60 0.128849
58 60 0.00839832
59 60 0.146176
60 60 1.82618
61 60 2.08167e-17
62 60 1.8735e-16
63 60 0.129099
64 60 0.0115929
65 60 0.145736
81 60 -0.0717502
82 60 -0.253552
83 60 -0.0585075
162 60 -0.0587408
163 60 0.243685
164 60 -0.087246
1614 60 -0.671277
1615 60 0.0296756
1616 60 0.230031
1617 60 -0.257001
1618 60 -0.0220625
1619 60 -0.377882
1629 60 0.015969
1630 60 0.105321
1631 60 0.0616895
1632 60 0.00967946
1633 60 -0.109806
1634 60 0.0854607
1692 60 0.00852742
1693 60 -0.11003
1694 60 0.0852947
1695 60 0.0143735
1696 60 0.105747
1697 60 0.0613513
1716 60 -0.257085
1717 60 -0.0176794
1718 60 -0.378055
1719 60 -0.670916
1720 60 0.0197125
1721 60 0.232146
6 61 0.243882
7 61 -0.0829394
8 61 0.0920091
42 61 -0.253584
43 61 -0.0891868
44 61 -0.0602954
57 61 0.0120042
58 61 0.171527
59 61 -0.0325704
60 61 6.93889e-18
61 61 1.82618
62 61 4.16334e-17
63 61 0.00859148
64 61 0.171567
65 61 -0.0334291
81 61 -0.254069
82 61 -0.0884475
83 61 -0.0593338
162 61 0.243905
163 61 -0.0816917
164 61 0.0930596
1614 61 0.0252173
1615 61 0.0337109
1616 61 -0.00821108
1617 61 -0.0207171
1618 61 0.0332036
1619 61 -0.0268872
1629 61 0.101647
1630 61 -0.534615
1631 61 -0.333064
1632 61 -0.107749
1633 61 -0.436774
1634 61 0.367143
1692 61 -0.112511
1693 61 -0.436961
1694 61 0.365488
1695 61 0.109792
1696 61 -0.534422
1697 61 -0.330781
1716 61 -0.0205786
1717 61 0.0335239
1718 61 -0.0265944
1719 61 0.0247447
1720 61 0.0340797
1721 61 -0.00812592
6 62 -0.0876701
7 62 0.0929244
8 62 0.140554
42 62 -0.0581302
43 62 -0.0595714
44 62 0.160194
57 62 0.145966
58 62 -0.033669
59 62 -0.300397
60 62 1.45717e-16
61 62 6.93889e-17
62 62 1.82618
63 62 0.14569
64 62 -0.0323028
65 62 -0.30068
81 62 -0.0573123
82 62 -0.0603585
83 62 0.160194
162 62 -0.0890834
163 62 0.0917637
164 62 0.140428
1614 62 0.230831
1615 62 -0.00970699
1616 62 -0.040435
1617 62 -0.377557
1618 62 -0.0284935
1619 62 -0.454217
1629 62 0.0591635
1630 62 -0.331866
1631 62 -0.159356
1632 62 0.0838771
1633 62 0.366927
1634 62 -0.250918
1692 62 0.0874866
1693 62 0.367
1694 62 -0.249574
1695 62 0.0640705
1696 62 -0.331627
1697 62 -0.157951
1716 62 -0.377666
1717 62 -0.0229397
1718 62 -0.454441
1719 62 0.230817
1720 62 -0.00646226
1721 62 -0.0411603
45 63 -0.033306
46 63 -0.0783065
47 63 -0.0810657
60 63 0.129099
61 63 0.00859148
62 63 0.14569
63 63 1.23686
64 63 0.046972
65 63 -0.193147
66 63 0.065668
67 63 0.0122718
68 63 0.170392
84 63 -0.0676202
85 63 -0.253546
86 63 -0.0570056
165 63 -0.064189
166 63 0.243645
167 63 -0.0882454
1617 63 -0.334937
1618 63 0.0531222
1619 63 0.0140155
1632 63 -0.000980054
1633 63 0.0586366
1634 63 -0.0173665
1635 63 0.0062351
1636 63 -0.148738
1637 63 0.0966852
1695 63 0.0109586
1696 63 -0.104943
1697 63 0.0818372
1698 63 -0.00258095
1699 63 0.169289
1700 63 0.0727733
1719 63 -0.258352
1720 63 -0.0217989
1721 63 -0.378081
1722 63 -0.669716
1723 63 0.0141608
1724 63 0.235123
45 64 -0.175266
46 64 -0.0466713
47 64 -0.0975001
60 64 0.0115929
61 64 0.171567
62 64 -0.0323028
63 64 0.046972
64 64 1.28861
65 64 -0.0552665
66 64 -0.0024897
67 64 0.0857782
68 64 -0.0168084
84 64 -0.254172
85 64 -0.0930358
86 64 -0.0588335
165 64 0.244546
166 64 -0.076452
167 64 0.0914497
1617 64 -0.031381
1618 64 0.0174237
1619 64 0.0341073
1632 64 0.166644
1633 64 -0.36975
1634 64 -0.138326
1635 64 0.0447831
1636 64 -0.218745
1637 64 0.213971
1695 64 -0.107072
1696 64 -0.43712
1697 64 0.367674
1698 64 0.0610083
1699 64 -0.36877
1700 64 -0.272401
1719 64 -0.0238939
1720 64 0.0329933
1721 64 -0.0307621
1722 64 0.0187673
1723 64 0.0343936
1724 64 -0.00624607
45 65 0.0244065
46 65 0.0375226
47 65 0.0803759
60 65 0.145736
61 65 -0.0334291
62 65 -0.30068
63 65 -0.193147
64 65 -0.0552665
65 65 1.14503
66 65 -0.0262586
67 65 -0.0161436
68 65 -0.150287
84 65 -0.0558911
85 65 -0.059856
86 65 0.160653
165 65 -0.0895683
166 65 0.090884
167 65 0.140644
1617 65 0.216953
1618 65 -0.0422215
1619 65 -0.0202081
1632 65 0.0711672
1633 65 -0.273198
1634 65 -0.0822641
1635 65 -0.0156211
1636 65 0.153829
1637 65 -0.125922
1695 65 0.0833975
1696 65 0.367863
1697 65 -0.251851
1698 65 -0.0165041
1699 65 -0.13794
1700 65 -0.081564
1719 65 -0.377892
1720 65 -0.0281602
1721 65 -0.45265
1722 65 0.232035
1723 65 -0.00468262
1724 65 -0.0426716
63 66 0.065668
64 66 -0.0024897
65 66 -0.0262586
66 66 0.610834
67 66 -0.0460043
68 66 0.193243
87 66 -0.0323183
88 66 -0.176071
89 66 0.0244546
168 66 -0.0695826
169 66 0.244267
170 66 -0.0879569
1635 66 0.0149767
1636 66 -0.0590495
1637 66 -0.00914174
1698 66 0.00727932
1699 66 0.0471888
1700 66 -0.0173118
1701 66 0.0153747
1702 66 0.0526898
1703 66 0.0824657
1722 66 -0.262111
1723 66 -0.0250841
1724 66 -0.379522
1725 66 -0.333229
1726 66 -0.0361662
1727 66 0.220403
63 67 0.0122718
64 67 0.0857782
65 67 -0.0161436
66 67 -0.0460043
67 67 0.55492
68 67 0.0574081
87 67 -0.0781225
88 67 -0.0489845
89 67 0.0379251
168 67 0.245143
169 67 -0.0721305
170 67 0.0890102
1635 67 0.0514076
1636 67 -0.165479
1637 67 -0.0584481
1698 67 -0.146398
1699 67 -0.219114
1700 67 0.15425
1701 67 -0.0585559
1702 67 -0.165512
1703 67 -0.191803
1722 67 -0.0268948
1723 67 0.032498
1724 67 -0.0343991
1725 67 0.0468339
1726 67 0.0175662
1727 67 -0.0388806
63 68 0.170392
64 68 -0.0168084
65 68 -0.150287
66 68 0.193243
67 68 0.0574081
68 68 0.696695
87 68 -0.0798898
88 68 -0.0963069
89 68 0.0802346
168 68 -0.0889344
169 68 0.088802
170 68 0.141717
1635 68 0.081183
1636 68 -0.192599
1637 68 -0.0762951
1698 68 0.094756
1699 68 0.214679
1700 68 -0.126611
1701 68 -0.00901089
1702 68 -0.0584801
1703 68 -0.076271
1722 68 -0.377957
1723 68 -0.031917
1724 68 -0.448396
1725 68 0.0164987
1726 68 0.0346868
1727 68 -0.0222674
48 69 -0.0453284
49 69 -0.0437366
50 69 0.0154921
69 69 0.922157
70 69 1.00614e-16
71 69 2.77556e-17
72 69 0.132309
73 69 0.00956297
74 69 0.140593
90 69 -0.0451092
91 69 -0.209082
92 69 -0.0786866
177 69 -0.0416091
178 69 0.245586
179 69 -0.0759758
1620 69 -0.133165
1621 69 0.0218159
1622 69 -0.0962144
1638 69 0.00203794
1639 69 -0.120316
1640 69 0.0943572
1704 69 0.0015296
1705 69 -0.00264544
1706 69 -0.00133744
1707 69 0.0227498
1708 69 0.0814001
1709 69 0.0497372
1728 69 -0.134375
1729 69 -0.022368
1730 69 -0.284614
1731 69 -0.663515
1732 69 0.0419249
1733 69 0.2385
48 70 -0.209285
49 70 -0.0337999
50 70 -0.00510985
69 70 1.07553e-16
70 70 0.922157
71 70 7.21645e-16
72 70 0.0071199
73 70 0.172171
74 70 -0.028419
90 70 -0.0439583
91 70 -0.0341886
92 70 -0.0552999
177 70 0.244717
178 70 -0.105084
179 70 0.086896
1620 70 -0.0246557
1621 70 0.0170232
1622 70 -0.0630772
1638 70 -0.00176854
1639 70 -0.22208
1640 70 0.0940594
1704 70 -0.12142
1705 70 -0.222657
1706 70 0.26654
1707 70 0.0828571
1708 70 -0.526331
1709 70 -0.34219
1728 70 0.0229091
1729 70 0.0168904
1730 70 0.0603309
1731 70 0.0439111
1732 70 0.0321338
1733 70 -0.0149777
48 71 -0.0785401
49 71 -0.0550103
50 71 0.0794248
69 71 4.16334e-17
70 71 7.35523e-16
71 71 0.922157
72 71 0.141321
73 71 -0.028197
74 71 -0.304488
90 71 0.0157044
91 71 -0.00497738
92 71 0.0794166
177 71 -0.0770051
178 71 0.0871694
179 71 0.146696
1620 71 -0.284578
1621 71 0.0584304
1622 71 -0.223988
1638 71 -0.00237638
1639 71 0.266826
1640 71 -0.118985
1704 71 0.0943453
1705 71 0.0933221
1706 71 -0.118019
1707 71 0.0505612
1708 71 -0.343039
1709 71 -0.174434
1728 71 -0.0967677
1729 71 -0.0611046
1730 71 -0.223164
1731 71 0.238333
1732 71 -0.0143295
1733 71 -0.0466325
9 72 -0.0452632
10 72 0.244582
11 72 -0.0799227
51 72 -0.0866525
52 72 -0.253427
53 72 -0.0618494
69 72 0.132309
70 72 0.0071199
71 72 0.141321
72 72 1.82618
73 72 6.8695e-16
74 72 -1.11022e-16
75 72 0.131223
76 72 0.0104432
77 72 0.142125
93 72 -0.0866234
94 72 -0.253373
95 72 -0.0621107
180 72 -0.0444261
181 72 0.245257
182 72 -0.0783065
1620 72 -0.665105
1621 72 0.0428652
1622 72 0.236801
1623 72 -0.262972
1624 72 -0.00856516
1625 72 -0.381005
1638 72 0.022024
1639 72 0.0858294
1640 72 0.0521035
1641 72 0.00470159
1642 72 -0.120887
1643 72 0.0920638
1707 72 0.00335823
1708 72 -0.121509
1709 72 0.0913004
1710 72 0.0210118
1711 72 0.0861176
1712 72 0.052046
1731 72 -0.265544
1732 72 -0.00243392
1733 72 -0.379305
1734 72 -0.665825
1735 72 0.0375335
1736 72 0.235681
9 73 0.244981
10 73 -0.0996066
11 73 0.0887501
51 73 -0.252995
52 73 -0.0722774
53 73 -0.0614041
69 73 0.00956297
70 73 0.172171
71 73 -0.028197
72 73 6.34909e-16
73 73 1.82618
74 73 -2.10942e-15
75 73 0.0072225
76 73 0.172012
77 73 -0.0298176
93 73 -0.253348
94 73 -0.0725925
95 73 -0.0595496
180 73 0.244411
181 73 -0.100776
182 73 0.0890032
1620 73 0.0409633
1621 73 0.0322614
1622 73 -0.0138164
1623 73 -0.00582016
1624 73 0.0346034
1625 73 -0.00743551
1638 73 0.0835532
1639 73 -0.527855
1640 73 -0.34193
1641 73 -0.118709
1642 73 -0.442482
1643 73 0.36296
1707 73 -0.123647
1708 73 -0.443523
1709 73 0.360029
1710 73 0.0899627
1711 73 -0.528329
1712 73 -0.339564
1731 73 -0.00560584
1732 73 0.0347252
1733 73 -0.00702082
1734 73 0.0407355
1735 73 0.0325881
1736 73 -0.0137229
9 74 -0.0794529
10 74 0.0892955
11 74 0.144869
51 74 -0.0628497
52 74 -0.0598054
53 74 0.158925
69 74 0.140593
70 74 -0.028419
71 74 -0.304488
72 74 -1.59595e-16
73 74 -2.15106e-15
74 74 1.82618
75 74 0.14307
76 74 -0.0292903
77 74 -0.303248
93 74 -0.0613749
94 74 -0.0605643
95 74 0.159214
180 74 -0.0798509
181 74 0.0883996
182 74 0.145199
1620 74 0.236268
1621 74 -0.0145141
1622 74 -0.0451708
1623 74 -0.378543
1624 74 -0.0109007
1625 74 -0.449631
1638 74 0.0506284
1639 74 -0.340523
1640 74 -0.172179
1641 74 0.0898151
1642 74 0.361593
1643 74 -0.240229
1707 74 0.0937903
1708 74 0.362161
1709 74 -0.237843
1710 74 0.054318
1711 74 -0.340707
1712 74 -0.170685
1731 74 -0.381581
1732 74 -0.00315111
1733 74 -0.447177
1734 74 0.236451
1735 74 -0.012648
1736 74 -0.0447724
12 75 -0.0487955
13 75 0.244356
14 75 -0.0824102
54 75 -0.0819842
55 75 -0.253617
56 75 -0.0606489
72 75 0.131223
73 75 0.0072225
74 75 0.14307
75 75 1.82618
76 75 -8.36137e-16
77 75 -7.77156e-16
78 75 0.130246
79 75 0.0110879
80 75 0.143714
96 75 -0.0821811
97 75 -0.253396
98 75 -0.0613002
183 75 -0.0484209
184 75 0.244791
185 75 -0.0813316
1623 75 -0.667581
1624 75 0.0390681
1625 75 0.234131
1626 75 -0.260426
1627 75 -0.0133158
1628 75 -0.379819
1641 75 0.0202955
1642 75 0.0920362
1643 75 0.0553505
1644 75 0.00613321
1645 75 -0.117983
1646 75 0.0904086
1710 75 0.00466999
1711 75 -0.118573
1712 75 0.0897222
1713 75 0.0188917
1714 75 0.0924654
1715 75 0.0551317
1734 75 -0.262389
1735 75 -0.00684234
1736 75 -0.378638
1737 75 -0.668158
1738 75 0.0318637
1739 75 0.233574
12 76 0.244666
13 76 -0.094673
14 76 0.0899977
54 76 -0.253259
55 76 -0.0772174
56 76 -0.0613395
72 76 0.0104432
73 76 0.172012
74 76 -0.0292903
75 76 -8.63892e-16
76 76 1.82618
77 76 1.41553e-15
78 76 0.00745013
79 76 0.17187
80 76 -0.0309911
96 76 -0.253688
97 76 -0.0772308
98 76 -0.0595209
183 76 0.244161
184 76 -0.0950558
185 76 0.0909594
1623 76 0.036247
1624 76 0.0327542
1625 76 -0.0120181
1626 76 -0.0102536
1627 76 0.0343082
1628 76 -0.013225
1641 76 0.0887676
1642 76 -0.529646
1643 76 -0.339833
1644 76 -0.115468
1645 76 -0.440947
1646 76 0.364281
1710 76 -0.121039
1711 76 -0.442031
1712 76 0.361145
1713 76 0.0970306
1714 76 -0.530247
1715 76 -0.336622
1734 76 -0.0100525
1735 76 0.0345393
1736 76 -0.0127701
1737 76 0.0359098
1738 76 0.0331429
1739 76 -0.0119644
12 77 -0.082083
13 77 0.0906495
14 77 0.143468
54 77 -0.0617974
55 77 -0.0599607
56 77 0.159197
72 77 0.142125
73 77 -0.0298176
74 77 -0.303248
75 77 -8.53484e-16
76 77 1.58207e-15
77 77 1.82618
78 77 0.144384
79 77 -0.0302652
80 77 -0.302135
96 77 -0.0603097
97 77 -0.0609076
98 77 0.159408
183 77 -0.0830074
184 77 0.0897997
185 77 0.143471
1623 77 0.233849
1624 77 -0.0130727
1625 77 -0.0431843
1626 77 -0.378227
1627 77 -0.0170283
1628 77 -0.451881
1641 77 0.0532006
1642 77 -0.337859
1643 77 -0.168653
1644 77 0.0880455
1645 77 0.362996
1646 77 -0.243194
1710 77 0.0923959
1711 77 0.363614
1712 77 -0.240643
1713 77 0.0580133
1714 77 -0.338065
1715 77 -0.16664
1734 77 -0.380569
1735 77 -0.00880068
1736 77 -0.450146
1737 77 0.234012
1738 77 -0.0105755
1739 77 -0.0429888
15 78 -0.0531338
16 78 0.244187
17 78 -0.084903
57 78 -0.0767142
58 78 -0.253911
59 78 -0.0588454
75 78 0.130246
76 78 0.00745013
77 78 0.144384
78 78 1.82618
79 78 8.60423e-16
80 78 4.09395e-16
81 78 0.129846
82 78 0.0112323
83 78 0.1445
99 78 -0.0772226
100 78 -0.253498
101 78 -0.0599508
186 78 -0.0535216
187 78 0.244447
188 78 -0.0839063
1626 78 -0.669245
1627 78 0.0345925
1628 78 0.232402
1629 78 -0.259186
1630 78 -0.0180425
1631 78 -0.378905
1644 78 0.0183858
1645 78 0.0982819
1646 78 0.0585854
1647 78 0.00803226
1648 78 -0.113888
1649 78 0.0878277
1713 78 0.00662985
1714 78 -0.114366
1715 78 0.0873224
1716 78 0.016734
1717 78 0.09877
1718 78 0.0582588
1737 78 -0.260209
1738 78 -0.0116288
1739 78 -0.378455
1740 78 -0.669408
1741 78 0.0257432
1742 78 0.233082
15 79 0.244433
16 79 -0.0891094
17 79 0.090786
57 79 -0.253452
58 79 -0.0829918
59 79 -0.0609111
75 79 0.0110879
76 79 0.17187
77 79 -0.0302652
78 79 7.32053e-16
79 79 1.82618
80 79 4.996e-16
81 79 0.00781172
82 79 0.171781
83 79 -0.0317579
99 79 -0.253962
100 79 -0.082569
101 79 -0.0593415
186 79 0.244192
187 79 -0.0886873
188 79 0.0918425
1626 79 0.0306493
1627 79 0.0332647
1628 79 -0.0100689
1629 79 -0.0150629
1630 79 0.0338463
1631 79 -0.0194283
1644 79 0.0943643
1645 79 -0.531255
1646 79 -0.337464
1647 79 -0.111374
1648 79 -0.439614
1649 79 0.365742
1713 79 -0.116937
1714 79 -0.440473
1715 79 0.362962
1716 79 0.103424
1717 79 -0.531571
1718 79 -0.334295
1737 79 -0.0148437
1738 79 0.0341855
1739 79 -0.0189982
1740 79 0.0302211
1741 79 0.033666
1742 79 -0.0100293
15 80 -0.0845014
16 80 0.0915496
17 80 0.142242
57 80 -0.0602299
58 80 -0.0596467
59 80 0.159701
75 80 0.143714
76 80 -0.0309911
77 80 -0.302135
78 80 3.95517e-16
79 80 3.747e-16
80 80 1.82618
81 80 0.144771
82 80 -0.030849
83 80 -0.301645
99 80 -0.0588826
100 80 -0.0607503
101 80 0.159787
186 80 -0.0857416
187 80 0.0904529
188 80 0.142202
1626 80 0.232634
