0 0 0.266137
1 0 -0.0290867
2 0 0.00259059
54 0 0.158715
55 0 0.0870561
56 0 -0.00493043
1608 0 -0.109743
1609 0 -0.041292
1610 0 -0.0528207
1611 0 -0.0775105
1612 0 0.00454671
1613 0 0.10556
1623 0 -0.038559
1624 0 -0.0130084
1625 0 0.0407243
1626 0 -0.181672
1627 0 -0.0105269
1628 0 -0.0904178
0 1 -0.0290867
1 1 0.430908
2 1 -0.00873357
54 1 0.0875593
55 1 -0.331374
56 1 0.0254085
1608 1 -0.211751
1609 1 -0.0661797
1610 1 -0.118802
1611 1 0.101221
1612 1 -0.0064086
1613 1 -0.185513
1623 1 -0.109686
1624 1 -0.024844
1625 1 0.196504
1626 1 0.161476
1627 1 0.018544
1628 1 0.0903287
0 2 0.00259059
1 2 -0.00873357
2 2 0.26138
54 2 -0.00346453
55 2 0.0255686
56 2 0.172557
1608 2 -0.0607792
1609 2 -0.0246002
1610 2 -0.0519317
1611 2 0.0707726
1612 2 -0.0146362
1613 2 -0.13955
1623 2 0.0755528
1624 2 0.0257292
1625 2 -0.160632
1626 2 -0.0841636
1627 2 -0.00428295
1628 2 -0.0638874
3 3 0.26899
4 3 -0.0343089
5 3 0.000147167
57 3 0.152288
58 3 0.104166
59 3 -0.00325765
1611 3 -0.101009
1612 3 -0.0407548
1613 3 -0.0495381
1614 3 -0.0812386
1615 3 0.000906585
1616 3 0.112736
1626 3 -0.0340195
1627 3 -0.0137461
1628 3 0.0345231
1629 3 -0.187205
1630 3 -0.0149029
1631 3 -0.0930851
3 4 -0.0343089
4 4 0.427366
5 4 -0.00330727
57 4 0.103881
58 4 -0.32545
59 4 0.00898025
1611 4 -0.210825
1612 4 -0.0705211
1613 4 -0.121019
1614 4 0.0957548
1615 4 0.00123194
1616 4 -0.176892
1626 4 -0.110665
1627 4 -0.0337791
1628 4 0.202005
1629 4 0.156516
1630 4 0.0210354
1631 4 0.0883163
3 5 0.000147167
4 5 -0.00330727
5 5 0.262069
57 5 -0.00121638
58 5 0.0102305
59 5 0.173941
1611 5 -0.0656338
1612 5 -0.027355
1613 5 -0.0566071
1614 5 0.0744994
1615 5 -0.00898739
1616 5 -0.146234
1626 5 0.0710457
1627 5 0.0307986
1628 5 -0.154902
1629 5 -0.0789831
1630 5 -0.00466659
1631 5 -0.0604216
6 6 0.270621
7 6 -0.0371225
8 6 0.000916385
60 6 0.147463
61 6 0.114315
62 6 -0.000696919
1614 6 -0.0973958
1615 6 -0.0411093
1616 6 -0.0481635
1617 6 -0.0810623
1618 6 -0.00418597
1619 6 0.114833
1629 6 -0.0303322
1630 6 -0.0143283
1631 6 0.0285922
1632 6 -0.191558
1633 6 -0.0195393
1634 6 -0.094148
6 7 -0.0371225
7 7 0.426631
8 7 -0.000324088
60 7 0.116231
61 7 -0.320625
62 7 -0.00100606
1614 7 -0.211535
1615 7 -0.0735353
1616 7 -0.120658
1617 7 0.0909048
1618 7 0.00817067
1619 7 -0.173669
1629 7 -0.109913
1630 7 -0.0433047
1631 7 0.204946
1632 7 0.15397
1633 7 0.0236466
1634 7 0.0864469
6 8 0.000916385
7 8 -0.000324088
8 8 0.261173
60 8 0.00140559
61 8 0.000963631
62 8 0.173608
1614 8 -0.0683248
1615 8 -0.0289197
1616 8 -0.0572749
1617 8 0.0747261
1618 8 -0.00307253
1619 8 -0.150487
1629 8 0.0673131
1630 8 0.0363681
1631 8 -0.15123
1632 8 -0.0755171
1633 8 -0.00508959
1634 8 -0.0577488
9 9 0.26481
10 9 -0.0222906
11 9 0.00133308
72 9 0.165428
73 9 0.0671066
74 9 -0.0038792
1620 9 -0.119299
1621 9 -0.039752
1622 9 -0.0571551
1623 9 -0.07423
1624 9 0.010661
1625 9 0.0987761
1638 9 -0.0432713
1639 9 -0.0114298
1640 9 0.0496309
1641 9 -0.17501
1642 9 -0.00277343
1643 9 -0.0874189
9 10 -0.0222906
10 10 0.431851
11 10 -0.00977191
72 10 0.066781
73 10 -0.337005
74 10 0.0309336
1620 10 -0.20908
1621 10 -0.0580551
1622 10 -0.1173
1623 10 0.103714
1624 10 -0.0131636
1625 10 -0.18988
1638 10 -0.109165
1639 10 -0.0172156
1640 10 0.193332
1641 10 0.168223
1642 10 0.0120838
1643 10 0.093216
9 11 0.00133308
10 11 -0.00977191
11 11 0.261765
72 11 -0.00358719
73 11 0.0306882
74 11 0.17172
1620 11 -0.0600095
1621 11 -0.0232388
1622 11 -0.0514832
1623 11 0.0690198
1624 11 -0.0185425
1625 11 -0.138482
1638 11 0.0783554
1639 11 0.0206183
1640 11 -0.161706
1641 11 -0.0858208
1642 11 -0.00134533
1643 11 -0.0636386
12 12 0.265783
13 12 -0.026861
14 12 0.000830268
75 12 0.161048
76 12 0.0806139
77 12 -0.00317423
1623 12 -0.113552
1624 12 -0.0389733
1625 12 -0.054315
1626 12 -0.0763035
1627 12 0.00382164
1628 12 0.103413
1641 12 -0.0395508
1642 12 -0.0131752
1643 12 0.0434488
1644 12 -0.179966
1645 12 -0.00682958
1646 12 -0.0893997
12 13 -0.026861
13 13 0.430955
14 13 -0.00523706
75 13 0.0807109
76 13 -0.334396
77 13 0.0159912
1623 13 -0.210663
1624 13 -0.0596266
1625 13 -0.117164
1626 13 0.100784
1627 13 -0.00301333
1628 13 -0.183773
1641 13 -0.109995
1642 13 -0.0266823
1643 13 0.198672
1644 13 0.165181
1645 13 0.0150098
1646 13 0.0925394
12 14 0.000830268
13 14 -0.00523706
14 14 0.261687
75 14 -0.00190275
76 14 0.0159985
77 14 0.173346
1623 14 -0.0649178
1624 14 -0.0243184
1625 14 -0.0539674
1626 14 0.0734796
1627 14 -0.0119825
1628 14 -0.143979
1641 14 0.0738699
1642 14 0.0268465
1643 14 -0.15703
1644 14 -0.0803896
1645 14 -0.00150703
1646 14 -0.0614633
15 15 0.266456
16 15 -0.0309753
17 15 -0.000919247
78 15 0.155195
79 15 0.095458
80 15 -0.00225558
1626 15 -0.106123
1627 15 -0.0389612
1628 15 -0.0514687
1629 15 -0.078416
1630 15 -0.00150803
1631 15 0.109004
1644 15 -0.0356663
1645 15 -0.0138873
1646 15 0.0376822
1647 15 -0.184038
1648 15 -0.0110015
1649 15 -0.0913659
15 16 -0.0309753
16 16 0.429515
17 16 -0.00162079
78 16 0.0965415
79 16 -0.329428
80 16 0.00253086
1626 16 -0.211163
1627 16 -0.0634118
1628 16 -0.118483
1629 16 0.095275
1630 16 0.00507195
1631 16 -0.177431
1644 16 -0.111429
1645 16 -0.0370086
1646 16 0.203122
1647 16 0.161173
1648 16 0.0175355
1649 16 0.0912709
15 17 -0.000919247
16 17 -0.00162079
17 17 0.262454
78 17 3.40906e-05
79 17 0.00350442
80 17 0.174071
1626 17 -0.0688309
1627 17 -0.0261335
1628 17 -0.0569574
1629 17 0.0755735
1630 17 -0.00576405
1631 17 -0.149601
1644 17 0.0704472
1645 17 0.0332879
1646 17 -0.152167
1647 17 -0.0758789
1648 17 -0.00208171
1649 17 -0.0595053
18 18 0.270322
19 18 -0.0365537
20 18 -0.0020234
81 18 0.148623
82 18 0.110846
83 18 0.0010639
1629 18 -0.0994953
1630 18 -0.0394527
1631 18 -0.0486588
1632 18 -0.079864
1633 18 -0.00614411
1634 18 0.11406
1647 18 -0.0304265
1648 18 -0.0146774
1649 18 0.0294425
1650 18 -0.191329
1651 18 -0.0163596
1652 18 -0.0934794
18 19 -0.0365537
19 19 0.425551
20 19 0.00142723
81 19 0.111248
82 19 -0.323134
83 19 -0.00821294
1629 19 -0.211044
1630 19 -0.0678031
1631 19 -0.118765
1632 19 0.0894562
1633 19 0.0109258
1634 19 -0.171102
1647 19 -0.109005
1648 19 -0.0470574
1649 19 0.206977
1650 19 0.156704
1651 19 0.0208809
1652 19 0.0878148
18 20 -0.0020234
19 20 0.00142723
20 20 0.262552
81 20 0.00183942
82 20 -0.00715655
83 20 0.173715
1629 20 -0.0707111
1630 20 -0.0275561
1631 20 -0.0587881
1632 20 0.077073
1633 20 -0.000518727
1634 20 -0.154851
1647 20 0.0653923
1648 20 0.0386476
1649 20 -0.149174
1650 20 -0.0712894
1651 20 -0.00299755
1652 20 -0.0557096
21 21 0.2734
22 21 -0.0413762
23 21 -0.00392644
84 21 0.141642
85 21 0.125295
86 21 0.00398786
1632 21 -0.0923055
1633 21 -0.0392708
1634 21 -0.0456893
1635 21 -0.0807359
1636 21 -0.00979342
1637 21 0.119127
1650 21 -0.0262147
1651 21 -0.0141274
1652 21 0.0213309
1653 21 -0.197453
1654 21 -0.0208994
1655 21 -0.0956171
21 22 -0.0413762
22 22 0.422278
23 22 0.00563043
84 22 0.124298
85 22 -0.315145
86 22 -0.0176276
1632 22 -0.210645
1633 22 -0.0727368
1634 22 -0.11979
1635 22 0.0838171
1636 22 0.0143666
1637 22 -0.164592
1650 22 -0.107562
1651 22 -0.0553708
1652 22 0.210403
1653 22 0.151812
1654 22 0.0233037
1655 22 0.0845721
21 23 -0.00392644
22 23 0.00563043
23 23 0.262747
84 23 0.00417968
85 23 -0.0180186
86 23 0.173543
1632 23 -0.0732586
1633 23 -0.0299084
1634 23 -0.0614366
1635 23 0.0787394
1636 23 0.00325217
1637 23 -0.160364
1650 23 0.060549
1651 23 0.0423087
1652 23 -0.144947
1653 23 -0.0662028
1654 23 -0.00338399
1655 23 -0.0518242
24 24 0.265455
25 24 -0.0258414
26 24 0.000231202
96 24 0.16243
97 24 0.0767281
98 24 -0.00181177
1641 24 -0.115325
1642 24 -0.0369813
1643 24 -0.0557253
1644 24 -0.075417
1645 24 0.00312488
1646 24 0.102463
1656 24 -0.04005
1657 24 -0.0140751
1658 24 0.0446095
1659 24 -0.179046
1660 24 -0.00390718
1661 24 -0.0887819
24 25 -0.0258414
25 25 0.431432
26 25 -0.00152014
96 25 0.0759114
97 25 -0.33622
98 25 0.00573436
1641 25 -0.209145
1642 25 -0.0542868
1643 25 -0.116632
1644 25 0.0992386
1645 25 -0.00107683
1646 25 -0.181444
1656 25 -0.110355
1657 25 -0.0308743
1658 25 0.2018
1659 25 0.16821
1660 25 0.0122866
1661 25 0.0944858
24 26 0.000231202
25 26 -0.00152014
26 26 0.261538
96 26 0.000150722
97 26 0.00535614
98 26 0.173788
1641 26 -0.0697817
1642 26 -0.0237957
1643 26 -0.0569463
1644 26 0.0752312
1645 26 -0.0105762
1646 26 -0.148337
1656 26 0.0707369
1657 26 0.029116
1658 26 -0.152462
1659 26 -0.0767539
1660 26 0.000302548
1661 26 -0.05936
27 27 0.268312
28 27 -0.0290867
29 27 -0.00353325
99 27 0.157261
100 27 0.0903597
101 27 0.000480932
1644 27 -0.109195
1645 27 -0.0368883
1646 27 -0.0540627
1647 27 -0.0777293
1648 27 -0.00129796
1649 27 0.108257
1659 27 -0.0369732
1660 27 -0.0152955
1661 27 0.040507
1662 27 -0.183446
1663 27 -0.00703951
1664 27 -0.0904334
27 28 -0.0290867
28 28 0.426281
29 28 0.000493918
99 28 0.091075
100 28 -0.331445
101 28 -0.00550527
1644 28 -0.208127
1645 28 -0.0569614
1646 28 -0.117973
1647 28 0.0940458
1648 28 0.00540544
1649 28 -0.174453
1659 28 -0.111859
1660 28 -0.0399004
1661 28 0.203522
1662 28 0.163994
1663 28 0.0140756
1664 28 0.0923884
27 29 -0.00353325
28 29 0.000493918
29 29 0.263833
99 29 0.000599691
100 29 -0.00499549
101 29 0.173886
1644 29 -0.0716992
1645 29 -0.0247133
1646 29 -0.059273
1647 29 0.0776533
1648 29 -0.00554966
1649 29 -0.153657
1659 29 0.0696892
1660 29 0.0346711
1661 29 -0.149206
1662 29 -0.0728968
1663 29 0.000166007
1664 29 -0.0570237
30 30 0.26985
31 30 -0.0351896
32 30 -0.00292592
102 30 0.150896
103 30 0.106086
104 30 0.00279286
1647 30 -0.102127
1648 30 -0.0377042
1649 30 -0.0508562
1650 30 -0.078003
1651 30 -0.0071883
1652 30 0.112556
1662 30 -0.0316673
1663 30 -0.0152289
1664 30 0.0307782
1665 30 -0.190842
1666 30 -0.0125245
1667 30 -0.0919363
30 31 -0.0351896
31 31 0.425229
32 31 0.00539187
102 31 0.105825
103 31 -0.324904
104 31 -0.0175946
1647 31 -0.209084
1648 31 -0.0621954
1649 31 -0.117935
1650 31 0.0880524
1651 31 0.0126274
1652 31 -0.169027
1662 31 -0.111108
1663 31 -0.0496486
1664 31 0.208119
1665 31 0.160752
1666 31 0.0179118
1667 31 0.0887818
30 32 -0.00292592
31 32 0.00539187
32 32 0.263347
102 32 0.00427567
103 32 -0.0174429
104 32 0.173272
1647 32 -0.0757041
1648 32 -0.02713
1649 32 -0.0613764
1650 32 0.0788841
1651 32 0.00138553
1652 32 -0.159376
1662 32 0.0641685
1663 32 0.0391796
1664 32 -0.14413
1665 32 -0.0680593
1666 32 -0.000893229
1667 32 -0.0526872
33 33 0.618545
34 33 -0.174829
35 33 0.183318
36 33 -0.147218
37 33 -0.0968784
38 33 0.146592
51 33 0.0697244
52 33 -0.0336576
53 33 -0.141942
129 33 0.0816436
130 33 0.121958
131 33 -0.00530264
1608 33 -0.110379
1609 33 -0.212218
1610 33 -0.0574228
1668 33 -0.0709153
1669 33 0.102516
1670 33 0.182894
1683 33 0.0381171
1684 33 0.0251361
1685 33 -0.0410311
1686 33 -0.458994
1687 33 0.26609
1688 33 -0.268472
33 34 -0.174829
34 34 0.395501
35 34 -0.0939011
36 34 0.0268505
37 34 0.0815536
38 34 0.00398328
51 34 0.0192492
52 34 0.0836136
53 34 0.0238347
129 34 -0.050767
130 34 -0.167833
131 34 -0.0201046
1608 34 -0.0420643
1609 34 -0.0681768
1610 34 -0.0248155
1668 34 0.0514531
1669 34 -0.100612
1670 34 -0.147613
1683 34 -0.0964687
1684 34 -0.0972786
1685 34 0.118516
1686 34 0.265181
1687 34 -0.106935
1688 34 0.143403
33 35 0.183318
34 35 -0.0939011
35 35 0.396391
36 35 -0.00641532
37 35 0.0162105
38 35 0.0666221
51 35 0.0119873
52 35 -0.0850962
53 35 -0.151166
129 35 -0.00291963
130 35 0.0724103
131 35 0.0827509
1608 35 -0.0533967
1609 35 -0.120003
1610 35 -0.0498746
1668 35 0.0282594
1669 35 -0.0343282
1670 35 -0.0536975
1683 35 0.115121
1684 35 0.0973595
1685 35 -0.162444
1686 35 -0.272935
1687 35 0.145219
1688 35 -0.111811
33 36 -0.147218
34 36 0.0268505
35 36 -0.00641532
36 36 0.903522
37 36 -0.00660291
38 36 -0.00629098
39 36 -0.144278
40 36 -0.10964
41 36 0.143897
54 36 0.136674
55 36 -0.0151382
56 36 -0.133138
132 36 0.152446
133 36 0.0969547
134 36 -0.0165451
1608 36 -0.0762145
1609 36 0.107773
1610 36 0.0759929
1611 36 -0.11731
1612 36 -0.226074
1613 36 -0.0649291
1668 36 -0.102661
1669 36 -0.0980691
1670 36 -0.0898351
1671 36 -0.0780162
1672 36 0.0977103
1673 36 0.192936
1686 36 -0.0303214
1687 36 -0.132168
1688 36 0.168821
1689 36 -0.478545
1690 36 0.263143
1691 36 -0.263632
33 37 -0.0968784
34 37 0.0815536
35 37 0.0162105
36 37 -0.00660291
37 37 0.797055
38 37 -0.0816985
39 37 0.0181344
40 37 0.0768267
41 37 0.00945506
54 37 -0.012384
55 37 0.168797
56 37 -0.0532276
132 37 0.0568976
133 37 -0.245538
134 37 -0.0479803
1608 37 0.102723
1609 37 -0.0980452
1610 37 -0.0418748
1611 37 -0.108094
1612 37 -0.187476
1613 37 -0.00865337
1668 37 -0.127408
1669 37 -0.153439
1670 37 -0.134182
1671 37 0.05104
1672 37 -0.0873032
1673 37 -0.139269
1686 37 -0.138464
1687 37 -0.238253
1688 37 0.350322
1689 37 0.259564
1690 37 -0.0962201
1691 37 0.130439
33 38 0.146592
34 38 0.00398328
35 38 0.0666221
36 38 -0.00629098
37 38 -0.0816985
38 38 0.839888
39 38 -0.00617822
40 38 0.01691
41 38 0.0676867
54 38 -0.13315
55 38 -0.0464992
56 38 -0.305513
132 38 -0.0384574
133 38 0.0833866
134 38 0.0918702
1608 38 0.18419
1609 38 -0.251084
1610 38 -0.162165
1611 38 -0.104781
1612 38 -0.198915
1613 38 -0.0367484
1668 38 0.0257146
1669 38 0.023557
1670 38 0.0306109
1671 38 0.0314327
1672 38 -0.0341641
1673 38 -0.0592626
1686 38 0.174013
1687 38 0.345836
1688 38 -0.409811
1689 38 -0.269083
1690 38 0.136744
1691 38 -0.102382
36 39 -0.144278
37 39 0.0181344
38 39 -0.00617822
39 39 0.908461
40 39 -0.0030643
41 39 -0.00927232
42 39 -0.140409
43 39 -0.120894
44 39 0.141333
57 39 0.136446
58 39 -0.0110726
59 39 -0.133295
135 39 0.147884
136 39 0.107168
137 39 -0.0124287
1611 39 -0.0842625
1612 39 0.105284
1613 39 0.080476
1614 39 -0.108687
1615 39 -0.222761
1616 39 -0.0700846
1671 39 -0.0968646
1672 39 -0.0923353
1673 39 -0.0882472
1674 39 -0.0821958
1675 39 0.0920644
1676 39 0.200328
1689 39 -0.0229406
1690 39 -0.130362
1691 39 0.155996
1692 39 -0.495816
1693 39 0.260154
1694 39 -0.257129
36 40 -0.10964
37 40 0.0768267
38 40 0.01691
39 40 -0.0030643
40 40 0.79722
41 40 -0.0839335
42 40 0.0112537
43 40 0.0731067
44 40 0.0136147
57 40 -0.0127014
58 40 0.17
59 40 -0.0432334
135 40 0.0681336
136 40 -0.241627
137 40 -0.0584561
1611 40 0.0994072
1612 40 -0.0822261
1613 40 -0.0385555
1614 40 -0.101965
1615 40 -0.189666
1616 40 -0.0128547
1671 40 -0.124514
1672 40 -0.155735
1673 40 -0.141661
1674 40 0.049614
1675 40 -0.0777006
1676 40 -0.133278
1689 40 -0.13225
1690 40 -0.265144
1691 40 0.357124
1692 40 0.255558
1693 40 -0.0885581
1694 40 0.122432
36 41 0.143897
37 41 0.00945506
38 41 0.0676867
39 41 -0.00927232
40 41 -0.0839335
41 41 0.834784
42 41 -0.00525999
43 41 0.0177234
44 41 0.0672436
57 41 -0.135266
58 41 -0.0390998
59 41 -0.30684
135 41 -0.0397602
136 41 0.0731973
137 41 0.0934813
1611 41 0.19627
1612 41 -0.240318
1613 41 -0.171744
1614 41 -0.100957
1615 41 -0.203583
1616 41 -0.0404238
1671 41 0.0220051
1672 41 0.0189046
1673 41 0.0276291
1674 41 0.0344891
1675 41 -0.0340197
1676 41 -0.0655527
1689 41 0.158386
1690 41 0.356296
1691 41 -0.3909
1692 41 -0.262863
1693 41 0.128025
1694 41 -0.0929378
39 42 -0.140409
40 42 0.0112537
41 42 -0.00525999
42 42 0.908529
43 42 -0.00190458
44 42 -0.00721535
45 42 -0.137491
46 42 -0.125359
47 42 0.14238
60 42 0.135144
61 42 -0.010328
62 42 -0.137078
138 42 0.143152
139 42 0.11685
140 42 -0.00927591
1614 42 -0.0864306
1615 42 0.100486
1616 42 0.0834566
1617 42 -0.105045
1618 42 -0.223415
1619 42 -0.0737824
1674 42 -0.0917934
1675 42 -0.0869775
1676 42 -0.0861528
1677 42 -0.0802838
1678 42 0.0869357
1679 42 0.20445
1692 42 -0.0143951
1693 42 -0.124425
1694 42 0.140121
1695 42 -0.512401
1696 42 0.254005
1697 42 -0.251113
39 43 -0.120894
40 43 0.0731067
41 43 0.0177234
42 43 -0.00190458
43 43 0.804092
44 43 -0.0846982
45 43 0.009124
46 43 0.0711399
47 43 0.0148839
60 43 -0.0114821
61 43 0.171595
62 43 -0.0356461
138 43 0.0776856
139 43 -0.237299
140 43 -0.0657336
1614 43 0.0932369
1615 43 -0.0734895
1616 43 -0.0337417
1617 43 -0.097222
1618 43 -0.192327
1619 43 -0.016368
1674 43 -0.122216
1675 43 -0.158047
1676 43 -0.14912
1677 43 0.0453187
1678 43 -0.0726078
1679 43 -0.129177
1692 43 -0.124422
1693 43 -0.289587
1694 43 0.364155
1695 43 0.253311
1696 43 -0.0833295
1697 43 0.115258
39 44 0.141333
40 44 0.0136147
41 44 0.0672436
42 44 -0.00721535
43 44 -0.0846982
44 44 0.827844
45 44 -0.00272711
46 44 0.0198025
47 44 0.0657056
60 44 -0.137701
61 44 -0.0327916
62 44 -0.304947
138 44 -0.0398719
139 44 0.0631197
140 44 0.0941237
1614 44 0.202518
1615 44 -0.234063
1616 44 -0.179783
1617 44 -0.0969624
1618 44 -0.206369
1619 44 -0.042661
1674 44 0.0187262
1675 44 0.0141785
1676 44 0.0242312
1677 44 0.036096
1678 44 -0.0344021
1679 44 -0.0722239
1692 44 0.141755
1693 44 0.363749
1694 44 -0.373929
1695 44 -0.255648
1696 44 0.118783
1697 44 -0.0827984
42 45 -0.137491
43 45 0.009124
44 45 -0.00272711
45 45 0.324896
46 45 0.0792841
47 45 -0.0865113
63 45 0.0662607
64 45 -0.0246134
65 45 -0.0202507
141 45 0.0717168
142 45 0.0150225
143 45 0.0214371
1617 45 -0.081209
1618 45 0.0883088
1619 45 0.0748806
1677 45 -0.0918348
1678 45 -0.0841383
1679 45 -0.0836404
1695 45 -0.00697086
1696 45 -0.117554
1697 45 0.129767
1698 45 -0.128058
1699 45 0.0343968
1700 45 -0.0332871
42 46 -0.125359
43 46 0.0711399
44 46 0.0198025
45 46 0.0792841
46 46 0.519818
47 46 -0.246741
63 46 0.0152384
64 46 0.0847879
65 46 0.0661086
141 46 0.107281
142 46 -0.158857
143 46 -0.0834581
1617 46 -0.00510252
1618 46 0.00875845
1619 46 -0.00254292
1677 46 -0.124464
1678 46 -0.157391
1679 46 -0.149732
1695 46 -0.116838
1696 46 -0.301126
1697 46 0.368506
1698 46 0.171019
1699 46 -0.0481916
1700 46 0.0264641
42 47 0.14238
43 47 0.0148839
44 47 0.0657056
45 47 -0.0865113
46 47 -0.246741
47 47 0.565723
63 47 -0.12139
64 47 -0.0968493
65 47 -0.15286
141 47 -0.0213259
142 47 0.0845312
143 47 0.0866882
1617 47 0.118124
1618 47 -0.171748
1619 47 -0.152259
1677 47 0.0188299
1678 47 0.013213
1679 47 0.0235363
1695 47 0.129158
1696 47 0.368546
1697 47 -0.369401
1698 47 -0.180618
1699 47 0.0317755
1700 47 -0.0455476
48 48 0.702436
49 48 -0.0881045
50 48 0.170335
51 48 -0.148084
52 48 -0.0870003
53 48 0.146654
69 48 0.0679164
70 48 -0.0354216
71 48 -0.141458
150 48 0.166729
151 48 0.0600995
152 48 -0.00781731
1620 48 -0.119094
1621 48 -0.209545
1622 48 -0.0553371
1680 48 -0.1219
1681 48 -0.0424207
1682 48 -0.0562045
1683 48 -0.0665319
1684 48 0.109182
1685 48 0.166936
1704 48 -0.0236406
1705 48 0.0196713
1706 48 0.0456293
1707 48 -0.439866
1708 48 0.271541
1709 48 -0.264741
48 49 -0.0881045
49 49 0.648321
50 49 -0.0558739
51 49 0.035092
52 49 0.0852193
53 49 -0.00116503
69 49 0.0185939
70 49 0.0828773
71 49 0.0252426
150 49 0.0574652
151 49 -0.334433
152 49 0.0624291
1620 49 -0.0405314
1621 49 -0.0607794
1622 49 -0.0233455
1680 49 -0.210412
1681 49 -0.062092
1682 49 -0.117075
1683 49 0.11177
1684 49 -0.123533
1685 49 -0.26059
1704 49 -0.154194
1705 49 -0.0925082
1706 49 0.223811
1707 49 0.272788
1708 49 -0.120073
1709 49 0.151825
48 50 0.170335
49 50 -0.0558739
50 50 0.511691
51 50 -0.00853203
52 50 0.0145194
53 50 0.0684189
69 50 0.00824522
70 50 -0.0889762
71 50 -0.151065
150 50 -0.00653286
151 50 0.0587269
152 50 0.166075
1620 50 -0.0572605
1621 50 -0.118772
1622 50 -0.0492965
1680 50 -0.048811
1681 50 -0.0212237
1682 50 -0.0458914
1683 50 0.0700287
1684 50 -0.0478822
1685 50 -0.147168
1704 50 0.147562
1705 50 0.101038
1706 50 -0.218141
1707 50 -0.276745
1708 50 0.156777
1709 50 -0.118899
33 51 0.0697244
34 51 0.0192492
35 51 0.0119873
48 51 -0.148084
49 51 0.035092
50 51 -0.00853203
51 51 1.12933
52 51 0.0874837
53 51 -0.160709
54 51 -0.295895
55 51 -0.0699012
56 51 0.140374
72 51 0.135721
73 51 -0.0173993
74 51 -0.13463
153 51 0.164179
154 51 0.0716273
155 51 -0.005325
1608 51 -0.018661
1609 51 -0.159066
1610 51 0.13789
1620 51 -0.0700894
1621 51 0.108477
1622 51 0.0728689
1623 51 -0.148122
1624 51 -0.296947
1625 51 -0.11778
1683 51 -0.153841
1684 51 -0.133411
1685 51 -0.111719
1686 51 -0.147985
1687 51 0.210578
1688 51 0.251671
1707 51 -0.042408
1708 51 -0.13596
1709 51 0.185427
1710 51 -0.454116
1711 51 0.275581
1712 51 -0.259979
33 52 -0.0336576
34 52 0.0836136
35 52 -0.0850962
48 52 -0.0870003
49 52 0.0852193
50 52 0.0145194
51 52 0.0874837
52 52 1.20975
53 52 0.0461907
54 52 -0.0647447
55 52 0.165447
56 52 0.0210998
72 52 -0.0139023
73 52 0.16873
74 52 -0.0536669
153 52 0.0712084
154 52 -0.33382
155 52 0.0436027
1608 52 0.0208853
1609 52 -0.115812
1610 52 0.114764
1620 52 0.104586
1621 52 -0.110384
1622 52 -0.0441079
1623 52 -0.127557
1624 52 -0.290433
1625 52 -0.0801959
1683 52 -0.301717
1684 52 -0.293952
1685 52 -0.162123
1686 52 0.213261
1687 52 -0.212982
1688 52 -0.301352
1707 52 -0.141511
1708 52 -0.21553
1709 52 0.340551
1710 52 0.273295
1711 52 -0.118655
1712 52 0.145365
33 53 -0.141942
34 53 0.0238347
35 53 -0.151166
48 53 0.146654
49 53 -0.00116503
50 53 0.0684189
51 53 -0.160709
52 53 0.0461907
53 53 1.33142
54 53 0.139292
55 53 0.0175716
56 53 0.131475
72 53 -0.134728
73 53 -0.0479026
74 53 -0.303996
153 53 -0.00614484
154 53 0.0432231
155 53 0.169815
1608 53 0.0354843
1609 53 0.226953
1610 53 -0.202243
1620 53 0.174139
1621 53 -0.258486
1622 53 -0.156646
1623 53 -0.113909
1624 53 -0.170462
1625 53 -0.0158105
1683 53 -0.108722
1684 53 -0.0704603
1685 53 -0.00904116
1686 53 0.250349
1687 53 -0.2902
1688 53 -0.316804
1707 53 0.189352
1708 53 0.333236
1709 53 -0.420264
1710 53 -0.268206
1711 53 0.149784
1712 53 -0.106685
0 54 0.158715
1 54 0.0875593
2 54 -0.00346453
36 54 0.136674
37 54 -0.012384
38 54 -0.13315
51 54 -0.295895
52 54 -0.0647447
53 54 0.139292
54 54 1.82409
55 54 -0.00341451
56 54 -0.000650545
57 54 -0.291263
58 54 -0.0872222
59 54 0.138572
75 54 0.135701
76 54 -0.0136841
77 54 -0.135461
156 54 0.158308
157 54 0.0882715
158 54 -0.00425808
1608 54 -0.465344
1609 54 0.264953
1610 54 -0.267323
1611 54 -0.0308051
1612 54 -0.140003
1613 54 0.167144
1623 54 -0.151306
1624 54 0.209212
1625 54 0.26029
1626 54 -0.246399
1627 54 -0.330239
1628 54 -0.174853
1686 54 -0.252349
1687 54 -0.341229
1688 54 -0.16853
1689 54 -0.156837
1690 54 0.204831
1691 54 0.266593
1710 54 -0.0334266
1711 54 -0.137385
1712 54 0.171544
1713 54 -0.471757
1714 54 0.27146
1715 54 -0.254387
0 55 0.0870561
1 55 -0.331374
2 55 0.0255686
36 55 -0.0151382
37 55 0.168797
38 55 -0.0464992
51 55 -0.0699012
52 55 0.165447
53 55 0.0175716
54 55 -0.00341451
55 55 1.83183
56 55 -0.00304182
57 55 -0.0807563
58 55 0.160025
59 55 0.026297
75 55 -0.0128756
76 55 0.16973
77 55 -0.0448346
156 55 0.0893011
157 55 -0.330866
158 55 0.0248356
1608 55 0.268954
1609 55 -0.10778
1610 55 0.142273
1611 55 -0.134139
1612 55 -0.254006
1613 55 0.349618
1623 55 0.205738
1624 55 -0.19756
1625 55 -0.286396
1626 55 -0.331484
1627 55 -0.360619
1628 55 -0.208969
1686 55 -0.334542
1687 55 -0.362023
1688 55 -0.197407
1689 55 0.204727
1690 55 -0.185105
1691 55 -0.291043
1710 55 -0.143254
1711 55 -0.241317
1712 55 0.351701
1713 55 0.271324
1714 55 -0.108179
1715 55 0.135694
0 56 -0.00493043
1 56 0.0254085
2 56 0.172557
36 56 -0.133138
37 56 -0.0532276
38 56 -0.305513
51 56 0.140374
52 56 0.0210998
53 56 0.131475
54 56 -0.000650545
55 56 -0.00304182
56 56 1.82262
57 56 0.138273
58 56 0.0218934
59 56 0.131343
75 56 -0.13626
76 56 -0.0396602
77 56 -0.305402
156 56 -0.00407106
157 56 0.0255193
158 56 0.172396
1608 56 -0.26312
1609 56 0.139568
1610 56 -0.105475
1611 56 0.165169
1612 56 0.352844
1613 56 -0.394245
1623 56 0.259216
1624 56 -0.295111
1625 56 -0.332656
1626 56 -0.170069
1627 56 -0.202922
1628 56 -0.0737001
1686 56 -0.169222
1687 56 -0.199098
1688 56 -0.0643314
1689 56 0.264168
1690 56 -0.281971
1691 56 -0.336529
1710 56 0.178011
1711 56 0.34486
1712 56 -0.400829
1713 56 -0.26533
1714 56 0.139788
1715 56 -0.0969999
3 57 0.152288
4 57 0.103881
5 57 -0.00121638
39 57 0.136446
40 57 -0.0127014
41 57 -0.135266
54 57 -0.291263
55 57 -0.0807563
56 57 0.138273
57 57 1.82764
58 57 0.00256106
59 57 -0.00231484
60 57 -0.28492
61 57 -0.10481
62 57 0.134184
78 57 0.134457
79 57 -0.00964441
80 57 -0.135978
159 57 0.152311
160 57 0.102881
161 57 -0.00301421
1611 57 -0.483799
1612 57 0.260074
1613 57 -0.264963
1614 57 -0.0199263
1615 57 -0.132252
1616 57 0.15237
1626 57 -0.161681
1627 57 0.202726
1628 57 0.273323
1629 57 -0.225927
1630 57 -0.32234
1631 57 -0.175741
1689 57 -0.234406
1690 57 -0.333046
1691 57 -0.172047
1692 57 -0.167565
1693 57 0.19805
1694 57 0.282768
1713 57 -0.0247984
1714 57 -0.134827
1715 57 0.157816
1716 57 -0.491989
1717 57 0.266566
1718 57 -0.249206
3 58 0.104166
4 58 -0.32545
5 58 0.0102305
39 58 -0.0110726
40 58 0.17
41 58 -0.0390998
54 58 -0.0872222
55 58 0.160025
56 58 0.0218934
57 58 0.00256106
58 58 1.82791
59 58 -0.00117953
60 58 -0.102415
61 58 0.150003
62 58 0.0301116
78 58 -0.00971606
79 58 0.173187
80 58 -0.0360912
159 58 0.104441
160 58 -0.325836
161 58 0.0109035
1611 58 0.263362
1612 58 -0.0963152
1613 58 0.135437
1614 58 -0.131751
1615 58 -0.281388
1616 58 0.361149
1626 58 0.197243
1627 58 -0.170906
1628 58 -0.274167
1629 58 -0.324198
1630 58 -0.369958
1631 58 -0.220126
1689 58 -0.327925
1690 58 -0.370364
1691 58 -0.209001
1692 58 0.195199
1693 58 -0.154456
1694 58 -0.274206
1713 58 -0.137809
1714 58 -0.272415
1715 58 0.358728
1716 58 0.265026
1717 58 -0.0975072
1718 58 0.124039
3 59 -0.00325765
4 59 0.00898025
5 59 0.173941
39 59 -0.133295
40 59 -0.0432334
41 59 -0.30684
54 59 0.138572
55 59 0.026297
56 59 0.131343
57 59 -0.00231484
58 59 -0.00117953
59 59 1.823
60 59 0.134023
61 59 0.0311722
62 59 0.135203
78 59 -0.138033
79 59 -0.0304839
80 59 -0.304638
159 59 -0.00199583
160 59 0.011758
161 59 0.1737
1611 59 -0.258091
1612 59 0.128818
1613 59 -0.0961265
1614 59 0.151592
1615 59 0.358758
1616 59 -0.376275
1626 59 0.273485
1627 59 -0.283721
1628 59 -0.349453
1629 59 -0.173421
1630 59 -0.216738
1631 59 -0.0847878
1689 59 -0.172302
1690 59 -0.211647
1691 59 -0.074369
1692 59 0.279892
1693 59 -0.272718
1694 59 -0.357074
1713 59 0.160515
1714 59 0.355328
1715 59 -0.38141
1716 59 -0.257387
1717 59 0.129319
1718 59 -0.0872134
6 60 0.147463
7 60 0.116231
8 60 0.00140559
42 60 0.135144
43 60 -0.0114821
44 60 -0.137701
57 60 -0.28492
58 60 -0.102415
59 60 0.134023
60 60 1.82388
61 60 -0.0027145
62 60 0.000402449
63 60 -0.275991
64 60 -0.116797
65 60 0.139357
81 60 0.133599
82 60 -0.00858925
83 60 -0.138762
162 60 0.146292
163 60 0.115678
164 60 -0.00154839
1614 60 -0.498636
1615 60 0.2568
1616 60 -0.260328
1617 60 -0.0122515
1618 60 -0.126204
1619 60 0.13761
1629 60 -0.169965
1630 60 0.192085
1631 60 0.285965
1632 60 -0.212999
1633 60 -0.319878
1634 60 -0.177843
1692 60 -0.21499
1693 60 -0.322766
1694 60 -0.170776
1695 60 -0.170967
1696 60 0.188513
1697 60 0.289113
1716 60 -0.0147897
1717 60 -0.127179
1718 60 0.141346
1719 60 -0.510529
1720 60 0.258858
1721 60 -0.241215
6 61 0.114315
7 61 -0.320625
8 61 0.000963631
42 61 -0.010328
43 61 0.171595
44 61 -0.0327916
57 61 -0.10481
58 61 0.150003
59 61 0.0311722
60 61 -0.0027145
61 61 1.82935
62 61 0.00164744
63 61 -0.110778
64 61 0.145095
65 61 0.0364902
81 61 -0.00949723
82 61 0.173556
83 61 -0.0286776
162 61 0.116756
163 61 -0.320504
164 61 0.000849869
1614 61 0.257203
1615 61 -0.0902687
1616 61 0.12452
1617 61 -0.123694
1618 61 -0.300203
1619 61 0.365751
1629 61 0.190203
1630 61 -0.145887
1631 61 -0.264848
1632 61 -0.318547
1633 61 -0.376495
1634 61 -0.227675
1692 61 -0.319042
1693 61 -0.37953
1694 61 -0.221558
1695 61 0.187742
1696 61 -0.140582
1697 61 -0.266873
1716 61 -0.127068
1717 61 -0.296512
1718 61 0.364151
1719 61 0.262121
1720 61 -0.0918204
1721 61 0.116119
6 62 -0.000696919
7 62 -0.00100606
8 62 0.173608
42 62 -0.137078
43 62 -0.0356461
44 62 -0.304947
57 62 0.134184
58 62 0.0301116
59 62 0.135203
60 62 0.000402449
61 62 0.00164744
62 62 1.82531
63 62 0.138446
64 62 0.033752
65 62 0.130954
81 62 -0.140427
82 62 -0.0246565
83 62 -0.30366
162 62 0.00030712
163 62 0.000858348
164 62 0.173918
1614 62 -0.25204
1615 62 0.124377
1616 62 -0.0906744
1617 62 0.134985
1618 62 0.36715
1619 62 -0.365834
1629 62 0.286006
1630 62 -0.268454
1631 62 -0.366664
1632 62 -0.171703
1633 62 -0.222649
1634 62 -0.0884874
1692 62 -0.170669
1693 62 -0.223282
1694 62 -0.084474
1695 62 0.287116
1696 62 -0.263163
1697 62 -0.371803
1716 62 0.141572
1717 62 0.363699
1718 62 -0.366783
1719 62 -0.252963
1720 62 0.120094
1721 62 -0.0787406
45 63 0.0662607
46 63 0.0152384
47 63 -0.12139
60 63 -0.275991
61 63 -0.110778
62 63 0.138446
63 63 1.37379
64 63 -0.00364438
65 63 0.104755
66 63 -0.130045
67 63 -0.135206
68 63 0.142541
84 63 0.129641
85 63 -0.00644888
86 63 -0.145356
165 63 0.140318
166 63 0.126691
167 63 0.00177147
1617 63 -0.255954
1618 63 0.238975
1619 63 -0.161462
1632 63 -0.0903014
1633 63 0.188488
1634 63 0.175287
1635 63 -0.100283
1636 63 -0.22217
1637 63 -0.0788766
1695 63 -0.206182
1696 63 -0.318072
1697 63 -0.167777
1698 63 -0.0908571
1699 63 0.0963065
1700 63 0.221552
1719 63 -0.00605681
1720 63 -0.115703
1721 63 0.123741
1722 63 -0.535681
1723 63 0.254818
1724 63 -0.235028
45 64 -0.0246134
46 64 0.0847879
47 64 -0.0968493
60 64 -0.116797
61 64 0.145095
62 64 0.033752
63 64 -0.00364438
64 64 1.13934
65 64 0.142966
66 64 0.0033974
67 64 0.0662866
68 64 0.0191512
84 64 -0.00903918
85 64 0.173838
86 64 -0.0240184
165 64 0.127704
166 64 -0.314318
167 64 -0.00855399
1617 64 0.0148927
1618 64 -0.0396711
1619 64 0.0456706
1632 64 0.0949186
1633 64 -0.135109
1634 64 -0.0876844
1635 64 -0.0926649
1636 64 -0.193926
1637 64 -0.021547
1695 64 -0.318676
1696 64 -0.386775
1697 64 -0.222537
1698 64 0.187583
1699 64 -0.127486
1700 64 -0.256254
1719 64 -0.116543
1720 64 -0.31636
1721 64 0.370058
1722 64 0.254269
1723 64 -0.076384
1724 64 0.102849
45 65 -0.0202507
46 65 0.0661086
47 65 -0.15286
60 65 0.139357
61 65 0.0364902
62 65 0.130954
63 65 0.104755
64 65 0.142966
65 65 1.15736
66 65 0.00118856
67 65 0.0219448
68 65 0.0642598
84 65 -0.146277
85 65 -0.0206225
86 65 -0.300144
165 65 0.00205488
166 65 -0.0101618
167 65 0.174062
1617 65 -0.0906983
1618 65 0.0676444
1619 65 -0.0392038
1632 65 0.216058
1633 65 -0.259486
1634 65 -0.226268
1635 65 -0.0934862
1636 65 -0.207644
1637 65 -0.0469791
1695 65 -0.171827
1696 65 -0.227206
1697 65 -0.0846427
1698 65 0.176528
1699 65 -0.088112
1700 65 -0.232439
1719 65 0.124538
1720 65 0.369504
1721 65 -0.357037
1722 65 -0.241595
1723 65 0.10755
1724 65 -0.0659384
63 66 -0.130045
64 66 0.0033974
65 66 0.00118856
66 66 0.473363
67 66 -0.00273078
68 66 -0.106072
87 66 0.0636406
88 66 -0.0283817
89 66 -0.0281321
168 66 0.133332
169 66 0.1391
170 66 0.00353452
1635 66 -0.0793176
1636 66 0.0790914
1637 66 0.0762217
1698 66 -0.0953963
1699 66 -0.0911688
1700 66 -0.0899644
1701 66 -0.0776955
1702 66 -0.0105123
1703 66 0.122476
1722 66 0.00480974
1723 66 -0.102378
1724 66 0.105056
1725 66 -0.274052
1726 66 0.0134315
1727 66 -0.0842461
63 67 -0.135206
64 67 0.0662866
65 67 0.0219448
66 67 -0.00273078
67 67 0.709375
68 67 -0.143029
87 67 0.019975
88 67 0.0858695
89 67 0.0732403
168 67 0.139214
169 67 -0.306652
170 67 -0.0179638
1635 67 -0.0103441
1636 67 0.0158482
1637 67 0.00503305
1698 67 -0.223008
1699 67 -0.199783
1700 67 -0.209906
1701 67 0.0766945
1702 67 0.0145988
1703 67 -0.165369
1722 67 -0.10286
1723 67 -0.333866
1724 67 0.376554
1725 67 0.23705
1726 67 -0.0367567
1727 67 0.0554934
63 68 0.142541
64 68 0.0191512
65 68 0.0642598
66 68 -0.106072
67 68 -0.143029
68 68 0.67971
87 68 -0.123649
88 68 -0.0894354
89 68 -0.148897
168 68 0.00629331
169 68 -0.0179274
170 68 0.173419
1635 68 0.119822
1636 68 -0.164481
1637 68 -0.163883
1698 68 -0.0762244
1699 68 -0.0209014
1700 68 -0.0433811
1701 68 0.0744729
1702 68 0.00360739
1703 68 -0.164073
1722 68 0.106067
1723 68 0.374699
1724 68 -0.349128
1725 68 -0.143787
1726 68 0.0397704
1727 68 -0.0283115
48 69 0.0679164
49 69 0.0185939
50 69 0.00824522
69 69 0.921767
70 69 0.000329268
71 69 -0.000933007
72 69 -0.300673
73 69 -0.0519998
74 69 0.142662
90 69 0.0661764
91 69 -0.0326879
92 69 -0.144005
177 69 0.168715
178 69 0.0523929
179 69 -0.00585373
1620 69 -0.0232758
1621 69 -0.15885
1622 69 0.144676
1638 69 -0.142613
1639 69 -0.282036
1640 69 -0.112167
1704 69 -0.146079
1705 69 -0.0618306
1706 69 -0.0587043
1707 69 -0.13232
1708 69 0.214914
1709 69 0.238637
1728 69 -0.0245441
1729 69 0.0177835
1730 69 0.0492118
1731 69 -0.435929
1732 69 0.283243
1733 69 -0.260205
48 70 -0.0354216
49 70 0.0828773
50 70 -0.0889762
69 70 0.000329268
70 70 0.927601
71 70 -0.00210841
72 70 -0.0465525
73 70 0.168432
74 70 0.0178372
90 70 0.0186535
91 70 0.0837693
92 70 0.0300228
177 70 0.0494011
178 70 -0.33727
179 70 0.0536007
1620 70 0.0176203
1621 70 -0.104859
1622 70 0.107951
1638 70 -0.0598183
1639 70 -0.168515
1640 70 -0.09329
1704 70 -0.28304
1705 70 -0.169995
1706 70 -0.0865647
1707 70 0.216355
1708 70 -0.238118
1709 70 -0.309091
1728 70 -0.155567
1729 70 -0.0948974
1730 70 0.223583
1731 70 0.279616
1732 70 -0.131021
1733 70 0.152295
48 71 -0.141458
49 71 0.0252426
50 71 -0.151065
69 71 -0.000933007
70 71 -0.00210841
71 71 0.917104
72 71 0.142103
73 71 0.0120233
74 71 0.130388
90 71 0.0046614
91 71 -0.0857912
92 71 -0.150389
177 71 -0.0048193
178 71 0.0515701
179 71 0.168428
1620 71 0.0451013
1621 71 0.224702
1622 71 -0.208131
1638 71 -0.0591926
1639 71 -0.0908509
1640 71 -0.0289613
1704 71 -0.105116
1705 71 -0.0886407
1706 71 -0.0250835
1707 71 0.239607
1708 71 -0.304945
1709 71 -0.308416
1728 71 0.147544
1729 71 0.101018
1730 71 -0.216057
1731 71 -0.266484
1732 71 0.157312
1733 71 -0.110869
9 72 0.165428
10 72 0.066781
11 72 -0.00358719
51 72 0.135721
52 72 -0.0139023
53 72 -0.134728
69 72 -0.300673
70 72 -0.0465525
71 72 0.142103
72 72 1.8238
73 72 -2.11629e-05
74 72 -6.34125e-05
75 72 -0.296425
76 72 -0.0663891
77 72 0.137377
93 72 0.134257
94 72 -0.0127558
95 72 -0.136479
180 72 0.165227
181 72 0.0664273
182 72 -0.00633091
1620 72 -0.441158
1621 72 0.273734
1622 72 -0.269431
1623 72 -0.044572
1624 72 -0.145817
1625 72 0.185554
1638 72 -0.135686
1639 72 0.209754
1640 72 0.24564
1641 72 -0.273918
1642 72 -0.335514
1643 72 -0.181926
1707 72 -0.279704
1708 72 -0.34677
1709 72 -0.169357
1710 72 -0.140013
1711 72 0.20325
1712 72 0.251187
1731 72 -0.0460076
1732 72 -0.140399
1733 72 0.18981
1734 72 -0.447206
1735 72 0.282414
1736 72 -0.250684
9 73 0.0671066
10 73 -0.337005
11 73 0.0306882
51 73 -0.0173993
52 73 0.16873
53 73 -0.0479026
69 73 -0.0519998
70 73 0.168432
71 73 0.0120233
72 73 -2.11629e-05
73 73 1.83258
74 73 0.00109977
75 73 -0.059569
76 73 0.168165
77 73 0.0197685
93 73 -0.013331
94 73 0.171544
95 73 -0.0443464
180 73 0.0659712
181 73 -0.335967
182 73 0.0328572
1620 73 0.278214
1621 73 -0.12464
1622 73 0.155
1623 73 -0.140491
1624 73 -0.233288
1625 73 0.338999
1638 73 0.209356
1639 73 -0.220234
1640 73 -0.297385
1641 73 -0.338083
1642 73 -0.335632
1643 73 -0.199605
1707 73 -0.338804
1708 73 -0.34068
1709 73 -0.185116
1710 73 0.207062
1711 73 -0.210943
1712 73 -0.30167
1731 73 -0.144251
1732 73 -0.220595
1733 73 0.342042
1734 73 0.279775
1735 73 -0.131037
1736 73 0.147007
9 74 -0.0038792
10 74 0.0309336
11 74 0.17172
51 74 -0.13463
52 74 -0.0536669
53 74 -0.303996
69 74 0.142662
70 74 0.0178372
71 74 0.130388
72 74 -6.34125e-05
73 74 0.00109977
74 74 1.82216
75 74 0.137509
76 74 0.0165525
77 74 0.133677
93 74 -0.137814
94 74 -0.0395698
95 74 -0.303257
180 74 -0.00194196
181 74 0.0329687
182 74 0.17273
1620 74 -0.260905
1621 74 0.148877
1622 74 -0.112162
1623 74 0.180866
1624 74 0.343914
1625 74 -0.400365
1638 74 0.247091
1639 74 -0.306571
1640 74 -0.323753
1641 74 -0.176812
1642 74 -0.194054
1643 74 -0.0701607
1707 74 -0.17317
1708 74 -0.190548
1709 74 -0.0580202
1710 74 0.250138
1711 74 -0.294489
1712 74 -0.329562
1731 74 0.18858
1732 74 0.333069
1733 74 -0.410297
1734 74 -0.26048
1735 74 0.153341
1736 74 -0.10248
12 75 0.161048
13 75 0.0807109
14 75 -0.00190275
54 75 0.135701
55 75 -0.0128756
56 75 -0.13626
72 75 -0.296425
73 75 -0.059569
74 75 0.137509
75 75 1.82208
76 75 -0.00156046
77 75 0.00273456
78 75 -0.293073
79 75 -0.0837648
80 75 0.138072
96 75 0.135048
97 75 -0.00943218
98 75 -0.136347
183 75 0.161019
184 75 0.0801996
185 75 -0.00285155
1623 75 -0.456668
1624 75 0.275243
1625 75 -0.261689
1626 75 -0.0329765
1627 75 -0.144867
1628 75 0.172008
1641 75 -0.145171
1642 75 0.203739
1643 75 0.259627
1644 75 -0.257891
1645 75 -0.332125
1646 75 -0.187022
1710 75 -0.263559
1711 75 -0.337959
1712 75 -0.172357
1713 75 -0.149077
1714 75 0.197831
1715 75 0.262923
1734 75 -0.0377089
1735 75 -0.142424
1736 75 0.172189
1737 75 -0.464218
1738 75 0.280284
1739 75 -0.245264
12 76 0.0806139
13 76 -0.334396
14 76 0.0159985
54 76 -0.0136841
55 76 0.16973
56 76 -0.0396602
72 76 -0.0663891
73 76 0.168165
74 76 0.0165525
75 76 -0.00156046
76 76 1.83149
77 76 -0.00147985
78 76 -0.0755196
79 76 0.16031
80 76 0.0254369
96 76 -0.00856584
97 76 0.171781
98 76 -0.0337206
183 76 0.080686
184 76 -0.333783
185 76 0.0161329
1623 76 0.27701
1624 76 -0.120704
1625 76 0.147441
1626 76 -0.137981
1627 76 -0.260242
1628 76 0.34839
1641 76 0.198705
1642 76 -0.192645
1643 76 -0.2882
1644 76 -0.331044
1645 76 -0.340923
1646 76 -0.210612
1710 76 -0.335503
1711 76 -0.346332
1712 76 -0.196048
1713 76 0.201929
1714 76 -0.182003
1715 76 -0.293482
1734 76 -0.14755
1735 76 -0.251875
1736 76 0.352147
1737 76 0.281129
1738 76 -0.121671
1739 76 0.138966
12 77 -0.00317423
13 77 0.0159912
14 77 0.173346
54 77 -0.135461
55 77 -0.0448346
56 77 -0.305402
72 77 0.137377
73 77 0.0197685
74 77 0.133677
75 77 0.00273456
76 77 -0.00147985
77 77 1.82497
78 77 0.138566
79 77 0.0217414
80 77 0.132849
96 77 -0.136774
97 77 -0.0296138
98 77 -0.306795
183 77 -0.00108127
184 77 0.0168505
185 77 0.17398
1623 77 -0.254446
1624 77 0.143961
1625 77 -0.102626
1626 77 0.165194
1627 77 0.355201
1628 77 -0.384711
1641 77 0.259225
1642 77 -0.294356
1643 77 -0.341755
1644 77 -0.178199
1645 77 -0.203167
1646 77 -0.0791187
1710 77 -0.180112
1711 77 -0.202583
1712 77 -0.0705548
1713 77 0.265678
1714 77 -0.283298
1715 77 -0.34905
1734 77 0.178029
1735 77 0.344503
1736 77 -0.389231
1737 77 -0.25793
1738 77 0.142373
1739 77 -0.092332
15 78 0.155195
16 78 0.0965415
17 78 3.40906e-05
57 78 0.134457
58 78 -0.00971606
59 78 -0.138033
75 78 -0.293073
76 78 -0.0755196
77 78 0.138566
78 78 1.83017
79 78 0.00310847
80 78 -0.00266813
81 78 -0.286367
82 78 -0.102218
83 78 0.135299
99 78 0.132669
100 78 -0.0071355
101 78 -0.139386
186 78 0.154613
187 78 0.0968435
188 78 -0.00126148
1626 78 -0.476872
1627 78 0.27261
1628 78 -0.260374
1629 78 -0.0222851
1630 78 -0.137387
1631 78 0.154342
1644 78 -0.153314
1645 78 0.197062
1646 78 0.274337
1647 78 -0.237389
1648 78 -0.325084
1649 78 -0.182643
1713 78 -0.24428
1714 78 -0.329293
1715 78 -0.175642
1716 78 -0.159914
1717 78 0.191374
1718 78 0.281638
1737 78 -0.0285579
1738 78 -0.136998
1739 78 0.156977
1740 78 -0.4877
1741 78 0.275875
1742 78 -0.242709
15 79 0.095458
16 79 -0.329428
17 79 0.00350442
57 79 -0.00964441
58 79 0.173187
59 79 -0.0304839
75 79 -0.0837648
76 79 0.16031
77 79 0.0217414
78 79 0.00310847
79 79 1.82806
80 79 -0.00177258
81 79 -0.0974314
82 79 0.151886
83 79 0.0283153
99 79 -0.00756624
100 79 0.174191
101 79 -0.026404
186 79 0.0987553
187 79 -0.328805
188 79 0.0017713
1626 79 0.271999
1627 79 -0.109782
1628 79 0.136795
1629 79 -0.133076
1630 79 -0.292892
1631 79 0.360609
1644 79 0.191795
1645 79 -0.163294
1646 79 -0.275643
1647 79 -0.323386
1648 79 -0.353862
1649 79 -0.220772
1713 79 -0.326573
1714 79 -0.356198
1715 79 -0.209534
1716 79 0.189756
1717 79 -0.15049
1718 79 -0.274109
1737 79 -0.142093
1738 79 -0.28094
1739 79 0.358204
1740 79 0.274464
1741 79 -0.108546
1742 79 0.125803
15 80 -0.00225558
16 80 0.00253086
17 80 0.174071
57 80 -0.135978
58 80 -0.0360912
59 80 -0.304638
75 80 0.138072
76 80 0.0254369
77 80 0.132849
78 80 -0.00266813
79 80 -0.00177258
80 80 1.82031
81 80 0.135261
82 80 0.0296304
83 80 0.134347
99 80 -0.140511
100 80 -0.0210153
101 80 -0.304151
186 80 0.000559732
187 80 0.00257062
188 80 0.173874
1626 80 -0.248341
1627 80 0.133096
1628 80 -0.0921085
1629 80 0.149979
1630 80 0.361679
1631 80 -0.367522
1644 80 0.271695
1645 80 -0.28427
1646 80 -0.360403
1647 80 -0.177753
1648 80 -0.214807
1649 80 -0.0891152
1713 80 -0.180081
1714 80 -0.214111
1715 80 -0.0821138
1716 80 0.279056
