0 0 0.327012
1 0 -0.0605344
2 0 0.0585832
54 0 -0.0217582
55 0 0.181921
56 0 -0.175529
1608 0 -0.00485017
1609 0 -0.00998637
1610 0 0.0101021
1611 0 -0.0463304
1612 0 0.0986421
1613 0 0.126481
1623 0 0.00100721
1624 0 -0.0664791
1625 0 -0.0837161
1626 0 -0.237223
1627 0 -0.145143
1628 0 0.0638847
0 1 -0.0605344
1 1 0.317481
2 1 -0.0541526
54 1 0.181276
55 1 0.00526035
56 1 0.162848
1608 1 -0.166703
1609 1 -0.152132
1610 1 0.069139
1611 1 0.046459
1612 1 -0.161192
1613 1 -0.172462
1623 1 -0.0123826
1624 1 0.00425529
1625 1 0.0095803
1626 1 0.011724
1627 1 0.00579969
1628 1 -0.0149749
0 2 0.0585832
1 2 -0.0541526
2 2 0.313932
54 2 -0.175353
55 2 0.1629
56 2 0.016499
1608 2 0.128039
1609 2 0.0993665
1610 2 -0.0673492
1611 2 0.0145659
1612 2 -0.0201931
1613 2 -0.0190896
1623 2 0.0264193
1624 2 -0.142394
1625 2 -0.232544
1626 2 -0.0524926
1627 2 -0.0461293
1628 2 0.00646259
3 3 0.330923
4 3 -0.0596189
5 3 0.0596645
57 3 -0.0317181
58 3 0.183699
59 3 -0.176974
1611 3 -0.000812967
1612 3 -0.00691015
1613 3 0.0083977
1614 3 -0.0477489
1615 3 0.0998515
1616 3 0.130489
1626 3 0.00251477
1627 3 -0.0673077
1628 3 -0.0861871
1629 3 -0.234913
1630 3 -0.150765
1631 3 0.0645759
3 4 -0.0596189
4 4 0.31535
5 4 -0.0542331
57 4 0.183616
58 4 0.0110524
59 4 0.156484
1611 4 -0.163499
1612 4 -0.156828
1613 4 0.0714318
1614 4 0.0453376
1615 4 -0.157574
1616 4 -0.170189
1626 4 -0.0126813
1627 4 0.00372806
1628 4 0.0097696
1629 4 0.00659503
1630 4 0.00288433
1631 4 -0.013632
3 5 0.0596645
4 5 -0.0542331
5 5 0.312152
57 5 -0.17751
58 5 0.157879
59 5 0.0210423
1611 5 0.124427
1612 5 0.102345
1613 5 -0.0683333
1614 5 0.0151567
1615 5 -0.020514
1616 5 -0.0202713
1626 5 0.0283944
1627 5 -0.140001
1628 5 -0.232553
1629 5 -0.0499252
1630 5 -0.0464687
1631 5 0.0059211
6 6 0.333801
7 6 -0.0610825
8 6 0.0589573
60 6 -0.042278
61 6 0.186286
62 6 -0.17709
1614 6 0.00366916
1615 6 -0.00272612
1616 6 0.00628091
1617 6 -0.0490779
1618 6 0.0997746
1619 6 0.135533
1629 6 0.00378279
1630 6 -0.0675585
1631 6 -0.0888758
1632 6 -0.231727
1633 6 -0.156234
1634 6 0.0649617
6 7 -0.0610825
7 7 0.314774
8 7 -0.051441
60 7 0.18604
61 7 0.0142281
62 7 0.151709
1614 7 -0.161109
1615 7 -0.162218
1616 7 0.0720761
1617 7 0.0459476
1618 7 -0.151804
1619 7 -0.170825
1629 7 -0.012976
1630 7 0.00363594
1631 7 0.0107445
1632 7 0.00273856
1633 7 0.00105368
1634 7 -0.0124877
6 8 0.0589573
7 8 -0.051441
8 8 0.30985
60 8 -0.177794
61 8 0.152199
62 8 0.0284912
1614 8 0.119578
1615 8 0.103198
1616 8 -0.0672234
1617 8 0.0165938
1618 8 -0.0233541
1619 8 -0.0248239
1629 8 0.0296001
1630 8 -0.136729
1631 8 -0.232983
1632 8 -0.046501
1633 8 -0.0454453
1634 8 0.00489822
9 9 0.325178
10 9 -0.0608925
11 9 0.0575026
72 9 -0.0163426
73 9 0.183409
74 9 -0.171804
1620 9 -0.00771484
1621 9 -0.0124091
1622 9 0.0112134
1623 9 -0.042825
1624 9 0.0956793
1625 9 0.123042
1638 9 -0.00117697
1639 9 -0.0675157
1640 9 -0.0848228
1641 9 -0.240018
1642 9 -0.140132
1643 9 0.0647734
9 10 -0.0608925
10 10 0.319776
11 10 -0.0550082
72 10 0.182708
73 10 -0.00233921
74 10 0.164976
1620 10 -0.168822
1621 10 -0.147857
1622 10 0.0706103
1623 10 0.0434448
1624 10 -0.163821
1625 10 -0.175727
1638 10 -0.0121283
1639 10 0.00556937
1640 10 0.0108581
1641 10 0.0167354
1642 10 0.00841355
1643 10 -0.0163975
9 11 0.0575026
10 11 -0.0550082
11 11 0.313471
72 11 -0.171774
73 11 0.165714
74 11 0.0186847
1620 11 0.129952
1621 11 0.096945
1622 11 -0.069062
1623 11 0.0142401
1624 11 -0.0206479
1625 11 -0.0195326
1638 11 0.0215438
1639 11 -0.14305
1640 11 -0.231873
1641 11 -0.0519344
1642 11 -0.044096
1643 11 0.0063405
12 12 0.327237
13 12 -0.0613927
14 12 0.0577664
75 12 -0.0224856
76 12 0.18464
77 12 -0.172913
1623 12 -0.00473476
1624 12 -0.0100666
1625 12 0.00993895
1626 12 -0.0450103
1627 12 0.0969079
1628 12 0.12653
1641 12 0.00024964
1642 12 -0.066936
1643 12 -0.0856598
1644 12 -0.237892
1645 12 -0.144721
1646 12 0.0640694
12 13 -0.0613927
13 13 0.318882
14 13 -0.053969
75 13 0.183971
76 13 0.00083941
77 13 0.16215
1623 13 -0.167971
1624 13 -0.152296
1625 13 0.0700288
1626 13 0.0450917
1627 13 -0.160291
1628 13 -0.174403
1641 13 -0.0124819
1642 13 0.00563755
1643 13 0.0118755
1644 13 0.0131808
1645 13 0.00689148
1646 13 -0.0153449
12 14 0.0577664
13 14 -0.053969
14 14 0.312306
75 14 -0.172821
76 14 0.162399
77 14 0.0216475
1623 14 0.1268
1624 14 0.0979613
1625 14 -0.0673302
1626 14 0.0150495
1627 14 -0.0219864
1628 14 -0.0215269
1641 14 0.0240882
1642 14 -0.140637
1643 14 -0.232889
1644 14 -0.0509647
1645 14 -0.0448664
1646 14 0.00583749
15 15 0.329959
16 15 -0.0619416
17 15 0.0581147
78 15 -0.0307782
79 15 0.18626
80 15 -0.173999
1626 15 -0.00101007
1627 15 -0.0069507
1628 15 0.00834707
1629 15 -0.0469145
1630 15 0.0975455
1631 15 0.130805
1644 15 0.00162857
1645 15 -0.066914
1646 15 -0.0873795
1647 15 -0.235347
1648 15 -0.149983
1649 15 0.0638528
15 16 -0.0619416
16 16 0.31759
17 16 -0.0526012
78 16 0.185458
79 16 0.00503958
80 16 0.158256
1626 16 -0.166254
1627 16 -0.156668
1628 16 0.0703047
1629 16 0.0462028
1630 16 -0.155769
1631 16 -0.173637
1644 16 -0.0127709
1645 16 0.00535786
1646 16 0.0124319
1647 16 0.00916565
1648 16 0.00495718
1649 16 -0.0142175
15 17 0.0581147
16 17 -0.0526012
17 17 0.310876
78 17 -0.174184
79 17 0.15799
80 17 0.0257386
1626 17 0.12344
1627 17 0.0991981
1628 17 -0.0664709
1629 17 0.0159598
1630 17 -0.0232678
1631 17 -0.0239235
1644 17 0.0261129
1645 17 -0.13805
1646 17 -0.233541
1647 17 -0.049029
1648 17 -0.0451783
1649 17 0.00520659
18 18 0.33311
19 18 -0.0624017
20 18 0.0579327
81 18 -0.0400678
82 18 0.188032
83 18 -0.174669
1629 18 0.00288155
1630 18 -0.00370933
1631 18 0.00668075
1632 18 -0.0482608
1633 18 0.0980055
1634 18 0.135412
1647 18 0.00293676
1648 18 -0.0669624
1649 18 -0.0894571
1650 18 -0.232879
1651 18 -0.154864
1652 18 0.0641064
18 19 -0.0624017
19 19 0.316049
20 19 -0.0508364
81 19 0.187189
82 19 0.00903789
83 19 0.153584
1629 19 -0.163177
1630 19 -0.162013
1631 19 0.0704939
1632 19 0.0463336
1633 19 -0.150952
1634 19 -0.17294
1647 19 -0.0131975
1648 19 0.00487547
1649 19 0.0129561
1650 19 0.00503771
1651 19 0.00275282
1652 19 -0.0130546
18 20 0.0579327
19 20 -0.0508364
20 20 0.309266
81 20 -0.174914
82 20 0.153564
83 20 0.0311289
1629 20 0.118772
1630 20 0.101587
1631 20 -0.0657065
1632 20 0.0169385
1633 20 -0.0248724
1634 20 -0.0269305
1647 20 0.0280834
1648 20 -0.134784
1649 20 -0.234257
1650 20 -0.0466144
1651 20 -0.0449614
1652 20 0.00450163
21 21 0.33608
22 21 -0.0626332
23 21 0.0579677
84 21 -0.0493242
85 21 0.190106
86 21 -0.174453
1632 21 0.00638016
1633 21 -0.000135203
1634 21 0.00494324
1635 21 -0.0490396
1636 21 0.0981697
1637 21 0.139467
1650 21 0.00393404
1651 21 -0.0670743
1652 21 -0.0920738
1653 21 -0.230107
1654 21 -0.160073
1655 21 0.0638998
21 22 -0.0626332
22 22 0.314884
23 22 -0.0494318
84 22 0.189316
85 22 0.0127109
86 22 0.148576
1632 22 -0.159978
1633 22 -0.16724
1634 22 0.0711926
1635 22 0.0453302
1636 22 -0.146849
1637 22 -0.172098
1650 22 -0.0133692
1651 22 0.00474055
1652 22 0.0136512
1653 22 0.00126134
1654 22 0.000588134
1655 22 -0.0119565
21 23 0.0579677
22 23 -0.0494318
23 23 0.307461
84 23 -0.175259
85 23 0.148846
86 23 0.0368057
1632 23 0.114828
1633 23 0.102764
1634 23 -0.0652449
1635 23 0.0177936
1636 23 -0.0263699
1637 23 -0.0299274
1650 23 0.0286261
1651 23 -0.131863
1652 23 -0.234722
1653 23 -0.0440279
1654 23 -0.0446139
1655 23 0.00365021
24 24 0.327445
25 24 -0.0622264
26 24 0.0569445
96 24 -0.0233356
97 24 0.187011
98 24 -0.17055
1641 24 -0.00462603
1642 24 -0.010149
1643 24 0.00978192
1644 24 -0.0434454
1645 24 0.0951904
1646 24 0.126629
1656 24 -0.000245398
1657 24 -0.0671828
1658 24 -0.087703
1659 24 -0.238407
1660 24 -0.144398
1661 24 0.0644808
24 25 -0.0622264
25 25 0.320264
26 25 -0.0537534
96 25 0.186614
97 25 -0.00313348
98 25 0.161322
1641 25 -0.169
1642 25 -0.152725
1643 25 0.0708066
1644 25 0.0433
1645 25 -0.159333
1646 25 -0.176411
1656 25 -0.0125686
1657 25 0.0069002
1658 25 0.0141641
1659 25 0.0146091
1660 25 0.00792068
1661 25 -0.0157153
24 26 0.0569445
25 26 -0.0537534
26 26 0.310716
96 26 -0.170398
97 26 0.161689
98 26 0.02647
1641 26 0.125468
1642 26 0.0967734
1643 26 -0.0672024
1644 26 0.0154276
1645 26 -0.0237322
1646 26 -0.0239892
1656 26 0.0224037
1657 26 -0.138334
1658 26 -0.233438
1659 26 -0.049387
1660 26 -0.0436622
1661 26 0.00530478
27 27 0.3297
28 27 -0.0626316
29 27 0.0572862
99 27 -0.0301148
100 27 0.18837
101 27 -0.171437
1644 27 -0.00149776
1645 27 -0.00756604
1646 27 0.00843523
1647 27 -0.0454422
1648 27 0.0956935
1649 27 0.130453
1659 27 0.00095737
1660 27 -0.0670791
1661 27 -0.0887843
1662 27 -0.236113
1663 27 -0.149258
1664 27 0.063695
27 28 -0.0626316
28 28 0.319064
29 28 -0.0526283
99 28 0.187568
100 28 0.000623475
101 28 0.158277
1644 28 -0.167408
1645 28 -0.156951
1646 28 0.0703541
1647 28 0.0447528
1648 28 -0.155183
1649 28 -0.175724
1659 28 -0.0128444
1660 28 0.0066319
1661 28 0.0145632
1662 28 0.0110078
1663 28 0.00623447
1664 28 -0.0146674
27 29 0.0572862
28 29 -0.0526283
29 29 0.309662
99 29 -0.171749
100 29 0.157995
101 29 0.029491
1644 29 0.122525
1645 29 0.0981675
1646 29 -0.0659872
1647 29 0.0162184
1648 29 -0.0246204
1649 29 -0.0258859
1659 29 0.0243032
1660 29 -0.13655
1661 29 -0.233885
1662 29 -0.0480389
1663 29 -0.044194
1664 29 0.00472488
30 30 0.331972
31 30 -0.063126
32 30 0.057442
102 30 -0.0374094
103 30 0.189803
104 30 -0.171876
1647 30 0.00156917
1648 30 -0.00488026
1649 30 0.00710472
1650 30 -0.0468865
1651 30 0.0959803
1652 30 0.134333
1662 30 0.00230551
1663 30 -0.0667462
1664 30 -0.090214
1665 30 -0.234349
1666 30 -0.152922
1667 30 0.0632348
30 31 -0.063126
31 31 0.318091
32 31 -0.0514724
102 31 0.189088
103 31 0.00396494
104 31 0.154777
1647 31 -0.165361
1648 31 -0.161717
1649 31 0.0702369
1650 31 0.0453424
1651 31 -0.151003
1652 31 -0.175144
1662 31 -0.0131612
1663 31 0.00652348
1664 31 0.0154701
1665 31 0.00768519
1666 31 0.00451649
1667 31 -0.0136936
30 32 0.057442
31 32 -0.0514724
32 32 0.308363
102 32 -0.172579
103 32 0.154112
104 32 0.0334425
1647 32 0.118872
1648 32 0.0994928
1649 32 -0.0648612
1650 32 0.0170249
1651 32 -0.0258009
1652 32 -0.0282582
1662 32 0.0263037
1663 32 -0.133867
1664 32 -0.234684
1665 32 -0.0467548
1666 32 -0.0443784
1667 32 0.00417933
33 33 0.80471
34 33 0.0634972
35 33 0.0588288
36 33 -0.0288252
37 33 0.0182821
38 33 0.226716
51 33 0.0336907
52 33 -0.184864
53 33 -0.0807015
129 33 -0.00251844
130 33 0.163802
131 33 -0.148439
1608 33 -0.00700283
1609 33 -0.167825
1610 33 0.13013
1668 33 -0.0625026
1669 33 0.226364
1670 33 0.0878013
1683 33 0.00961663
1684 33 -0.0263178
1685 33 -0.19366
1686 33 -0.729027
1687 33 -0.0956022
1688 33 -0.0788465
33 34 0.0634972
34 34 0.304581
35 34 0.00460143
36 34 -0.00955536
37 34 0.0864426
38 34 0.00491569
51 34 -0.00522877
52 34 -0.0882432
53 34 -0.0730601
129 34 0.0110075
130 34 0.0023756
131 34 0.0690332
1608 34 -0.0115091
1609 34 -0.149988
1610 34 0.0985809
1668 34 0.0444443
1669 34 -0.136106
1670 34 -0.0451048
1683 34 0.00271143
1684 34 -0.0241313
1685 34 -0.0491653
1686 34 -0.0957722
1687 34 0.022703
1688 34 -0.00981983
33 35 0.0588288
34 35 0.00460143
35 35 0.301145
36 35 0.0326693
37 35 -0.0166529
38 35 -0.0564071
51 35 -0.00428654
52 35 -0.0831372
53 35 0.0522857
129 35 -0.0278231
130 35 0.101164
131 35 0.00026324
1608 35 0.0110326
1609 35 0.0681473
1610 35 -0.066948
1668 35 0.0146768
1669 35 -0.0334498
1670 35 -0.028111
1683 35 -0.000225492
1684 35 -0.0286335
1685 35 -0.211489
1686 35 -0.0856174
1687 35 -0.0114862
1688 35 0.0272718
33 36 -0.0288252
34 36 -0.00955536
35 36 0.0326693
36 36 0.904297
37 36 0.0208436
38 36 0.00147256
39 36 -0.0289138
40 36 0.0157476
41 36 0.227471
54 36 0.0754155
55 36 -0.185591
56 36 -0.0833381
132 36 -0.00645764
133 36 0.172146
134 36 -0.161926
1608 36 -0.0748044
1609 36 0.0709136
1610 36 0.0146064
1611 36 -0.0115016
1612 36 -0.158597
1613 36 0.109275
1668 36 -0.0193801
1669 36 -0.0121865
1670 36 0.0120473
1671 36 -0.0651603
1672 36 0.225346
1673 36 0.0913787
1686 36 -0.00140278
1687 36 -0.0288526
1688 36 -0.167009
1689 36 -0.725235
1690 36 -0.113539
1691 36 -0.0749782
33 37 0.0182821
34 37 0.0864426
35 37 -0.0166529
36 37 0.0208436
37 37 0.736518
38 37 0.0211502
39 37 -0.0108494
40 37 0.0855588
41 37 0.00968176
54 37 -0.187756
55 37 -0.180164
56 37 -0.156188
132 37 0.0671727
133 37 -0.0237873
134 37 0.0624968
1608 37 0.237445
1609 37 -0.24324
1610 37 -0.0388644
1611 37 -0.0122739
1612 37 -0.228726
1613 37 0.242737
1668 37 -0.0410265
1669 37 -0.122017
1670 37 0.0511516
1671 37 0.0442094
1672 37 -0.129369
1673 37 -0.0443337
1686 37 -0.0272988
1687 37 0.0151152
1688 37 -0.120836
1689 37 -0.109647
1690 37 0.0187176
1691 37 -0.00986211
33 38 0.226716
34 38 0.00491569
35 38 -0.0564071
36 38 0.00147256
37 38 0.0211502
38 38 0.899651
39 38 0.0329034
40 38 -0.0156684
41 38 -0.0581873
54 38 -0.0816058
55 38 -0.156622
56 38 0.104746
132 38 -0.15972
133 38 0.155874
134 38 0.0302957
1608 38 0.105589
1609 38 -0.165394
1610 38 -0.0226639
1611 38 0.00797249
1612 38 0.093151
1613 38 -0.0977634
1668 38 0.0939651
1669 38 0.22723
1670 38 -0.0858363
1671 38 0.0161385
1672 38 -0.0362652
1673 38 -0.0314686
1686 38 -0.165995
1687 38 -0.117737
1688 38 -0.6909
1689 38 -0.0782017
1690 38 -0.0120501
1691 38 0.0271605
36 39 -0.0289138
37 39 -0.0108494
38 39 0.0329034
39 39 0.901136
40 39 0.0280287
41 39 -0.00560354
42 39 -0.0251981
43 39 0.0104918
44 39 0.224991
57 39 0.0819546
58 39 -0.18084
59 39 -0.0809489
135 39 -0.0141084
136 39 0.17433
137 39 -0.161365
1611 39 -0.0798895
1612 39 0.0732589
1613 39 0.0160162
1614 39 -0.00687745
1615 39 -0.152956
1616 39 0.102019
1671 39 -0.0195311
1672 39 -0.0120599
1673 39 0.011808
1674 39 -0.0695004
1675 39 0.224713
1676 39 0.0959672
1689 39 -0.000944448
1690 39 -0.0262797
1691 39 -0.166635
1692 39 -0.719428
1693 39 -0.130163
1694 39 -0.0679359
36 40 0.0157476
37 40 0.0855588
38 40 -0.0156684
39 40 0.0280287
40 40 0.736044
41 40 0.0226643
42 40 -0.0136612
43 40 0.0875154
44 40 0.016177
57 40 -0.182438
58 40 -0.185167
59 40 -0.159239
135 40 0.0689497
136 40 -0.0193369
137 40 0.0583751
1611 40 0.238087
1612 40 -0.236262
1613 40 -0.0407689
1614 40 -0.0051138
1615 40 -0.236497
1616 40 0.244296
1671 40 -0.0406152
1672 40 -0.122287
1673 40 0.0506074
1674 40 0.0446951
1675 40 -0.122586
1676 40 -0.043828
1689 40 -0.0281335
1690 40 0.0154891
1691 40 -0.120344
1692 40 -0.126465
1693 40 0.011706
1694 40 -0.010774
36 41 0.227471
37 41 0.00968176
38 41 -0.0581873
39 41 -0.00560354
40 41 0.0226643
41 41 0.903286
42 41 0.0327519
43 41 -0.0141927
44 41 -0.060578
57 41 -0.0801841
58 41 -0.159251
59 41 0.103215
135 41 -0.163437
136 41 0.149836
137 41 0.0339002
1611 41 0.111066
1612 41 -0.16673
1613 41 -0.0245823
1614 41 0.00504898
1615 41 0.0935999
1616 41 -0.0956881
1671 41 0.0916597
1672 41 0.22801
1673 41 -0.0838042
1674 41 0.0178831
1675 41 -0.0394871
1676 41 -0.0346066
1689 41 -0.166543
1690 41 -0.117109
1691 41 -0.691176
1692 41 -0.0707815
1693 41 -0.0124795
1694 41 0.0279154
39 42 -0.0251981
40 42 -0.0136612
41 42 0.0327519
42 42 0.899479
43 42 0.0302993
44 42 -0.00526699
45 42 -0.0203587
46 42 0.00475087
47 42 0.225149
60 42 0.0884632
61 42 -0.175654
62 42 -0.078709
138 42 -0.0245973
139 42 0.177963
140 42 -0.160023
1614 42 -0.0851331
1615 42 0.0734457
1616 42 0.017888
1617 42 -0.00336859
1618 42 -0.148719
1619 42 0.093622
1674 42 -0.0165546
1675 42 -0.00615875
1676 42 0.00940991
1677 42 -0.0744062
1678 42 0.223834
1679 42 0.100898
1692 42 -0.00519792
1693 42 -0.0280317
1694 42 -0.172196
1695 42 -0.715233
1696 42 -0.144083
1697 42 -0.060022
39 43 0.0104918
40 43 0.0875154
41 43 -0.0141927
42 43 0.0302993
43 43 0.739224
44 43 0.0205341
45 43 -0.0164737
46 43 0.0863415
47 43 0.0227454
60 43 -0.177579
61 43 -0.188918
62 43 -0.162561
138 43 0.0723121
139 43 -0.0166987
140 43 0.0529954
1614 43 0.240777
1615 43 -0.228375
1616 43 -0.04432
1617 43 0.000812854
1618 43 -0.24256
1619 43 0.244391
1674 43 -0.037912
1675 43 -0.128782
1676 43 0.0511697
1677 43 0.0454012
1678 43 -0.115726
1679 43 -0.0437417
1692 43 -0.0286062
1693 43 0.016083
1694 43 -0.115159
1695 43 -0.140108
1696 43 0.00709484
1697 43 -0.0106093
39 44 0.224991
40 44 0.016177
41 44 -0.060578
42 44 -0.00526699
43 44 0.0205341
44 44 0.901763
45 44 0.0318986
46 44 -0.0108681
47 44 -0.0645846
60 44 -0.0786499
61 44 -0.162001
62 44 0.101241
138 44 -0.164404
139 44 0.143452
140 44 0.0411065
1614 44 0.11803
1615 44 -0.165035
1616 44 -0.0274048
1617 44 0.0026728
1618 44 0.0937547
1619 44 -0.0930511
1674 44 0.0836272
1675 44 0.230686
1676 44 -0.0815965
1677 44 0.0201865
1678 44 -0.0440599
1679 44 -0.0377419
1692 44 -0.170784
1693 44 -0.112502
1694 44 -0.689001
1695 44 -0.0621976
1696 44 -0.0109855
1697 44 0.0282922
42 45 -0.0203587
43 45 -0.0164737
44 45 0.0318986
45 45 0.32619
46 45 0.0184483
47 45 0.119824
63 45 0.0457957
64 45 -0.103768
65 45 -0.00446983
141 45 -0.0279423
142 45 0.120569
143 45 -0.0271482
1617 45 -0.0501487
1618 45 0.0476109
1619 45 0.0169367
1677 45 -0.0160871
1678 45 -0.000377098
1679 45 0.00774444
1695 45 -0.00974228
1696 45 -0.0274806
1697 45 -0.179783
1698 45 -0.230397
1699 45 -0.0401583
1700 45 0.0371891
42 46 0.00475087
43 46 0.0863415
44 46 -0.0108681
45 46 0.0184483
46 46 0.307679
47 46 0.0739437
63 46 -0.0696577
64 46 -0.0964747
65 46 0.00794755
141 46 0.0657864
142 46 0.0108989
143 46 0.00123929
1617 46 0.099896
1618 46 -0.149415
1619 46 -0.0237305
1677 46 -0.0350145
1678 46 -0.131872
1679 46 0.0502714
1695 46 -0.027292
1696 46 0.0179202
1697 46 -0.110973
1698 46 -0.0572178
1699 46 -0.0279187
1700 46 0.0123251
42 47 0.225149
43 47 0.0227454
44 47 -0.0645846
45 47 0.119824
46 47 0.0739437
47 47 0.776567
63 47 -0.0740263
64 47 -0.172206
65 47 0.0493658
141 47 -0.152095
142 47 0.143866
143 47 0.018602
1617 47 0.137834
1618 47 -0.170715
1619 47 -0.0258026
1677 47 0.0779483
1678 47 0.230361
1679 47 -0.0783496
1695 47 -0.178501
1696 47 -0.109466
1697 47 -0.686193
1698 47 -0.156745
1699 47 -0.0269351
1700 47 0.0341302
48 48 0.845051
49 48 0.0394102
50 48 0.0406511
51 48 -0.0267355
52 48 0.0206198
53 48 0.225753
69 48 0.0286597
70 48 -0.189586
71 48 -0.0819387
150 48 -0.00660316
151 48 0.181068
152 48 -0.170638
1620 48 -0.00942428
1621 48 -0.170486
1622 48 0.131416
1680 48 -0.0119052
1681 48 -0.0152156
1682 48 0.013063
1683 48 -0.0630286
1684 48 0.231623
1685 48 0.098813
1704 48 -0.00655
1705 48 -0.0225189
1706 48 -0.191041
1707 48 -0.733737
1708 48 -0.078501
1709 48 -0.0669239
48 49 0.0394102
49 49 0.529974
50 49 -0.0805311
51 49 -0.00678588
52 49 0.0861187
53 49 -0.00113934
69 49 -0.00880354
70 49 -0.0832486
71 49 -0.0705133
150 49 0.181024
151 49 -0.00779028
152 49 0.168777
1620 49 -0.0135166
1621 49 -0.145162
1622 49 0.0950568
1680 49 -0.17102
1681 49 -0.141728
1682 49 0.0715464
1683 49 0.0633223
1684 49 -0.254885
1685 49 -0.168159
1704 49 -0.00590959
1705 49 0.00761151
1706 49 -0.00827365
1707 49 -0.0768526
1708 49 0.0269186
1709 49 -0.00638616
48 50 0.0406511
49 50 -0.0805311
50 50 0.487423
51 50 0.032504
52 50 -0.0175463
53 50 -0.0612132
69 50 -0.00562119
70 50 -0.079226
71 50 0.0539696
150 50 -0.168613
151 50 0.171593
152 50 0.0143936
1620 50 0.0119502
1621 50 0.0710981
1622 50 -0.0694973
1680 50 0.133753
1681 50 0.0940492
1682 50 -0.0707848
1683 50 0.0132056
1684 50 -0.0399834
1685 50 -0.0223514
1704 50 0.00968819
1705 50 -0.10981
1706 50 -0.342859
1707 50 -0.0685109
1708 50 -0.00730493
1709 50 0.0288028
33 51 0.0336907
34 51 -0.00522877
35 51 -0.00428654
48 51 -0.0267355
49 51 -0.00678588
50 51 0.032504
51 51 1.00161
52 51 -0.045928
53 51 -0.0446041
54 51 -0.0533238
55 51 0.00926162
56 51 0.258524
72 51 0.0655662
73 51 -0.192345
74 51 -0.0873611
153 51 -0.0114807
154 51 0.181645
155 51 -0.172243
1608 51 -0.00255906
1609 51 -0.00622909
1610 51 0.0189622
1620 51 -0.066953
1621 51 0.0658045
1622 51 0.0144314
1623 51 -0.0227391
1624 51 -0.169507
1625 51 0.113349
1683 51 -0.0249969
1684 51 -0.0137816
1685 51 -0.0038399
1686 51 -0.138544
1687 51 0.299443
1688 51 0.116521
1707 51 -0.0068972
1708 51 -0.0274423
1709 51 -0.170159
1710 51 -0.729694
1711 51 -0.0924395
1712 51 -0.0703473
33 52 -0.184864
34 52 -0.0882432
35 52 -0.0831372
48 52 0.0206198
49 52 0.0861187
50 52 -0.0175463
51 52 -0.045928
52 52 1.3113
53 52 0.078812
54 52 0.00823563
55 52 0.173514
56 52 -0.0122568
72 52 -0.194606
73 52 -0.170679
74 52 -0.152866
153 52 0.180909
154 52 -0.00345418
155 52 0.166805
1608 52 -0.0211196
1609 52 0.00743429
1610 52 -0.108024
1620 52 0.232814
1621 52 -0.249906
1622 52 -0.0421972
1623 52 -0.00973805
1624 52 -0.300204
1625 52 0.263191
1683 52 -0.174497
1684 52 -0.29382
1685 52 0.237625
1686 52 0.305838
1687 52 -0.493939
1688 52 -0.205599
1707 52 -0.0282296
1708 52 0.0161696
1709 52 -0.11648
1710 52 -0.0905573
1711 52 0.0235769
1712 52 -0.00805742
33 53 -0.0807015
34 53 -0.0730601
35 53 0.0522857
48 53 0.225753
49 53 -0.00113934
50 53 -0.0612132
51 53 -0.0446041
52 53 0.078812
53 53 1.35759
54 53 0.258362
55 53 -0.00765287
56 53 -0.120189
72 53 -0.0849014
73 53 -0.154012
74 53 0.105284
153 53 -0.170977
154 53 0.168906
155 53 0.0149429
1608 53 -0.187708
1609 53 -0.0125644
1610 53 -0.344883
1620 53 0.10228
1621 53 -0.168547
1622 53 -0.0242022
1623 53 -0.00662651
1624 53 0.236718
1625 53 -0.127144
1683 53 0.118605
1684 53 0.262204
1685 53 -0.130005
1686 53 0.119731
1687 53 -0.206754
1688 53 -0.0457218
1707 53 -0.177747
1708 53 -0.114426
1709 53 -0.687043
1710 53 -0.0732952
1711 53 -0.00910667
1712 53 0.0282522
0 54 -0.0217582
1 54 0.181276
2 54 -0.175353
36 54 0.0754155
37 54 -0.187756
38 54 -0.0816058
51 54 -0.0533238
52 54 0.00823563
53 54 0.258362
54 54 1.82609
55 54 -0.000763255
56 54 0.00181479
57 54 -0.051392
58 54 0.00281922
59 54 0.258869
75 54 0.0722953
76 54 -0.187247
77 54 -0.0855047
156 54 -0.0215479
157 54 0.183763
158 54 -0.173532
1608 54 -0.726289
1609 54 -0.102255
1610 54 -0.0756867
1611 54 -0.00459255
1612 54 -0.0276452
1613 54 -0.169108
1623 54 -0.142615
1624 54 0.307247
1625 54 0.12409
1626 54 -0.0247627
1627 54 -0.175158
1628 54 0.117693
1686 54 -0.0276737
1687 54 -0.172277
1688 54 0.118986
1689 54 -0.149838
1690 54 0.303715
1691 54 0.124226
1710 54 -0.00550882
1711 54 -0.0276236
1712 54 -0.170765
1713 54 -0.725971
1714 54 -0.108237
1715 54 -0.0702282
0 55 0.181921
1 55 0.00526035
2 55 0.1629
36 55 -0.185591
37 55 -0.180164
38 55 -0.156622
51 55 0.00926162
52 55 0.173514
53 55 -0.00765287
54 55 -0.000763255
55 55 1.82756
56 55 -0.00163652
57 55 0.00228751
58 55 0.173829
59 55 -0.00546446
75 55 -0.189696
76 55 -0.175935
77 55 -0.156511
156 55 0.183605
157 55 0.00249654
158 55 0.161283
1608 55 -0.104312
1609 55 0.0207543
1610 55 -0.0106159
1611 55 -0.0276246
1612 55 0.0153696
1613 55 -0.116997
1623 55 0.300398
1624 55 -0.485539
1625 55 -0.210105
1626 55 -0.168513
1627 55 -0.46102
1628 55 0.333418
1686 55 -0.180348
1687 55 -0.455544
1688 55 0.339614
1689 55 0.310117
1690 55 -0.478289
1691 55 -0.210079
1710 55 -0.027827
1711 55 0.0174694
1712 55 -0.115124
1713 55 -0.104617
1714 55 0.0198827
1715 55 -0.00917872
0 56 -0.175529
1 56 0.162848
2 56 0.016499
36 56 -0.0833381
37 56 -0.156188
38 56 0.104746
51 56 0.258524
52 56 -0.0122568
53 56 -0.120189
54 56 0.00181479
55 56 -0.00163652
56 56 1.8249
57 56 0.257767
58 56 -0.000409482
59 56 -0.122419
75 56 -0.0833702
76 56 -0.156909
77 56 0.103636
156 56 -0.173711
157 56 0.163247
158 56 0.0193283
1608 56 -0.0728431
1609 56 -0.00954545
1610 56 0.0275255
1611 56 -0.168412
1612 56 -0.119968
1613 56 -0.688792
1623 56 0.120926
1624 56 -0.209488
1625 56 -0.049823
1626 56 0.114805
1627 56 0.337484
1628 56 -0.192187
1686 56 0.12124
1687 56 0.334045
1688 56 -0.196082
1689 56 0.12597
1690 56 -0.206412
1691 56 -0.0495271
1710 56 -0.173534
1711 56 -0.11076
1712 56 -0.688907
1713 56 -0.0724575
1714 56 -0.0107893
1715 56 0.0280783
3 57 -0.0317181
4 57 0.183616
5 57 -0.17751
39 57 0.0819546
40 57 -0.182438
41 57 -0.0801841
54 57 -0.051392
55 57 0.00228751
56 57 0.257767
57 57 1.82619
58 57 -5.34902e-05
59 57 -0.000509061
60 57 -0.0471285
61 57 -0.00475283
62 57 0.258547
78 57 0.0791216
79 57 -0.182267
80 57 -0.0833562
159 57 -0.030387
160 57 0.184994
161 57 -0.175151
1611 57 -0.721792
1612 57 -0.115101
1613 57 -0.0696207
1614 57 -0.00711737
1615 57 -0.028568
1616 57 -0.171639
1626 57 -0.153452
1627 57 0.312218
1628 57 0.129856
1629 57 -0.0160847
1630 57 -0.164048
1631 57 0.107765
1689 57 -0.0203206
1690 57 -0.162904
1691 57 0.109753
1692 57 -0.161939
1693 57 0.307212
1694 57 0.132722
1713 57 -0.00601765
1714 57 -0.0263464
1715 57 -0.171549
1716 57 -0.72189
1717 57 -0.124394
1718 57 -0.0661305
3 58 0.183699
4 58 0.0110524
5 58 0.157879
39 58 -0.18084
40 58 -0.185167
41 58 -0.159251
54 58 0.00281922
55 58 0.173829
56 58 -0.000409482
57 58 -5.34902e-05
58 58 1.82635
59 58 0.00101534
60 58 -0.0045638
61 58 0.173768
62 58 0.00293178
78 58 -0.184362
79 58 -0.180885
80 58 -0.160133
159 58 0.182976
160 58 0.00810415
161 58 0.158816
1611 58 -0.119424
1612 58 0.0171069
1613 58 -0.0115811
1614 58 -0.0281679
1615 58 0.0156935
1616 58 -0.115492
1626 58 0.304632
1627 58 -0.470985
1628 58 -0.210553
1629 58 -0.157927
1630 58 -0.473234
1631 58 0.334167
1689 58 -0.16971
1690 58 -0.46705
1691 58 0.337768
1692 58 0.317095
1693 58 -0.460441
1694 58 -0.214263
1713 58 -0.0267933
1714 58 0.0174697
1715 58 -0.114719
1716 58 -0.119789
1717 58 0.0150737
1718 58 -0.00992307
3 59 -0.176974
4 59 0.156484
5 59 0.0210423
39 59 -0.0809489
40 59 -0.159239
41 59 0.103215
54 59 0.258869
55 59 -0.00546446
56 59 -0.122419
57 59 -0.000509061
58 59 0.00101534
59 59 1.826
60 59 0.256786
61 59 0.00790218
62 59 -0.126601
78 59 -0.0819057
79 59 -0.15968
80 59 0.101769
159 59 -0.176732
160 59 0.158181
161 59 0.0222785
1611 59 -0.0670641
1612 59 -0.00904596
1613 59 0.0285028
1614 59 -0.173475
1615 59 -0.117399
1616 59 -0.687017
1626 59 0.128187
1627 59 -0.213255
1628 59 -0.054427
1629 59 0.105961
1630 59 0.338481
1631 59 -0.188152
1689 59 0.113129
1690 59 0.334832
1691 59 -0.1906
1692 59 0.133859
1693 59 -0.208744
1694 59 -0.055547
1713 59 -0.172179
1714 59 -0.1092
1715 59 -0.689454
1716 59 -0.0681497
1717 59 -0.0117514
1718 59 0.0288102
6 60 -0.042278
7 60 0.18604
8 60 -0.177794
42 60 0.0884632
43 60 -0.177579
44 60 -0.0786499
57 60 -0.0471285
58 60 -0.0045638
59 60 0.256786
60 60 1.82772
61 60 -0.00109688
62 60 -0.000220086
63 60 -0.0416323
64 60 -0.0119717
65 60 0.257496
81 60 0.0852296
82 60 -0.177426
83 60 -0.0813261
162 60 -0.042922
163 60 0.187141
164 60 -0.175901
1614 60 -0.718956
1615 60 -0.130911
1616 60 -0.0638427
1617 60 -0.00913747
1618 60 -0.0274565
1619 60 -0.176385
1629 60 -0.164371
1630 60 0.315776
1631 60 0.137762
1632 60 -0.00850414
1633 60 -0.152255
1634 60 0.0973115
1692 60 -0.0111917
1693 60 -0.151072
1694 60 0.09932
1695 60 -0.172516
1696 60 0.310598
1697 60 0.141909
1716 60 -0.00770887
1717 60 -0.0262436
1718 60 -0.176067
1719 60 -0.717691
1720 60 -0.139177
1721 60 -0.0594372
6 61 0.186286
7 61 0.0142281
8 61 0.152199
42 61 -0.175654
43 61 -0.188918
44 61 -0.162001
57 61 -0.00475283
58 61 0.173768
59 61 0.00790218
60 61 -0.00109688
61 61 1.82537
62 61 0.000217954
63 61 -0.0110412
64 61 0.17325
65 61 0.0119402
81 61 -0.179197
82 61 -0.184907
83 61 -0.163627
162 61 0.185797
163 61 0.0134415
164 61 0.1526
1614 61 -0.133773
1615 61 0.0114641
1616 61 -0.0121863
1617 61 -0.0276554
1618 61 0.0177436
1619 61 -0.110273
1629 61 0.307764
1630 61 -0.453665
1631 61 -0.213252
1632 61 -0.148376
1633 61 -0.487276
1634 61 0.334257
1692 61 -0.155853
1693 61 -0.481693
1694 61 0.337782
1695 61 0.317982
1696 61 -0.443803
1697 61 -0.217506
1716 61 -0.026179
1717 61 0.0185967
1718 61 -0.110457
1719 61 -0.134909
1720 61 0.00981382
1721 61 -0.010117
6 62 -0.17709
7 62 0.151709
8 62 0.0284912
42 62 -0.078709
43 62 -0.162561
44 62 0.101241
57 62 0.258547
58 62 0.00293178
59 62 -0.126601
60 62 -0.000220086
61 62 0.000217954
62 62 1.82544
63 62 0.2556
64 62 0.015431
65 62 -0.131581
81 62 -0.0808131
82 62 -0.162609
83 62 0.0996883
162 62 -0.17791
163 62 0.151757
164 62 0.0294751
1614 62 -0.0618684
1615 62 -0.00919619
1616 62 0.0296708
1617 62 -0.177779
1618 62 -0.111515
1619 62 -0.686903
1629 62 0.137132
1630 62 -0.218125
1631 62 -0.0606836
1632 62 0.0964918
1633 62 0.338886
1634 62 -0.182211
1692 62 0.101369
1693 62 0.335707
1694 62 -0.185284
1695 62 0.142339
1696 62 -0.212847
1697 62 -0.0635673
1716 62 -0.174584
1717 62 -0.105941
1718 62 -0.688896
1719 62 -0.0619755
1720 62 -0.0120042
1721 62 0.0298712
45 63 0.0457957
46 63 -0.0696577
47 63 -0.0740263
60 63 -0.0416323
61 63 -0.0110412
62 63 0.2556
63 63 1.33083
64 63 0.070423
65 63 -0.0956462
66 63 -0.016428
67 63 -0.000342071
68 63 0.224402
84 63 0.0896635
85 63 -0.173712
86 63 -0.0803729
165 63 -0.0544981
166 63 0.1893
167 63 -0.175151
1617 63 -0.356689
1618 63 -0.0229988
1619 63 -0.135094
1632 63 -0.122735
1633 63 0.214962
1634 63 0.00653543
1635 63 -0.000991919
1636 63 -0.146737
1637 63 0.0872451
1695 63 -0.0033331
1696 63 -0.14075
1697 63 0.0904698
1698 63 -0.127951
1699 63 0.264853
1700 63 0.133082
1719 63 -0.0104901
1720 63 -0.0258987
1721 63 -0.181722
1722 63 -0.714242
1723 63 -0.151126
1724 63 -0.0519907
45 64 -0.103768
46 64 -0.0964747
47 64 -0.172206
60 64 -0.0119717
61 64 0.17325
62 64 0.015431
63 64 0.070423
64 64 1.31445
65 64 -0.0647349
66 64 -0.0176803
67 64 0.085893
68 64 0.0278556
84 64 -0.174989
85 64 -0.187217
86 64 -0.166542
165 64 0.189086
166 64 0.0170962
167 64 0.146607
1617 64 -0.121115
1618 64 0.00414336
1619 64 -0.0098527
1632 64 0.264053
1633 64 -0.289761
1634 64 -0.0479341
1635 64 0.00571101
1636 64 -0.250071
1637 64 0.242089
1695 64 -0.143207
1696 64 -0.494231
1697 64 0.339293
1698 64 0.215395
1699 64 -0.281877
1700 64 -0.198761
1719 64 -0.0258773
1720 64 0.0199628
1721 64 -0.105094
1722 64 -0.14588
1723 64 0.00533311
1724 64 -0.00958298
45 65 -0.00446983
46 65 0.00794755
47 65 0.0493658
60 65 0.257496
61 65 0.0119402
62 65 -0.131581
63 65 -0.0956462
64 65 -0.0647349
65 65 1.02521
66 65 0.0309589
67 65 -0.00808804
68 65 -0.0675502
84 65 -0.0799082
85 65 -0.165402
86 65 0.0975619
165 65 -0.177879
166 65 0.145883
167 65 0.0374061
1617 65 0.0765693
1618 65 -0.00246805
1619 65 0.0159287
1632 65 0.127905
1633 65 -0.196606
1634 65 -0.038958
1635 65 0.000885379
1636 65 0.0934519
1637 65 -0.0886481
1695 65 0.0906395
1696 65 0.33554
1697 65 -0.18044
1698 65 0.00831861
1699 65 -0.050132
1700 65 -0.0407714
1719 65 -0.179882
1720 65 -0.101755
1721 65 -0.687482
1722 65 -0.0555098
1723 65 -0.0117453
1724 65 0.0309139
63 66 -0.016428
64 66 -0.0176803
65 66 0.0309589
66 66 0.517707
67 66 -0.069128
68 66 0.0967338
87 66 0.0461871
88 66 -0.104909
89 66 -0.00602154
168 66 -0.0658633
169 66 0.190918
170 66 -0.174802
1635 66 -0.0493585
1636 66 0.0457601
1637 66 0.0181679
1698 66 0.00174165
1699 66 0.0117105
1700 66 -0.00128015
1701 66 -0.0491139
1702 66 0.098667
1703 66 0.144701
1722 66 -0.0136459
1723 66 -0.025399
1724 66 -0.188937
1725 66 -0.354064
1726 66 -0.130331
1727 66 0.0816331
63 67 -0.000342071
64 67 0.085893
65 67 -0.00808804
66 67 -0.069128
67 67 0.526335
68 67 0.0651243
87 67 -0.0670937
88 67 -0.0952509
89 67 0.00571249
168 67 0.191526
169 67 0.0215512
170 67 0.140068
1635 67 0.0981277
1636 67 -0.144514
1637 67 -0.0268383
1698 67 -0.142167
1699 67 -0.253273
1700 67 0.0938835
1701 67 0.0448153
1702 67 -0.141188
1703 67 -0.170625
1722 67 -0.0253202
1723 67 0.0205861
1724 67 -0.101099
1725 67 -0.0301581
1726 67 -0.000541723
1727 67 -0.000198686
63 68 0.224402
64 68 0.0278556
65 68 -0.0675502
66 68 0.0967338
67 68 0.0651243
68 68 0.818407
87 68 -0.0742479
88 68 -0.173757
89 68 0.0468285
168 68 -0.176749
169 68 0.14004
170 68 0.0458892
1635 68 0.141678
1636 68 -0.17206
1637 68 -0.0311739
1698 68 0.0822615
1699 68 0.243082
1700 68 -0.0879846
1701 68 0.0189397
1702 68 -0.0284666
1703 68 -0.0343203
1722 68 -0.185968
1723 68 -0.0970663
1724 68 -0.684934
1725 68 -0.126729
1726 68 -0.0100137
1727 68 0.016104
48 69 0.0286597
49 69 -0.00880354
50 69 -0.00562119
69 69 0.922084
70 69 2.78211e-05
71 69 -0.000192666
72 69 -0.045631
73 69 0.0136844
74 69 0.256426
90 69 0.0277972
91 69 -0.190331
92 69 -0.0826897
177 69 -0.0105658
178 69 0.184169
179 69 -0.168779
1620 69 -0.00577509
1621 69 -0.00615679
1622 69 0.0118291
1638 69 -0.0173374
1639 69 -0.174801
1640 69 0.129821
1704 69 -0.0186028
1705 69 -0.00969012
1706 69 -0.000218767
1707 69 -0.1221
1708 69 0.289932
1709 69 0.114318
1728 69 -0.00832966
1729 69 -0.0221327
1730 69 -0.194785
1731 69 -0.73476
1732 69 -0.0775095
1733 69 -0.0587822
48 70 -0.189586
49 70 -0.0832486
50 70 -0.079226
69 70 2.78211e-05
70 70 0.922592
71 70 -0.000513753
72 70 0.0139981
73 70 0.173517
74 70 -0.0171262
90 70 -0.00945719
91 70 -0.0823016
92 70 -0.071334
177 70 0.184249
178 70 -0.0101545
179 70 0.166214
1620 70 -0.0223561
1621 70 0.00813029
1622 70 -0.108397
1638 70 -0.00842826
1639 70 -0.221019
1640 70 0.119117
1704 70 -0.177212
1705 70 -0.216895
1706 70 0.215891
1707 70 0.292888
1708 70 -0.506554
1709 70 -0.213082
1728 70 -0.00596113
1729 70 0.00830755
1730 70 -0.00560179
1731 70 -0.076975
1732 70 0.0262826
1733 70 -0.00591008
48 71 -0.0819387
49 71 -0.0705133
50 71 0.0539696
69 71 -0.000192666
70 71 -0.000513753
71 71 0.921795
72 71 0.257422
73 71 -0.0143927
74 71 -0.126583
90 71 -0.00566417
91 71 -0.0779794
92 71 0.0535333
177 71 -0.167301
178 71 0.169502
179 71 0.020722
1620 71 -0.191974
1621 71 -0.00783812
1622 71 -0.342739
1638 71 -0.00185622
1639 71 0.215565
1640 71 -0.0997063
1704 71 0.131757
1705 71 0.117598
1706 71 -0.101126
1707 71 0.115442
1708 71 -0.213718
1709 71 -0.0493567
1728 71 0.00671327
1729 71 -0.107324
1730 71 -0.34191
1731 71 -0.0615181
1732 71 -0.00639174
1733 71 0.0305741
9 72 -0.0163426
10 72 0.182708
11 72 -0.171774
51 72 0.0655662
52 72 -0.194606
53 72 -0.0849014
69 72 -0.045631
70 72 0.0139981
71 72 0.257422
72 72 1.82584
73 72 0.000561375
74 72 0.00119472
75 72 -0.0485366
76 72 0.00800675
77 72 0.25764
93 72 0.0624377
94 72 -0.194086
95 72 -0.0884427
180 72 -0.0142594
181 72 0.184677
182 72 -0.169773
1620 72 -0.732105
1621 72 -0.0850602
1622 72 -0.0669969
1623 72 -0.00786716
1624 72 -0.027731
1625 72 -0.177903
1638 72 -0.127546
1639 72 0.295577
1640 72 0.11918
1641 72 -0.0309292
1642 72 -0.182142
1643 72 0.123693
1707 72 -0.0350562
1708 72 -0.180042
1709 72 0.125517
1710 72 -0.133117
1711 72 0.294812
1712 72 0.119821
1731 72 -0.0121509
1732 72 -0.0276579
1733 72 -0.17867
1734 72 -0.731918
1735 72 -0.0889792
1736 72 -0.063885
9 73 0.183409
10 73 -0.00233921
11 73 0.165714
51 73 -0.192345
52 73 -0.170679
53 73 -0.154012
69 73 0.0136844
70 73 0.173517
71 73 -0.0143927
72 73 0.000561375
73 73 1.82688
74 73 0.000634358
75 73 0.00805079
76 73 0.17357
77 73 -0.0113848
93 73 -0.196228
94 73 -0.168022
95 73 -0.152253
180 73 0.183494
181 73 -0.00532921
182 73 0.165064
1620 73 -0.0871318
1621 73 0.0251053
1622 73 -0.00780066
1623 73 -0.0275364
1624 73 0.0168633
1625 73 -0.113047
1638 73 0.291861
1639 73 -0.499417
1640 73 -0.213934
1641 73 -0.176032
1642 73 -0.453237
1643 73 0.331283
1707 73 -0.186085
1708 73 -0.44643
1709 73 0.336271
1710 73 0.299495
1711 73 -0.494164
1712 73 -0.214495
1731 73 -0.0287766
1732 73 0.0169848
1733 73 -0.112966
1734 73 -0.0873457
1735 73 0.0246308
1736 73 -0.0068652
9 74 -0.171804
10 74 0.164976
11 74 0.0186847
51 74 -0.0873611
52 74 -0.152866
53 74 0.105284
69 74 0.256426
70 74 -0.0171262
71 74 -0.126583
72 74 0.00119472
73 74 0.000634358
74 74 1.82582
75 74 0.257961
76 74 -0.00722657
77 74 -0.125015
93 74 -0.0859792
94 74 -0.153293
95 74 0.105572
180 74 -0.16958
181 74 0.166929
182 74 0.0208031
1620 74 -0.0662092
1621 74 -0.00715545
1622 74 0.0289854
1623 74 -0.172974
1624 74 -0.114312
1625 74 -0.687001
1638 74 0.117228
1639 74 -0.214287
1640 74 -0.0509778
1641 74 0.121405
1642 74 0.336705
1643 74 -0.1938
1707 74 0.129083
1708 74 0.33173
1709 74 -0.196897
1710 74 0.121426
1711 74 -0.212404
1712 74 -0.0512563
1731 74 -0.185251
1732 74 -0.110054
1733 74 -0.684417
1734 74 -0.0659782
1735 74 -0.00807065
1736 74 0.0292703
12 75 -0.0224856
13 75 0.183971
14 75 -0.172821
54 75 0.0722953
55 75 -0.189696
56 75 -0.0833702
72 75 -0.0485366
73 75 0.00805079
74 75 0.257961
75 75 1.82609
76 75 -0.000464047
77 75 0.00134702
78 75 -0.0482722
79 75 0.00166395
80 75 0.258131
96 75 0.0692031
97 75 -0.189053
98 75 -0.0873589
183 75 -0.0216805
184 75 0.186393
185 75 -0.170757
1623 75 -0.728624
1624 75 -0.0971992
1625 75 -0.0697064
1626 75 -0.00702877
1627 75 -0.0270826
1628 75 -0.175154
1641 75 -0.138034
1642 75 0.302944
1643 75 0.125384
1644 75 -0.0249698
1645 75 -0.175809
1646 75 0.116636
1710 75 -0.0278514
1711 75 -0.173535
1712 75 0.117926
1713 75 -0.144631
1714 75 0.299423
1715 75 0.126216
1734 75 -0.00888154
1735 75 -0.0269172
1736 75 -0.176426
1737 75 -0.728117
1738 75 -0.103274
1739 75 -0.0661711
12 76 0.18464
13 76 0.00083941
14 76 0.162399
54 76 -0.187247
55 76 -0.175935
56 76 -0.156909
72 76 0.00800675
73 76 0.17357
74 76 -0.00722657
75 76 -0.000464047
76 76 1.82718
77 76 -0.00120009
78 76 0.00144524
79 76 0.173849
80 76 -0.00416428
96 76 -0.191293
97 76 -0.171757
98 76 -0.156658
183 76 0.185717
184 76 -0.00215556
185 76 0.161258
1623 76 -0.0999263
1624 76 0.0220461
1625 76 -0.0094113
1626 76 -0.0266836
1627 76 0.0174861
1628 76 -0.110018
1641 76 0.296633
1642 76 -0.485254
1643 76 -0.215286
1644 76 -0.169776
1645 76 -0.46485
1646 76 0.331579
1710 76 -0.180099
1711 76 -0.459744
1712 76 0.336879
1713 76 0.305762
1714 76 -0.478251
1715 76 -0.216261
1734 76 -0.0272891
1735 76 0.0191489
1736 76 -0.108528
1737 76 -0.100212
1738 76 0.0212018
1739 76 -0.00824545
12 77 -0.172913
13 77 0.16215
14 77 0.0216475
54 77 -0.0855047
55 77 -0.156511
56 77 0.103636
72 77 0.25764
73 77 -0.0113848
74 77 -0.125015
75 77 0.00134702
76 77 -0.00120009
77 77 1.82527
78 77 0.257627
79 77 0.000546653
80 77 -0.125557
96 77 -0.0853913
97 77 -0.157287
98 77 0.102549
183 77 -0.170974
184 77 0.162955
185 77 0.0243196
1623 77 -0.0679356
1624 77 -0.00836354
1625 77 0.0285659
1626 77 -0.172582
1627 77 -0.113605
1628 77 -0.688466
1641 77 0.123305
1642 77 -0.21611
1643 77 -0.0546974
1644 77 0.114182
1645 77 0.335902
1646 77 -0.188155
1710 77 0.120166
1711 77 0.332768
1712 77 -0.191724
1713 77 0.12799
1714 77 -0.213105
1715 77 -0.0549498
1734 77 -0.180499
1735 77 -0.105017
1736 77 -0.687615
1737 77 -0.0676291
1738 77 -0.00960253
1739 77 0.0289015
15 78 -0.0307782
16 78 0.185458
17 78 -0.174184
57 78 0.0791216
58 78 -0.184362
59 78 -0.0819057
75 78 -0.0482722
76 78 0.00144524
77 78 0.257627
78 78 1.82618
79 78 7.22729e-16
80 78 2.0383e-16
81 78 -0.0456032
82 78 -0.00537761
83 78 0.258061
99 78 0.0760136
100 78 -0.18402
101 78 -0.085538
186 78 -0.0294864
187 78 0.187495
188 78 -0.172216
1626 78 -0.724994
1627 78 -0.11016
1628 78 -0.0685088
1629 78 -0.00763971
1630 78 -0.0262983
1631 78 -0.175274
1644 78 -0.148548
1645 78 0.308422
1646 78 0.132025
1647 78 -0.0177704
1648 78 -0.166831
1649 78 0.107987
1713 78 -0.0213751
1714 78 -0.16531
1715 78 0.10966
1716 78 -0.156601
1717 78 0.303408
1718 78 0.134317
1737 78 -0.00822184
1738 78 -0.0252951
1739 78 -0.175396
1740 78 -0.724018
1741 78 -0.118483
1742 78 -0.0648423
15 79 0.18626
16 79 0.00503958
17 79 0.15799
57 79 -0.182267
58 79 -0.180885
59 79 -0.15968
75 79 0.00166395
76 79 0.173849
77 79 0.000546653
78 79 6.97359e-16
79 79 1.82618
80 79 7.77156e-16
81 79 -0.00522592
82 79 0.173735
83 79 0.00390498
99 79 -0.186029
100 79 -0.176051
101 79 -0.160742
186 79 0.185625
187 79 0.00268119
188 79 0.158793
1626 79 -0.11418
1627 79 0.0182131
1628 79 -0.0107187
1629 79 -0.0263748
1630 79 0.0184151
1631 79 -0.107057
1644 79 0.300391
1645 79 -0.470611
1646 79 -0.216203
1647 79 -0.161279
1648 79 -0.477327
1649 79 0.331756
1713 79 -0.171809
1714 79 -0.471076
1715 79 0.335385
1716 79 0.312655
1717 79 -0.460913
1718 79 -0.21968
1737 79 -0.0257527
1738 79 0.0196241
1739 79 -0.106993
1740 79 -0.114507
1741 79 0.0168875
1742 79 -0.0093035
15 80 -0.173999
16 80 0.158256
17 80 0.0257386
57 80 -0.0833562
58 80 -0.160133
59 80 0.101769
75 80 0.258131
76 80 -0.00416428
77 80 -0.125557
78 80 1.10155e-16
79 80 7.91034e-16
80 80 1.82618
81 80 0.25677
82 80 0.00851306
83 80 -0.128102
99 80 -0.084415
100 80 -0.160666
101 80 0.100041
186 80 -0.173611
187 80 0.158505
188 80 0.0268043
1626 80 -0.0664746
