0 0 0.299179
1 0 -0.0662285
2 0 0.02858
54 0 0.0609555
55 0 0.198
56 0 -0.0828657
1608 0 -0.0421743
1609 0 -0.0390312
1610 0 0.000721549
1611 0 -0.0689335
1612 0 0.0391194
1613 0 0.142145
1623 0 0.00143614
1624 0 -0.016703
1625 0 -0.0438995
1626 0 -0.232323
1627 0 -0.115861
1628 0 -0.044876
0 1 -0.0662285
1 1 0.378179
2 1 -0.0489392
54 1 0.198342
55 1 -0.174553
56 1 0.145007
1608 1 -0.221777
1609 1 -0.175065
1610 1 -0.0364887
1611 1 0.0698098
1612 1 -0.0695405
1613 1 -0.199547
1623 1 -0.0466824
1624 1 0.0173001
1625 1 0.132365
1626 1 0.0668049
1627 1 0.0404909
1628 1 0.00895591
0 2 0.02858
1 2 -0.0489392
2 2 0.281067
54 2 -0.0821779
55 2 0.145385
56 2 0.113404
1608 2 0.0420816
1609 2 0.0234442
1610 2 -0.00893358
1611 2 0.0368498
1612 2 -0.0372683
1613 2 -0.0883612
1623 2 0.0618237
1624 2 -0.0311967
1625 2 -0.244613
1626 2 -0.0868897
1627 2 -0.0517136
1628 2 -0.0342637
3 3 0.302321
4 3 -0.0681705
5 3 0.0268464
57 3 0.051667
58 3 0.205346
59 3 -0.0825144
1611 3 -0.0362718
1612 3 -0.0356084
1613 3 0.00129398
1614 3 -0.0719791
1615 3 0.0381311
1616 3 0.146666
1626 3 0.00248277
1627 3 -0.0167191
1628 3 -0.0472164
1629 3 -0.231006
1630 3 -0.121758
1631 3 -0.0468012
3 4 -0.0681705
4 4 0.375565
5 4 -0.045654
57 4 0.204454
58 4 -0.169826
59 4 0.137558
1611 4 -0.218825
1612 4 -0.180709
1613 4 -0.038375
1614 4 0.069319
1615 4 -0.0634535
1616 4 -0.1953
1626 4 -0.0471691
1627 4 0.0157519
1628 4 0.13456
1629 4 0.0613981
1630 4 0.039754
1631 4 0.00890099
3 5 0.0268464
4 5 -0.045654
5 5 0.280539
57 5 -0.0821938
58 5 0.138171
59 5 0.118945
1611 5 0.0385143
1612 5 0.0216384
1613 5 -0.00972454
1614 5 0.0397285
1615 5 -0.0367877
1616 5 -0.0934647
1626 5 0.0607253
1627 5 -0.0283287
1628 5 -0.243183
1629 5 -0.0828942
1630 5 -0.052066
1631 5 -0.0345319
6 6 0.304852
7 6 -0.0688254
8 6 0.0279933
60 6 0.0443061
61 6 0.2096
62 6 -0.0825626
1614 6 -0.0326868
1615 6 -0.0337791
1616 6 0.00150036
1617 6 -0.0719535
1618 6 0.0345879
1619 6 0.150602
1629 6 0.00361316
1630 6 -0.0162653
1631 6 -0.0501125
1632 6 -0.229986
1633 6 -0.126786
1634 6 -0.0469677
6 7 -0.0688254
7 7 0.374828
8 7 -0.0449918
60 7 0.210474
61 7 -0.164533
62 7 0.133103
1614 7 -0.217165
1615 7 -0.185069
1616 7 -0.0385819
1617 7 0.0663962
1618 7 -0.0577187
1619 7 -0.194694
1629 7 -0.0476982
1630 7 0.0131448
1631 7 0.135951
1632 7 0.0574012
1633 7 0.0391488
1634 7 0.00849434
6 8 0.0279933
7 8 -0.0449918
8 8 0.278745
60 8 -0.0829604
61 8 0.134256
62 8 0.120671
1614 8 0.0367536
1615 8 0.0211878
1616 8 -0.00907707
1617 8 0.0393848
1618 8 -0.0343074
1619 8 -0.0952783
1629 8 0.0604136
1630 8 -0.0240346
1631 8 -0.242238
1632 8 -0.0817395
1633 8 -0.0527699
1634 8 -0.0346868
9 9 0.29744
10 9 -0.0656268
11 9 0.0263243
72 9 0.06754
73 9 0.195173
74 9 -0.0801041
1620 9 -0.0465405
1621 9 -0.0407855
1622 9 0.000677575
1623 9 -0.0671863
1624 9 0.0408732
1625 9 0.137516
1638 9 0.000567044
1639 9 -0.016785
1640 9 -0.0432415
1641 9 -0.234456
1642 9 -0.110759
1643 9 -0.0439112
9 10 -0.0656268
10 10 0.379271
11 10 -0.0485386
72 10 0.194151
73 10 -0.181905
74 10 0.145607
1620 10 -0.224206
1621 10 -0.169436
1622 10 -0.0337566
1623 10 0.0697827
1624 10 -0.0711677
1625 10 -0.202338
1638 10 -0.0449217
1639 10 0.0196826
1640 10 0.131799
1641 10 0.0718144
1642 10 0.0408234
1643 10 0.00940679
9 11 0.0263243
10 11 -0.0485386
11 11 0.281714
72 11 -0.0801666
73 11 0.145947
74 11 0.113059
1620 11 0.0438486
1621 11 0.0236921
1622 11 -0.00948146
1623 11 0.0370136
1624 11 -0.0385684
1625 11 -0.0897979
1638 11 0.0598522
1639 11 -0.0346395
1640 11 -0.245071
1641 11 -0.0855742
1642 11 -0.0488613
1643 11 -0.0322662
12 12 0.299544
13 12 -0.0658323
14 12 0.0266518
75 12 0.0617558
76 12 0.199551
77 12 -0.0794781
1623 12 -0.0433892
1624 12 -0.0390195
1625 12 0.000702728
1626 12 -0.0679778
1627 12 0.036998
1628 12 0.142071
1641 12 0.000911021
1642 12 -0.0164549
1643 12 -0.0445373
1644 12 -0.23287
1645 12 -0.115531
1646 12 -0.045454
12 13 -0.0658323
13 13 0.378527
14 13 -0.0472847
75 13 0.198989
76 13 -0.179016
77 13 0.140706
1623 13 -0.223691
1624 13 -0.172727
1625 13 -0.0357777
1626 13 0.0684207
1627 13 -0.0649093
1628 13 -0.200246
1641 13 -0.0458147
1642 13 0.0173385
1643 13 0.134929
1644 13 0.0678636
1645 13 0.0409397
1646 13 0.00959708
12 14 0.0266518
13 14 -0.0472847
14 14 0.280354
75 14 -0.0792506
76 14 0.141449
77 14 0.117044
1623 14 0.0406074
1624 14 0.0212205
1625 14 -0.00927274
1626 14 0.0378741
1627 14 -0.0366341
1628 14 -0.0926548
1641 14 0.0590193
1642 14 -0.0301325
1643 14 -0.243908
1644 14 -0.0844518
1645 14 -0.0499999
1646 14 -0.0342433
15 15 0.301388
16 15 -0.0678221
17 15 0.0260805
78 15 0.0544509
79 15 0.203767
80 15 -0.0800739
1626 15 -0.0386997
1627 15 -0.0368735
1628 15 0.000845741
1629 15 -0.0698794
1630 15 0.0348689
1631 15 0.146033
1644 15 0.002271
1645 15 -0.0158224
1646 15 -0.0466634
1647 15 -0.231564
1648 15 -0.119724
1649 15 -0.0468767
15 16 -0.0678221
16 16 0.37641
17 16 -0.0455306
78 16 0.203301
79 16 -0.174957
80 16 0.136662
1626 16 -0.220936
1627 16 -0.177062
1628 16 -0.0380815
1629 16 0.06803
1630 16 -0.0600786
1631 16 -0.197811
1644 16 -0.046807
1645 16 0.0148927
1646 16 0.136134
1647 16 0.0642167
1648 16 0.0405559
1649 16 0.00966722
15 17 0.0260805
16 17 -0.0455306
17 17 0.280627
78 17 -0.0805237
79 17 0.137218
80 17 0.120487
1626 17 0.0380682
1627 17 0.0206796
1628 17 -0.00935374
1629 17 0.0394248
1630 17 -0.0353564
1631 17 -0.0956426
1644 17 0.0600164
1645 17 -0.0260181
1646 17 -0.243316
1647 17 -0.0829915
1648 17 -0.0502936
1649 17 -0.0346483
18 18 0.304812
19 18 -0.0693637
20 18 0.0259903
81 18 0.0461521
82 18 0.209502
83 18 -0.0802032
1629 18 -0.0338759
1630 18 -0.0341502
1631 18 0.00128005
1632 18 -0.071197
1633 18 0.0331251
1634 18 0.150311
1647 18 0.00336369
1648 18 -0.0159872
1649 18 -0.0499474
1650 18 -0.231087
1651 18 -0.124734
1652 18 -0.0474784
18 19 -0.0693637
19 19 0.373837
20 19 -0.0437864
81 19 0.208702
82 19 -0.169446
83 19 0.132473
1629 19 -0.218329
1630 19 -0.181516
1631 19 -0.0395514
1632 19 0.066569
1633 19 -0.0558141
1634 19 -0.19475
1647 19 -0.0463707
1648 19 0.012284
1649 19 0.137504
1650 19 0.0596111
1651 19 0.0396102
1652 19 0.00916202
18 20 0.0259903
19 20 -0.0437864
20 20 0.279776
81 20 -0.0811601
82 20 0.132403
83 20 0.122672
1629 20 0.0360054
1630 20 0.0198748
1631 20 -0.00970908
1632 20 0.0405408
1633 20 -0.0342801
1634 20 -0.098439
1647 20 0.0582066
1648 20 -0.0223068
1649 20 -0.242673
1650 20 -0.0806826
1651 20 -0.050822
1652 20 -0.0346442
21 21 0.307747
22 21 -0.0713988
23 21 0.0245755
84 21 0.0372974
85 21 0.215068
86 21 -0.0804739
1632 21 -0.0285306
1633 21 -0.0307296
1634 21 0.00171207
1635 21 -0.0727728
1636 21 0.0321105
1637 21 0.154138
1650 21 0.00441122
1651 21 -0.0158885
1652 21 -0.0538288
1653 21 -0.230602
1654 21 -0.12917
1655 21 -0.0480291
21 22 -0.0713988
22 22 0.371809
23 22 -0.0413379
84 22 0.21333
85 22 -0.16366
86 22 0.127799
1632 22 -0.214943
1633 22 -0.186926
1634 22 -0.0415955
1635 22 0.066059
1636 22 -0.0526791
1637 22 -0.19069
1650 22 -0.0469862
1651 22 0.00993376
1652 22 0.139129
1653 22 0.055201
1654 22 0.0385544
1655 22 0.00866094
21 23 0.0245755
22 23 -0.0413379
23 23 0.27887
84 23 -0.0812026
85 23 0.126231
86 23 0.126543
1632 23 0.0333919
1633 23 0.0185858
1634 23 -0.0101816
1635 23 0.0427101
1636 23 -0.0340599
1637 23 -0.102391
1650 23 0.0574838
1651 23 -0.0187539
1652 23 -0.241092
1653 23 -0.0772961
1654 23 -0.0503894
1655 23 -0.0337651
24 24 0.299054
25 24 -0.0667869
26 24 0.0256027
96 24 0.0619692
97 24 0.199962
98 24 -0.0772801
1641 24 -0.0435337
1642 24 -0.0389521
1643 24 0.000407052
1644 24 -0.0671661
1645 24 0.0356262
1646 24 0.141531
1656 24 0.000927011
1657 24 -0.0160836
1658 24 -0.0458271
1659 24 -0.233365
1660 24 -0.114785
1661 24 -0.0457734
24 25 -0.0667869
25 25 0.38038
26 25 -0.0455631
96 25 0.199742
97 25 -0.183142
98 25 0.137023
1641 25 -0.224814
1642 25 -0.17188
1643 25 -0.0364846
1644 25 0.0674811
1645 25 -0.0631014
1646 25 -0.200604
1656 25 -0.0457812
1657 25 0.0161385
1658 25 0.138424
1659 25 0.0698345
1660 25 0.0417321
1661 25 0.0102783
24 26 0.0256027
25 26 -0.0455631
26 26 0.278991
96 26 -0.0762594
97 26 0.137242
98 26 0.121173
1641 26 0.0380904
1642 26 0.0192522
1643 26 -0.00967069
1644 26 0.0387131
1645 26 -0.0368509
1646 26 -0.096422
1656 26 0.0571093
1657 26 -0.0270793
1658 26 -0.242634
1659 26 -0.0824829
1660 26 -0.048297
1661 26 -0.0339492
27 27 0.300371
28 27 -0.0665623
29 27 0.0231338
99 27 0.0558736
100 27 0.203747
101 27 -0.0765496
1644 27 -0.040554
1645 27 -0.0376368
1646 27 4.06504e-05
1647 27 -0.0692583
1648 27 0.0345177
1649 27 0.144763
1659 27 0.00188013
1660 27 -0.0146971
1661 27 -0.0454267
1662 27 -0.231781
1663 27 -0.116993
1664 27 -0.0483152
27 28 -0.0665623
28 28 0.375996
29 28 -0.0444009
99 28 0.203573
100 28 -0.179118
101 28 0.134405
1644 28 -0.221238
1645 28 -0.175305
1646 28 -0.0396504
1647 28 0.0662818
1648 28 -0.0589639
1649 28 -0.197359
1659 28 -0.0461367
1660 28 0.0131759
1661 28 0.138498
1662 28 0.0659734
1663 28 0.0406171
1664 28 0.0106017
27 29 0.0231338
28 29 -0.0444009
29 29 0.282059
99 29 -0.0787999
100 29 0.133958
101 29 0.12292
1644 29 0.0369361
1645 29 0.0188177
1646 29 -0.00932696
1647 29 0.0400644
1648 29 -0.0362151
1649 29 -0.0994916
1659 29 0.0584004
1660 29 -0.0221585
1661 29 -0.243762
1662 29 -0.0813923
1663 29 -0.0484567
1664 29 -0.0352455
30 30 0.30301
31 30 -0.0686808
32 30 0.0244097
102 30 0.0497161
103 30 0.208087
104 30 -0.0773159
1647 30 -0.036259
1648 30 -0.0355869
1649 30 0.000255729
1650 30 -0.0695442
1651 30 0.0318707
1652 30 0.14873
1662 30 0.00258047
1663 30 -0.0148825
1664 30 -0.0487904
1665 30 -0.231628
1666 30 -0.121575
1667 30 -0.0476569
30 31 -0.0686808
31 31 0.37604
32 31 -0.0424316
102 31 0.208068
103 31 -0.175912
104 31 0.130005
1647 31 -0.21932
1648 31 -0.179891
1649 31 -0.0414373
1650 31 0.0652568
1651 31 -0.0546068
1652 31 -0.195843
1662 31 -0.0471339
1663 31 0.0111545
1664 31 0.140602
1665 31 0.0630194
1666 31 0.0405329
1667 31 0.0100566
30 32 0.0244097
31 32 -0.0424316
32 32 0.279376
102 32 -0.0772564
103 32 0.129897
104 32 0.125415
1647 32 0.033488
1648 32 0.0174452
1649 32 -0.00962883
1650 32 0.0406654
1651 32 -0.0344646
1652 32 -0.101781
1662 32 0.0576371
1663 32 -0.0191198
1664 32 -0.241497
1665 32 -0.0803704
1666 32 -0.0491427
1667 32 -0.0344885
33 33 0.754758
34 33 -0.0217665
35 33 0.166329
36 33 -0.0846384
37 33 -0.0715197
38 33 0.209838
51 33 0.0508057
52 33 -0.113198
53 33 -0.14376
129 33 0.0376973
130 33 0.182812
131 33 -0.0673345
1608 33 -0.0440364
1609 33 -0.22152
1610 33 0.0446305
1668 33 -0.0746673
1669 33 0.173803
1670 33 0.165535
1683 33 0.0384138
1684 33 0.0412266
1685 33 -0.134834
1686 33 -0.662849
1687 33 0.0330301
1688 33 -0.241046
33 34 -0.0217665
34 34 0.30397
35 34 -0.00656696
36 34 -0.0167648
37 34 0.0751001
38 34 0.0361777
51 34 0.0119099
52 34 0.0124718
53 34 -0.0824878
129 34 0.00235502
130 34 -0.0880594
131 34 0.0507929
1608 34 -0.0401879
1609 34 -0.174979
1610 34 0.0247293
1668 34 0.0453198
1669 34 -0.110436
1670 34 -0.0868014
1683 34 -0.0116934
1684 34 -0.0336726
1685 34 0.053613
1686 34 0.0319949
1687 34 0.0335457
1688 34 0.0110519
33 35 0.166329
34 35 -0.00656696
35 35 0.351709
36 35 0.0216744
37 35 0.0243538
38 35 0.00864918
51 35 -0.00210376
52 35 -0.131294
53 35 -0.0624655
129 35 -0.0179903
130 35 0.111459
131 35 0.0485237
1608 35 0.000403069
1609 35 -0.0371613
1610 35 -0.00789951
1668 35 0.0246672
1669 35 -0.0342787
1670 35 -0.0406942
1683 35 0.0513175
1684 35 0.0636204
1685 35 -0.231348
1686 35 -0.246306
1687 35 0.0106764
1688 35 -0.0484341
33 36 -0.0846384
34 36 -0.0167648
35 36 0.0216744
36 36 0.903926
37 36 0.0138226
38 36 0.00240692
39 36 -0.0817299
40 36 -0.0799751
41 36 0.209032
54 36 0.102975
55 36 -0.101064
56 36 -0.145975
132 36 0.0664204
133 36 0.18739
134 36 -0.0788035
1608 36 -0.0876219
1609 36 0.0902512
1610 36 0.0414906
1611 36 -0.0444074
1612 36 -0.215428
1613 36 0.0328225
1668 36 -0.0468143
1669 36 -0.0679545
1670 36 -0.00769709
1671 36 -0.0809991
1672 36 0.170011
1673 36 0.172921
1686 36 0.0359939
1687 36 0.00320926
1688 36 -0.0121105
1689 36 -0.668444
1690 36 0.0217274
1691 36 -0.238972
33 37 -0.0715197
34 37 0.0751001
35 37 0.0243538
36 37 0.0138226
37 37 0.744882
38 37 -0.0434592
39 37 -0.0218626
40 37 0.0693166
41 37 0.0426344
54 37 -0.103169
55 37 0.0264682
56 37 -0.214007
132 37 0.109601
133 37 -0.137192
134 37 0.0310697
1608 37 0.176504
1609 37 -0.150547
1610 37 -0.0607648
1611 37 -0.0733229
1612 37 -0.308815
1613 37 0.113922
1668 37 -0.095206
1669 37 -0.207833
1670 37 -0.0313606
1671 37 0.044596
1672 37 -0.0985836
1673 37 -0.0818304
1686 37 0.00313685
1687 37 -0.0309827
1688 37 0.214476
1689 37 0.0180274
1690 37 0.0349118
1691 37 0.00521929
33 38 0.209838
34 38 0.0361777
35 38 0.00864918
36 38 0.00240692
37 38 -0.0434592
38 38 0.891658
39 38 0.0214401
40 38 0.0280256
41 38 0.00737201
54 38 -0.1468
55 38 -0.209188
56 38 -0.129474
132 38 -0.111591
133 38 0.14357
134 38 0.0708095
1608 38 0.181984
1609 38 -0.223918
1610 38 -0.100358
1611 38 -0.0112811
1612 38 -0.0616771
1613 38 0.0150385
1668 38 0.0750813
1669 38 0.146738
1670 38 0.0296826
1671 38 0.0280804
1672 38 -0.037718
1673 38 -0.0465493
1686 38 -0.0125105
1687 38 0.21841
1688 38 -0.683446
1689 38 -0.238195
1690 38 0.00659044
1691 38 -0.0439903
36 39 -0.0817299
37 39 -0.0218626
38 39 0.0214401
39 39 0.904602
40 39 0.0181102
41 39 -0.00230183
42 39 -0.0766566
43 39 -0.0872851
44 39 0.206036
57 39 0.106398
58 39 -0.0971141
59 39 -0.143535
135 39 0.060416
136 39 0.191938
137 39 -0.0758288
1611 39 -0.0949952
1612 39 0.0910462
1613 39 0.0466691
1614 39 -0.0385125
1615 39 -0.209687
1616 39 0.0286378
1671 39 -0.0446737
1672 39 -0.0632868
1673 39 -0.00816978
1674 39 -0.0859891
1675 39 0.166726
1676 39 0.177988
1689 39 0.0352396
1690 39 0.0044459
1691 39 -0.0144963
1692 39 -0.668473
1693 39 0.00962043
1694 39 -0.238588
36 40 -0.0799751
37 40 0.0693166
38 40 0.0280256
39 40 0.0181102
40 40 0.743351
41 40 -0.0466294
42 40 -0.0259728
43 40 0.0662234
44 40 0.0492464
57 40 -0.101823
58 40 0.0270998
59 40 -0.212934
135 40 0.114861
136 40 -0.133576
137 40 0.0268454
1611 40 0.174459
1612 40 -0.136931
1613 40 -0.0637952
1614 40 -0.066182
1615 40 -0.314075
1616 40 0.110358
1671 40 -0.0911673
1672 40 -0.211703
1673 40 -0.0364036
1674 40 0.0444224
1675 40 -0.0912515
1676 40 -0.0786277
1689 40 0.00721141
1690 40 -0.0371272
1691 40 0.222875
1692 40 0.00672647
1693 40 0.0354399
1694 40 0.000783773
36 41 0.209032
37 41 0.0426344
38 41 0.00737201
39 41 -0.00230183
40 41 -0.0466294
41 41 0.892512
42 41 0.0206266
43 41 0.0301724
44 41 0.00762915
57 41 -0.144851
58 41 -0.211373
59 41 -0.13414
135 41 -0.113996
136 41 0.138598
137 41 0.0736807
1611 41 0.189165
1612 41 -0.218756
1613 41 -0.108828
1614 41 -0.0106241
1615 41 -0.0657046
1616 41 0.0158292
1671 41 0.0703519
1672 41 0.143571
1673 41 0.0322726
1674 41 0.0303754
1675 41 -0.0385134
1676 41 -0.0500918
1689 41 -0.0199842
1690 41 0.229501
1691 41 -0.675892
1692 41 -0.235238
1693 41 0.00184134
1694 41 -0.044869
39 42 -0.0766566
40 42 -0.0259728
41 42 0.0206266
42 42 0.905064
43 42 0.0193279
44 42 0.000658044
45 42 -0.0735895
46 42 -0.0903989
47 42 0.205917
60 42 0.110275
61 42 -0.0968437
62 42 -0.141452
138 42 0.0535904
139 42 0.196542
140 42 -0.0746856
1614 42 -0.0988302
1615 42 0.090423
1616 42 0.047914
1617 42 -0.035038
1618 42 -0.206779
1619 42 0.0248324
1674 42 -0.0421797
1675 42 -0.0575884
1676 42 -0.00803693
1677 42 -0.0869289
1678 42 0.164004
1679 42 0.180556
1692 42 0.0330136
1693 42 0.00803174
1694 42 -0.0232699
1695 42 -0.670638
1696 42 -0.00363404
1697 42 -0.235042
39 43 -0.0872851
40 43 0.0662234
41 43 0.0301724
42 43 0.0193279
43 43 0.747865
44 43 -0.0492575
45 43 -0.0268979
46 43 0.0644083
47 43 0.0519211
60 43 -0.0985603
61 43 0.0286048
62 43 -0.212967
138 43 0.120566
139 43 -0.128888
140 43 0.0237087
1614 43 0.171946
1615 43 -0.131638
1616 43 -0.0606875
1617 43 -0.0598441
1618 43 -0.320061
1619 43 0.10674
1674 43 -0.0876738
1675 43 -0.217107
1676 43 -0.0414866
1677 43 0.043129
1678 43 -0.0871856
1679 43 -0.0755259
1692 43 0.00990576
1693 43 -0.0428962
1694 43 0.231002
1695 43 -0.00302103
1696 43 0.0340823
1697 43 -0.00198799
39 44 0.206036
40 44 0.0492464
41 44 0.00762915
42 44 0.000658044
43 44 -0.0492575
44 44 0.887537
45 44 0.020227
46 44 0.030888
47 44 0.00729203
60 44 -0.142326
61 44 -0.210994
62 44 -0.137351
138 44 -0.11502
139 44 0.132571
140 44 0.0757537
1614 44 0.194681
1615 44 -0.21604
1616 44 -0.111783
1617 44 -0.00928812
1618 44 -0.0675108
1619 44 0.0158848
1674 44 0.0655596
1675 44 0.13974
1676 44 0.0342943
1677 44 0.0315722
1678 44 -0.0385115
1679 44 -0.0530882
1692 44 -0.0259942
1693 44 0.235158
1694 44 -0.667857
1695 44 -0.231987
1696 44 -0.00193259
1697 44 -0.0427089
42 45 -0.0735895
43 45 -0.0268979
44 45 0.020227
45 45 0.297608
46 45 -0.00623076
47 45 0.021307
63 45 0.0554529
64 45 -0.063804
65 45 -0.0352506
141 45 0.0182981
142 45 0.0909191
143 45 0.0143974
1617 45 -0.0727034
1618 45 0.0667778
1619 45 0.0402716
1677 45 -0.040799
1678 45 -0.0546068
1679 45 -0.00726207
1695 45 0.0329058
1696 45 0.0108775
1697 45 -0.0317361
1698 45 -0.199101
1699 45 -0.017261
1700 45 -0.0216654
42 46 -0.0903989
43 46 0.0644083
44 46 0.030888
45 46 -0.00623076
46 46 0.348126
47 46 -0.156918
63 46 -0.0319338
64 46 0.0135565
65 46 -0.0165067
141 46 0.121948
142 46 -0.0778293
143 46 -0.0110064
1617 46 0.0345008
1618 46 -0.0566178
1619 46 -0.0341718
1677 46 -0.0863531
1678 46 -0.219008
1679 46 -0.041894
1695 46 0.0110056
1696 46 -0.0441848
1697 46 0.234517
1698 46 0.0475584
1699 46 -0.0103893
1700 46 -0.00381126
42 47 0.205917
43 47 0.0519211
44 47 0.00729203
45 47 0.021307
46 47 -0.156918
47 47 0.764703
63 47 -0.105628
64 47 -0.196757
65 47 -0.0703156
141 47 -0.100671
142 47 0.145271
143 47 0.0595554
1617 47 0.152714
1618 47 -0.192992
1619 47 -0.0961514
1677 47 0.0638649
1678 47 0.139203
1679 47 0.0342682
1695 47 -0.0311227
1696 47 0.235885
1697 47 -0.666052
1698 47 -0.207148
1699 47 -0.0286953
1700 47 -0.0157247
48 48 0.810775
49 48 -0.00308612
50 48 0.129466
51 48 -0.0825576
52 48 -0.0681055
53 48 0.211179
69 48 0.0464001
70 48 -0.11893
71 48 -0.147384
150 48 0.0752695
151 48 0.187736
152 48 -0.0844204
1620 48 -0.0480898
1621 48 -0.223842
1622 48 0.0464346
1680 48 -0.051011
1681 48 -0.043105
1682 48 0.00176828
1683 48 -0.0774931
1684 48 0.17811
1685 48 0.170508
1704 48 0.0156429
1705 48 0.0478947
1706 48 -0.100753
1707 48 -0.671473
1708 48 0.0443165
1709 48 -0.228206
48 49 -0.00308612
49 49 0.587187
50 49 -0.044311
51 49 -0.0135405
52 49 0.0774347
53 49 0.0325594
69 49 0.00877053
70 49 0.0131904
71 49 -0.079758
150 49 0.184755
151 49 -0.180038
152 49 0.158247
1620 49 -0.041599
1621 49 -0.169655
1622 49 0.0241255
1680 49 -0.22451
1681 49 -0.165457
1682 49 -0.0307648
1683 49 0.0886952
1684 49 -0.165878
1685 49 -0.227965
1704 49 -0.0421587
1705 49 -0.0103095
1706 49 0.156399
1707 49 0.0434678
1708 49 0.0324494
1709 49 0.0139369
48 50 0.129466
49 50 -0.044311
50 50 0.464487
51 50 0.0231824
52 50 0.0245887
53 50 0.00571945
69 50 -0.00599272
70 50 -0.128396
71 50 -0.0581514
150 50 -0.082081
151 50 0.156811
152 50 0.103124
1620 50 0.000764222
1621 50 -0.0331049
1622 50 -0.00930064
1680 50 0.0506212
1681 50 0.0269522
1682 50 -0.0106272
1683 50 0.0379226
1684 50 -0.0629541
1685 50 -0.0957994
1704 50 0.07971
1705 50 0.0446768
1706 50 -0.342983
1707 50 -0.233793
1708 50 0.0135539
1709 50 -0.0399113
33 51 0.0508057
34 51 0.0119099
35 51 -0.00210376
48 51 -0.0825576
49 51 -0.0135405
50 51 0.0231824
51 51 1.03572
52 51 -0.00402562
53 51 -0.123469
54 51 -0.162618
55 51 -0.0915182
56 51 0.232549
72 51 0.0962936
73 51 -0.10658
74 51 -0.152273
153 51 0.0712886
154 51 0.191703
155 51 -0.0813799
1608 51 0.0147372
1609 51 -0.046398
1610 51 0.0830675
1620 51 -0.0813191
1621 51 0.0865127
1622 51 0.0399886
1623 51 -0.0580144
1624 51 -0.256645
1625 51 0.0262377
1683 51 -0.0625725
1684 51 -0.0788418
1685 51 -0.0166533
1686 51 -0.168963
1687 51 0.262921
1688 51 0.217617
1707 51 0.0343518
1708 51 0.00375065
1709 51 -0.0126119
1710 51 -0.669367
1711 51 0.0394943
1712 51 -0.23475
33 52 -0.113198
34 52 0.0124718
35 52 -0.131294
48 52 -0.0681055
49 52 0.0774347
50 52 0.0245887
51 52 -0.00402562
52 52 1.26336
53 52 0.0366234
54 52 -0.0910525
55 52 0.149692
56 52 0.0605893
72 52 -0.108431
73 52 0.0288883
74 52 -0.208654
153 52 0.189893
154 52 -0.178782
155 52 0.151736
1608 52 0.0503066
1609 52 -0.0171113
1610 52 0.0587632
1620 52 0.175842
1621 52 -0.156053
1622 52 -0.0626822
1623 52 -0.0736495
1624 52 -0.432449
1625 52 0.09001
1683 52 -0.260799
1684 52 -0.426952
1685 52 0.040444
1686 52 0.261496
1687 52 -0.308606
1688 52 -0.285866
1707 52 0.00568098
1708 52 -0.0288586
1709 52 0.211441
1710 52 0.0386917
1711 52 0.0327925
1712 52 0.0132807
33 53 -0.14376
34 53 -0.0824878
35 53 -0.0624655
48 53 0.211179
49 53 0.0325594
50 53 0.00571945
51 53 -0.123469
52 53 0.0366234
53 53 1.37141
54 53 0.231918
55 53 0.0624707
56 53 0.013935
72 53 -0.152571
73 53 -0.206083
74 53 -0.124725
153 53 -0.0829096
154 53 0.152628
155 53 0.107676
1608 53 -0.0977252
1609 53 0.159288
1610 53 -0.338943
1620 53 0.177708
1621 53 -0.227736
1622 53 -0.101949
1623 53 -0.0190808
1624 53 0.0324826
1625 53 0.038047
1683 53 0.0331704
1684 53 0.0993361
1685 53 0.034953
1686 53 0.217935
1687 53 -0.283761
1688 53 -0.20026
1707 53 -0.0177027
1708 53 0.214251
1709 53 -0.683739
1710 53 -0.236511
1711 53 0.0125425
1712 53 -0.0429417
0 54 0.0609555
1 54 0.198342
2 54 -0.0821779
36 54 0.102975
37 54 -0.103169
38 54 -0.1468
51 54 -0.162618
52 54 -0.0910525
53 54 0.231918
54 54 1.82733
55 54 -0.00483899
56 54 0.00097567
57 54 -0.160161
58 54 -0.102497
59 54 0.228727
75 54 0.100852
76 54 -0.102148
77 54 -0.149987
156 54 0.0614991
157 54 0.198789
158 54 -0.0802327
1608 54 -0.666253
1609 54 0.0270067
1610 54 -0.238233
1611 54 0.0339225
1612 54 0.0033598
1613 54 -0.0154716
1623 54 -0.17366
1624 54 0.261775
1625 54 0.225808
1626 54 -0.0946599
1627 54 -0.288423
1628 54 0.0222234
1686 54 -0.0999237
1687 54 -0.295207
1688 54 0.0254113
1689 54 -0.178641
1690 54 0.263478
1691 54 0.227506
1710 54 0.036699
1711 54 0.0031859
1712 54 -0.0146146
1713 54 -0.669147
1714 54 0.0272077
1715 54 -0.235251
0 55 0.198
1 55 -0.174553
2 55 0.145385
36 55 -0.101064
37 55 0.0264682
38 55 -0.209188
51 55 -0.0915182
52 55 0.149692
53 55 0.0624707
54 55 -0.00483899
55 55 1.82532
56 55 -0.0058343
57 55 -0.101892
58 55 0.14341
59 55 0.0667398
75 55 -0.105541
76 55 0.0296158
77 55 -0.209223
156 55 0.19816
157 55 -0.175931
158 55 0.143576
1608 55 0.0287489
1609 55 0.0332125
1610 55 0.00888224
1611 55 0.00637585
1612 55 -0.0365331
1613 55 0.226373
1623 55 0.262423
1624 55 -0.295692
1625 55 -0.284257
1626 55 -0.285832
1627 55 -0.615075
1628 55 0.0479339
1686 55 -0.294538
1687 55 -0.608742
1688 55 0.0543521
1689 55 0.261106
1690 55 -0.288522
1691 55 -0.282494
1710 55 0.00456313
1711 55 -0.0338406
1712 55 0.222137
1713 55 0.0277614
1714 55 0.0347636
1715 55 0.00897559
0 56 -0.0828657
1 56 0.145007
2 56 0.113404
36 56 -0.145975
37 56 -0.214007
38 56 -0.129474
51 56 0.232549
52 56 0.0605893
53 56 0.013935
54 56 0.00097567
55 56 -0.0058343
56 56 1.82589
57 56 0.227475
58 56 0.0702782
59 56 0.0190209
75 56 -0.149713
76 56 -0.207404
77 56 -0.130473
156 56 -0.0827754
157 56 0.144375
158 56 0.114272
1608 56 -0.238082
1609 56 0.00951068
1610 56 -0.0455809
1611 56 -0.0120914
1612 56 0.22033
1613 56 -0.678164
1623 56 0.223858
1624 56 -0.285086
1625 56 -0.211678
1626 56 0.0223613
1627 56 0.0504482
1628 56 0.0299387
1686 56 0.025428
1687 56 0.0573431
1688 56 0.0299512
1689 56 0.230762
1690 56 -0.282409
1691 56 -0.210864
1710 56 -0.0145087
1711 56 0.224683
1712 56 -0.678509
1713 56 -0.237199
1714 56 0.00752842
1715 56 -0.0426389
3 57 0.051667
4 57 0.204454
5 57 -0.0821938
39 57 0.106398
40 57 -0.101823
41 57 -0.144851
54 57 -0.160161
55 57 -0.101892
56 57 0.227475
57 57 1.82163
58 57 0.00227811
59 57 0.000135387
60 57 -0.154629
61 57 -0.111571
62 57 0.225006
78 57 0.103835
79 57 -0.0983131
80 57 -0.146345
159 57 0.0528334
160 57 0.204131
161 57 -0.0808772
1611 57 -0.665729
1612 57 0.0129571
1613 57 -0.233864
1614 57 0.0349217
1615 57 0.00828365
1616 57 -0.0229314
1626 57 -0.183385
1627 57 0.262301
1628 57 0.23395
1629 57 -0.0818404
1630 57 -0.277201
1631 57 0.0170772
1689 57 -0.0867647
1690 57 -0.283432
1691 57 0.0198532
1692 57 -0.188481
1693 57 0.260379
1694 57 0.237186
1713 57 0.0352957
1714 57 0.00582814
1715 57 -0.0163787
1716 57 -0.669631
1717 57 0.0154637
1718 57 -0.235044
3 58 0.205346
4 58 -0.169826
5 58 0.138171
39 58 -0.0971141
40 58 0.0270998
41 58 -0.211373
54 58 -0.102497
55 58 0.14341
56 58 0.0702782
57 58 0.00227811
58 58 1.82979
59 58 -0.00139903
60 58 -0.113563
61 58 0.135156
62 58 0.0748172
78 58 -0.102046
79 58 0.0335118
80 58 -0.210702
159 58 0.203957
160 58 -0.17063
161 58 0.138848
1611 58 0.0151485
1612 58 0.0355502
1613 58 0.00378793
1614 58 0.00707737
1615 58 -0.0413577
1616 58 0.235314
1626 58 0.259667
1627 58 -0.279672
1628 58 -0.279827
1629 58 -0.275153
1630 58 -0.629715
1631 58 0.0393885
1689 58 -0.283241
1690 58 -0.624012
1691 58 0.0451361
1692 58 0.260726
1693 58 -0.267648
1694 58 -0.277334
1713 58 0.00695912
1714 58 -0.0421397
1715 58 0.230108
1716 58 0.0147559
1717 58 0.0349724
1718 58 0.00346401
3 59 -0.0825144
4 59 0.137558
5 59 0.118945
39 59 -0.143535
40 59 -0.212934
41 59 -0.13414
54 59 0.228727
55 59 0.0667398
56 59 0.0190209
57 59 0.000135387
58 59 -0.00139903
59 59 1.82712
60 59 0.224959
61 59 0.0808592
62 59 0.0197074
78 59 -0.147201
79 59 -0.208127
80 59 -0.134381
159 59 -0.0839791
160 59 0.139066
161 59 0.117967
1611 59 -0.238066
1612 59 0.00434428
1613 59 -0.0462074
1614 59 -0.0170656
1615 59 0.227468
1616 59 -0.671089
1626 59 0.232767
1627 59 -0.281706
1628 59 -0.219054
1629 59 0.0169759
1630 59 0.0403382
1631 59 0.0308715
1689 59 0.0212862
1690 59 0.0462118
1691 59 0.030584
1692 59 0.242179
1693 59 -0.282434
1694 59 -0.221717
1713 59 -0.0193058
1714 59 0.234747
1715 59 -0.671775
1716 59 -0.23193
1717 59 0.00406987
1718 59 -0.0421128
6 60 0.0443061
7 60 0.210474
8 60 -0.0829604
42 60 0.110275
43 60 -0.0985603
44 60 -0.142326
57 60 -0.154629
58 60 -0.113563
59 60 0.224959
60 60 1.82557
61 60 -0.00210631
62 60 0.00176265
63 60 -0.148868
64 60 -0.117713
65 60 0.22562
81 60 0.108435
82 60 -0.0968404
83 60 -0.143522
162 60 0.0440872
163 60 0.209207
164 60 -0.0826067
1614 60 -0.667254
1615 60 0.00418453
1616 60 -0.234758
1617 60 0.0331764
1618 60 0.00910549
1619 60 -0.0274887
1629 60 -0.193319
1630 60 0.260908
1631 60 0.244663
1632 60 -0.0719847
1633 60 -0.270153
1634 60 0.0131896
1692 60 -0.074572
1693 60 -0.270315
1694 60 0.0164607
1695 60 -0.196945
1696 60 0.257763
1697 60 0.243916
1716 60 0.0334385
1717 60 0.00886703
1718 60 -0.0231129
1719 60 -0.671042
1720 60 0.00415453
1721 60 -0.231706
6 61 0.2096
7 61 -0.164533
8 61 0.134256
42 61 -0.0968437
43 61 0.0286048
44 61 -0.210994
57 61 -0.111571
58 61 0.135156
59 61 0.0808592
60 61 -0.00210631
61 61 1.82874
62 61 0.000786336
63 61 -0.11499
64 61 0.13192
65 61 0.080287
81 61 -0.0990971
82 61 0.0337599
83 61 -0.2107
162 61 0.209023
163 61 -0.164742
164 61 0.135359
1614 61 0.00327529
1615 61 0.0341397
1616 61 -0.000594791
1617 61 0.0095039
1618 61 -0.0455775
1619 61 0.237479
1629 61 0.257996
1630 61 -0.261403
1631 61 -0.276999
1632 61 -0.266213
1633 61 -0.638908
1634 61 0.0334537
1692 61 -0.269438
1693 61 -0.63667
1694 61 0.0361782
1695 61 0.261392
1696 61 -0.257014
1697 61 -0.275727
1716 61 0.0103371
1717 61 -0.0467085
1718 61 0.235684
1719 61 0.00519387
1720 61 0.0328565
1721 61 0.00175623
6 62 -0.0825626
7 62 0.133103
8 62 0.120671
42 62 -0.141452
43 62 -0.212967
44 62 -0.137351
57 62 0.225006
58 62 0.0748172
59 62 0.0197074
60 62 0.00176265
61 62 0.000786336
62 62 1.82422
63 62 0.224382
64 62 0.0819398
65 62 0.0169815
81 62 -0.144497
82 62 -0.20865
83 62 -0.138729
162 62 -0.0847426
163 62 0.134295
164 62 0.120354
1614 62 -0.235949
1615 62 0.00321065
1616 62 -0.0464995
1617 62 -0.0293236
1618 62 0.237246
1619 62 -0.665895
1629 62 0.24142
1630 62 -0.276363
1631 62 -0.227789
1632 62 0.0151105
1633 62 0.0376714
1634 62 0.0329
1692 62 0.0170127
1693 62 0.0383002
1694 62 0.0325001
1695 62 0.247984
1696 62 -0.274706
1697 62 -0.227714
1716 62 -0.0270764
1717 62 0.240105
1718 62 -0.664788
1719 62 -0.232601
1720 62 0.00133235
1721 62 -0.0430179
45 63 0.0554529
46 63 -0.0319338
47 63 -0.105628
60 63 -0.148868
61 63 -0.11499
62 63 0.224382
63 63 1.36507
64 63 0.0865134
65 63 0.00244819
66 63 -0.0680572
67 63 -0.0949819
68 63 0.204592
84 63 0.109487
85 63 -0.0959364
86 63 -0.142874
165 63 0.0354344
166 63 0.21409
167 63 -0.0823175
1617 63 -0.334402
1618 63 0.0874035
1619 63 -0.190153
1632 63 -0.125585
1633 63 0.223073
1634 63 0.0972269
1635 63 -0.0311492
1636 63 -0.20311
1637 63 0.0200053
1695 63 -0.0655351
1696 63 -0.260077
1697 63 0.014467
1698 63 -0.129746
1699 63 0.190525
1700 63 0.212262
1719 63 0.0309863
1720 63 0.0126814
1721 63 -0.0337309
1722 63 -0.677389
1723 63 -0.00797211
1724 63 -0.225985
45 64 -0.063804
46 64 0.0135565
47 64 -0.196757
60 64 -0.117713
61 64 0.13192
62 64 0.0819398
63 64 0.0865134
64 64 1.28199
65 64 0.0967789
66 64 -0.0287773
67 64 0.0607252
68 64 0.0571379
84 64 -0.0977284
85 64 0.033759
86 64 -0.211307
165 64 0.214947
166 64 -0.159888
167 64 0.129395
1617 64 -0.0927148
1618 64 0.0181344
1619 64 -0.0105574
1632 64 0.189562
1633 64 -0.191123
1634 64 -0.0825653
1635 64 -0.0547717
1636 64 -0.325023
1637 64 0.101851
1695 64 -0.261466
1696 64 -0.646143
1697 64 0.0379259
1698 64 0.222867
1699 64 -0.182644
1700 64 -0.241153
1719 64 0.012429
1720 64 -0.0503926
1721 64 0.241404
1722 64 -0.00866229
1723 64 0.0355324
1724 64 -0.00457753
45 65 -0.0352506
46 65 -0.0165067
47 65 -0.0703156
60 65 0.22562
61 65 0.080287
62 65 0.0169815
63 65 0.00244819
64 65 0.0967789
65 65 1.02343
66 65 0.0209534
67 65 0.0337991
68 65 0.00463751
84 65 -0.143573
85 65 -0.208914
86 65 -0.139811
165 65 -0.0841905
166 65 0.127777
167 65 0.124597
1617 65 -0.0422664
1618 65 0.0076982
1619 65 -0.0202037
1632 65 0.207826
1633 65 -0.242066
1634 65 -0.136084
1635 65 -0.00894348
1636 65 -0.0693981
1637 65 0.0157715
1695 65 0.0132686
1696 65 0.0348905
1697 65 0.033205
1698 65 0.0992181
1699 65 -0.0859953
1700 65 -0.139192
1719 65 -0.0343749
1720 65 0.243105
1721 65 -0.659305
1722 65 -0.221603
1723 65 -0.00333187
1724 65 -0.0353844
63 66 -0.0680572
64 66 -0.0287773
65 66 0.0209534
66 66 0.484961
67 66 -0.0909278
68 66 -0.0065077
87 66 0.0550343
88 66 -0.0667999
89 66 -0.0379579
168 66 0.0249179
169 66 0.2198
170 66 -0.0837559
1635 66 -0.0718154
1636 66 0.0628525
1637 66 0.0416744
1698 66 -0.0258677
1699 66 -0.0488506
1700 66 -0.00764228
1701 66 -0.0724869
1702 66 0.0332193
1703 66 0.157923
1722 66 0.0307756
1723 66 0.0173394
1724 66 -0.0470318
1725 66 -0.339075
1726 66 -0.0967017
1727 66 -0.038767
63 67 -0.0949819
64 67 0.0607252
65 67 0.0337991
66 67 -0.0909278
67 67 0.561138
68 67 -0.100217
87 67 -0.0301526
88 67 0.0174733
89 67 -0.0143832
168 67 0.219887
169 67 -0.151669
170 67 0.124721
1635 67 0.0314133
1636 67 -0.0516572
1637 67 -0.0337005
1698 67 -0.198652
1699 67 -0.328799
1700 67 -0.0708096
1701 67 0.0626782
1702 67 -0.0529257
1703 67 -0.188993
1722 67 0.0174331
1723 67 -0.0536816
1724 67 0.246253
1725 67 0.0834848
1726 67 0.0159996
1727 67 0.005529
63 68 0.204592
64 68 0.0571379
65 68 0.00463751
66 68 -0.0065077
67 68 -0.100217
68 68 0.816349
87 68 -0.106762
88 68 -0.193533
89 68 -0.0717395
168 68 -0.0843031
169 68 0.123511
170 68 0.126859
1635 68 0.155018
1636 68 -0.191009
1637 68 -0.103342
1698 68 0.0204559
1699 68 0.104503
1700 68 0.0174062
1701 68 0.0417281
1702 68 -0.0341723
1703 68 -0.10205
1722 68 -0.0470469
1723 68 0.246269
1724 68 -0.65556
1725 68 -0.180443
1726 68 -0.0110022
1727 68 -0.0173368
48 69 0.0464001
49 69 0.00877053
50 69 -0.00599272
69 69 0.921938
70 69 -0.00227053
71 69 -0.000286537
72 69 -0.160019
73 69 -0.0844826
74 69 0.236227
90 69 0.0437324
91 69 -0.118079
92 69 -0.149947
177 69 0.0768776
178 69 0.187868
179 69 -0.0806952
1620 69 0.0157608
1621 69 -0.0433859
1622 69 0.0800096
1638 69 -0.0560437
1639 69 -0.259582
1640 69 0.0361836
1704 69 -0.0595334
1705 69 -0.0429449
1706 69 -0.00350242
1707 69 -0.154606
1708 69 0.260382
1709 69 0.211902
1728 69 0.0156222
1729 69 0.0488899
1730 69 -0.0991225
1731 69 -0.674228
1732 69 0.047431
1733 69 -0.226236
48 70 -0.11893
49 70 0.0131904
50 70 -0.128396
69 70 -0.00227053
70 70 0.924313
71 70 -0.0048605
72 70 -0.0828404
73 70 0.152639
74 70 0.0591178
90 70 0.00722684
91 70 0.0149293
92 70 -0.0785658
177 70 0.1847
178 70 -0.184536
179 70 0.153933
1620 70 0.0497426
1621 70 -0.0146837
1622 70 0.0532689
1638 70 -0.0411436
1639 70 -0.29675
1640 70 0.0030708
1704 70 -0.261845
1705 70 -0.291112
1706 70 0.0646762
1707 70 0.259394
1708 70 -0.320217
1709 70 -0.293183
1728 70 -0.0412918
1729 70 -0.0128116
1730 70 0.157205
1731 70 0.0468735
1732 70 0.031942
1733 70 0.0136824
48 71 -0.147384
49 71 -0.079758
50 71 -0.0581514
69 71 -0.000286537
70 71 -0.0048605
71 71 0.92022
72 71 0.236422
73 71 0.0593721
74 71 0.00556457
90 71 -0.007453
91 71 -0.127615
92 71 -0.0576415
177 71 -0.0797645
178 71 0.154455
179 71 0.107523
1620 71 -0.0999875
1621 71 0.159361
1622 71 -0.34067
1638 71 -0.0042564
1639 71 0.06287
1640 71 0.0131479
1704 71 0.0397261
1705 71 0.00644463
1706 71 0.0116084
1707 71 0.212358
1708 71 -0.293439
1709 71 -0.204031
1728 71 0.0780248
1729 71 0.0483212
1730 71 -0.343112
1731 71 -0.227383
1732 71 0.0132384
1733 71 -0.0355865
9 72 0.06754
10 72 0.194151
11 72 -0.0801666
51 72 0.0962936
52 72 -0.108431
53 72 -0.152571
69 72 -0.160019
70 72 -0.0828404
71 72 0.236422
72 72 1.82554
73 72 -0.00361905
74 72 0.000291223
75 72 -0.159935
76 72 -0.0940452
77 72 0.230974
93 72 0.0935278
94 72 -0.106102
95 72 -0.155198
180 72 0.0695484
181 72 0.193387
182 72 -0.0792885
1620 72 -0.670418
1621 72 0.0378742
1622 72 -0.23262
1623 72 0.0335592
1624 72 0.00548812
1625 72 -0.0165359
1638 72 -0.159188
1639 72 0.257268
1640 72 0.217337
1641 72 -0.10689
1642 72 -0.300014
1643 72 0.0242244
1707 72 -0.112187
1708 72 -0.303394
1709 72 0.030446
1710 72 -0.161898
1711 72 0.25564
1712 72 0.219382
1731 72 0.033325
1732 72 0.00587866
1733 72 -0.0157085
1734 72 -0.670519
1735 72 0.0426044
1736 72 -0.229222
9 73 0.195173
10 73 -0.181905
11 73 0.145947
51 73 -0.10658
52 73 0.0288883
53 73 -0.206083
69 73 -0.0844826
70 73 0.152639
71 73 0.0593721
72 73 -0.00361905
73 73 1.83181
74 73 -0.00321116
75 73 -0.0920765
76 73 0.150338
77 73 0.0611246
93 73 -0.109915
94 73 0.0333959
95 73 -0.2057
180 73 0.19269
181 73 -0.182572
182 73 0.145111
1620 73 0.0419846
1621 73 0.0325236
1622 73 0.0122584
1623 73 0.00313501
1624 73 -0.0337565
1625 73 0.222948
1638 73 0.259364
1639 73 -0.309147
1640 73 -0.290377
1641 73 -0.297675
1642 73 -0.603015
1643 73 0.0509801
1707 73 -0.303313
1708 73 -0.595834
1709 73 0.0612915
1710 73 0.257888
1711 73 -0.305692
1712 73 -0.288952
1731 73 0.00715404
1732 73 -0.0313386
1733 73 0.218137
1734 73 0.0412741
1735 73 0.0313521
1736 73 0.0141464
9 74 -0.0801041
10 74 0.145607
11 74 0.113059
51 74 -0.152273
52 74 -0.208654
53 74 -0.124725
69 74 0.236227
70 74 0.0591178
71 74 0.00556457
72 74 0.000291223
73 74 -0.00321116
74 74 1.82118
75 74 0.231204
76 74 0.0644204
77 74 0.0149879
93 74 -0.154689
94 74 -0.204685
95 74 -0.124436
180 74 -0.0778538
181 74 0.147132
182 74 0.115043
1620 74 -0.231429
1621 74 0.0129637
1622 74 -0.0404528
1623 74 -0.0104901
1624 74 0.220934
1625 74 -0.675483
1638 74 0.216869
1639 74 -0.292814
1640 74 -0.211368
1641 74 0.0254004
1642 74 0.0540189
1643 74 0.0301691
1707 74 0.0298396
1708 74 0.0620369
1709 74 0.0295658
1710 74 0.219986
1711 74 -0.288788
1712 74 -0.212977
1731 74 -0.0229354
1732 74 0.218394
1733 74 -0.678918
1734 74 -0.229653
1735 74 0.0140691
1736 74 -0.0416521
12 75 0.0617558
13 75 0.198989
14 75 -0.0792506
54 75 0.100852
55 75 -0.105541
56 75 -0.149713
72 75 -0.159935
73 75 -0.0920765
74 75 0.231204
75 75 1.82469
76 75 -0.00269472
77 75 0.00492821
78 75 -0.159761
79 75 -0.102172
80 75 0.229312
96 75 0.0980985
97 75 -0.101157
98 75 -0.152829
183 75 0.0636072
184 75 0.198528
185 75 -0.0772253
1623 75 -0.66799
1624 75 0.0343139
1625 75 -0.234309
1626 75 0.0345177
1627 75 0.00576841
1628 75 -0.0167716
1641 75 -0.168767
1642 75 0.258715
1643 75 0.226959
1644 75 -0.0971437
1645 75 -0.295031
1646 75 0.0186884
1710 75 -0.102597
1711 75 -0.294504
1712 75 0.0244987
1713 75 -0.173113
1714 75 0.256693
1715 75 0.2267
1734 75 0.0347288
1735 75 0.00427944
1736 75 -0.0182243
1737 75 -0.669911
1738 75 0.0334526
1739 75 -0.231771
12 76 0.199551
13 76 -0.179016
14 76 0.141449
54 76 -0.102148
55 76 0.0296158
56 76 -0.207404
72 76 -0.0940452
73 76 0.150338
74 76 0.0644204
75 76 -0.00269472
76 76 1.82965
77 76 -0.00200076
78 76 -0.0989306
79 76 0.14357
80 76 0.067803
96 76 -0.103446
97 76 0.0356996
98 76 -0.206587
183 76 0.197828
184 76 -0.180723
185 76 0.140358
1623 76 0.0336538
1624 76 0.0330578
1625 76 0.010613
1626 76 0.00506991
1627 76 -0.0395709
1628 76 0.229951
1641 76 0.255313
1642 76 -0.291938
1643 76 -0.28667
1644 76 -0.290217
1645 76 -0.612565
1646 76 0.0411733
1710 76 -0.298524
1711 76 -0.607752
1712 76 0.0516185
1713 76 0.259809
1714 76 -0.287822
1715 76 -0.288512
1734 76 0.00651661
1735 76 -0.0406881
1736 76 0.229694
1737 76 0.0336577
1738 76 0.0336058
1739 76 0.0113231
12 77 -0.0794781
13 77 0.140706
14 77 0.117044
54 77 -0.149987
55 77 -0.209223
56 77 -0.130473
72 77 0.230974
73 77 0.0611246
74 77 0.0149879
75 77 0.00492821
76 77 -0.00200076
77 77 1.8242
78 77 0.229298
79 77 0.0704237
80 77 0.0162398
96 77 -0.152484
97 77 -0.205733
98 77 -0.133792
183 77 -0.0783821
184 77 0.14154
185 77 0.118343
1623 77 -0.234579
1624 77 0.0117589
1625 77 -0.0451052
1626 77 -0.0176691
1627 77 0.229479
1628 77 -0.672418
1641 77 0.225416
1642 77 -0.286413
1643 77 -0.21891
1644 77 0.0207121
1645 77 0.0463662
1646 77 0.0316897
1710 77 0.0221105
1711 77 0.0490203
1712 77 0.0298743
1713 77 0.230553
1714 77 -0.284882
1715 77 -0.219211
1734 77 -0.0190079
1735 77 0.230747
1736 77 -0.672929
1737 77 -0.23416
1738 77 0.00892182
1739 77 -0.0420175
15 78 0.0544509
16 78 0.203301
17 78 -0.0805237
57 78 0.103835
58 78 -0.102046
59 78 -0.147201
75 78 -0.159761
76 78 -0.0989306
77 78 0.229298
78 78 1.82607
79 78 0.000695819
80 78 -0.00319761
81 78 -0.155575
82 78 -0.111538
83 78 0.22564
99 78 0.102281
100 78 -0.0990272
101 78 -0.148943
186 78 0.0544636
187 78 0.204036
188 78 -0.0779151
1626 78 -0.669025
1627 78 0.0229704
1628 78 -0.235399
1629 78 0.033485
1630 78 0.00940668
1631 78 -0.0229773
1644 78 -0.177699
1645 78 0.258913
1646 78 0.236557
1647 78 -0.0855063
1648 78 -0.282259
1649 78 0.015851
1713 78 -0.092103
1714 78 -0.28428
1715 78 0.0184215
1716 78 -0.183603
1717 78 0.256723
1718 78 0.238405
1737 78 0.0331003
1738 78 0.00737803
1739 78 -0.018921
1740 78 -0.670577
1741 78 0.0220249
1742 78 -0.233298
15 79 0.203767
16 79 -0.174957
17 79 0.137218
57 79 -0.0983131
58 79 0.0335118
59 79 -0.208127
75 79 -0.102172
76 79 0.14357
77 79 0.0704237
78 79 0.000695819
79 79 1.82734
80 79 -0.00463983
81 79 -0.112118
82 79 0.135305
83 79 0.0735541
99 79 -0.101535
100 79 0.037686
101 79 -0.20783
186 79 0.204502
187 79 -0.176183
188 79 0.135167
1626 79 0.022856
1627 79 0.0343516
1628 79 0.00615687
1629 79 0.0089885
1630 79 -0.0481332
1631 79 0.241072
1644 79 0.255728
1645 79 -0.274848
1646 79 -0.2835
1647 79 -0.278888
1648 79 -0.625935
1649 79 0.0351986
1713 79 -0.286066
1714 79 -0.620878
1715 79 0.0400548
1716 79 0.256162
1717 79 -0.265197
1718 79 -0.27941
1737 79 0.00813558
1738 79 -0.0466185
1739 79 0.236545
1740 79 0.020731
1741 79 0.0343594
1742 79 0.00557989
15 80 -0.0800739
16 80 0.136662
17 80 0.120487
57 80 -0.146345
58 80 -0.210702
59 80 -0.134381
75 80 0.229312
76 80 0.067803
77 80 0.0162398
78 80 -0.00319761
79 80 -0.00463983
80 80 1.82514
81 80 0.225307
82 80 0.0795988
83 80 0.0200551
99 80 -0.150088
100 80 -0.205379
101 80 -0.136848
186 80 -0.0799925
187 80 0.13585
188 80 0.121404
1626 80 -0.23342
1627 80 0.00800315
1628 80 -0.0434279
1629 80 -0.0209122
1630 80 0.236874
1631 80 -0.668063
1644 80 0.233427
1645 80 -0.285672
1646 80 -0.225654
1647 80 0.0162397
1648 80 0.0380642
1649 80 0.0311908
1713 80 0.0178239
