0 0 0.308972
1 0 -0.0465474
2 0 0.0621672
54 0 0.0331218
55 0 0.141031
56 0 -0.183838
1608 0 -0.023293
1609 0 -0.0220335
1610 0 0.0153927
1611 0 -0.0849641
1612 0 0.108024
1613 0 0.122727
1623 0 0.00552665
1624 0 -0.0363253
1625 0 -0.0333176
1626 0 -0.221345
1627 0 -0.145693
1628 0 0.0178535
0 1 -0.0465474
1 1 0.308163
2 1 -0.0615628
54 1 0.141526
55 1 0.032192
56 1 0.183381
1608 1 -0.166469
1609 1 -0.160863
1610 1 0.037601
1611 1 0.0852501
1612 1 -0.151959
1613 1 -0.148706
1623 1 -0.0119909
1624 1 -0.00226959
1625 1 -0.000803239
1626 1 -0.00209214
1627 1 -0.00493408
1628 1 -0.0112673
0 2 0.0621672
1 2 -0.0615628
2 2 0.34129
54 2 -0.182994
55 2 0.18472
56 2 -0.0655805
1608 2 0.132731
1609 2 0.105965
1610 2 -0.040368
1611 2 0.000551227
1612 2 0.00516868
1613 2 0.0125239
1623 2 0.0854881
1624 2 -0.154442
1625 2 -0.230158
1626 2 -0.0982323
1627 2 -0.0819012
1628 2 0.000487625
3 3 0.313327
4 3 -0.0470526
5 3 0.0633708
57 3 0.0193934
58 3 0.14701
59 3 -0.187305
1611 3 -0.01651
1612 3 -0.0174258
1613 3 0.0140362
1614 3 -0.0870749
1615 3 0.10712
1616 3 0.129592
1626 3 0.00791994
1627 3 -0.0384473
1628 3 -0.0378212
1629 3 -0.2186
1630 3 -0.153127
1631 3 0.019207
3 4 -0.0470526
4 4 0.307549
5 4 -0.0606067
57 4 0.147592
58 4 0.0349095
59 4 0.176622
1611 4 -0.163863
1612 4 -0.1676
1613 4 0.0407183
1614 4 0.082622
1615 4 -0.145712
1616 4 -0.148964
1626 4 -0.0131154
1627 4 -0.00133513
1628 4 0.00178974
1629 4 -0.00681494
1630 4 -0.00779105
1631 4 -0.0108279
3 5 0.0633708
4 5 -0.0606067
5 5 0.337549
57 5 -0.187684
58 5 0.178526
59 5 -0.0539262
1611 5 0.127482
1612 5 0.108604
1613 5 -0.0419045
1614 5 0.00313868
1615 5 0.00174713
1616 5 0.00871459
1626 5 0.0866621
1627 5 -0.14919
1628 5 -0.231962
1629 5 -0.0921863
1630 5 -0.0817527
1631 5 3.13853e-05
6 6 0.317551
7 6 -0.0497454
8 6 0.0633485
60 6 0.00587492
61 6 0.152794
62 6 -0.189768
1614 6 -0.00993074
1615 6 -0.0118674
1616 6 0.0122778
1617 6 -0.0895602
1618 6 0.106173
1619 6 0.136791
1629 6 0.00993552
1630 6 -0.0396128
1631 6 -0.042049
1632 6 -0.215655
1633 6 -0.159586
1634 6 0.019869
6 7 -0.0497454
7 7 0.307681
8 7 -0.0579662
60 7 0.152935
61 7 0.035696
62 7 0.171551
1614 7 -0.161181
1615 7 -0.174862
1616 7 0.041437
1617 7 0.082019
1618 7 -0.138244
1619 7 -0.150335
1629 7 -0.0143083
1630 7 -0.000205587
1631 7 0.00487695
1632 7 -0.0102111
1633 7 -0.00978894
1634 7 -0.0103639
6 8 0.0633485
7 8 -0.0579662
8 8 0.333193
60 8 -0.190556
61 8 0.172564
62 8 -0.0411273
1614 8 0.12105
1615 8 0.109405
1616 8 -0.0413257
1617 8 0.00651245
1618 8 -0.00306421
1619 8 0.00319034
1629 8 0.0868612
1630 8 -0.142706
1631 8 -0.234631
1632 8 -0.0866829
1633 8 -0.0809396
1634 8 -0.000654128
9 9 0.305661
10 9 -0.0463499
11 9 0.0596433
72 9 0.0418482
73 9 0.140375
74 9 -0.178219
1620 9 -0.0292404
1621 9 -0.0260429
1622 9 0.0168097
1623 9 -0.079625
1624 9 0.10528
1625 9 0.117824
1638 9 0.00397022
1639 9 -0.0365536
1640 9 -0.0329239
1641 9 -0.22501
1642 9 -0.139475
1643 9 0.0175257
9 10 -0.0463499
10 10 0.310619
11 10 -0.0632633
72 10 0.139776
73 10 0.0256349
74 10 0.188648
1620 10 -0.168916
1621 10 -0.155009
1622 10 0.037956
1623 10 0.083085
1624 10 -0.158966
1625 10 -0.15159
1638 10 -0.0117169
1639 10 -0.00175999
1640 10 -0.00108669
1641 10 0.00425417
1642 10 -0.000701215
1643 10 -0.0118159
9 11 0.0596433
10 11 -0.0632633
11 11 0.342146
72 11 -0.178117
73 11 0.189811
74 11 -0.0666378
1620 11 0.136861
1621 11 0.102861
1622 11 -0.0414462
1623 11 0.000372463
1624 11 0.00605815
1625 11 0.0130396
1638 11 0.0804529
1639 11 -0.158106
1640 11 -0.229555
1641 11 -0.10017
1642 11 -0.07849
1643 11 0.000354023
12 12 0.308758
13 12 -0.0482239
14 12 0.0604566
75 12 0.0326984
76 12 0.145085
77 12 -0.180941
1623 12 -0.0236786
1624 12 -0.0224221
1625 12 0.0153594
1626 12 -0.0831171
1627 12 0.105383
1628 12 0.123455
1641 12 0.00554641
1642 12 -0.0371091
1643 12 -0.0352654
1644 12 -0.2226
1645 12 -0.145175
1646 12 0.0172523
12 13 -0.0482239
13 13 0.31076
14 13 -0.0617247
75 13 0.144831
76 13 0.0249847
77 13 0.185209
1623 13 -0.168972
1624 13 -0.160807
1625 13 0.0377214
1626 13 0.0846722
1627 13 -0.151809
1628 13 -0.152236
1641 13 -0.013019
1642 13 -0.000129565
1643 13 0.00221731
1644 13 0.000949455
1645 13 -0.0022623
1646 13 -0.0114663
12 14 0.0604566
13 14 -0.0617247
14 14 0.338907
75 14 -0.180618
76 14 0.186099
77 14 -0.0576813
1623 14 0.13154
1624 14 0.103455
1625 14 -0.0400574
1626 14 0.00258585
1627 14 0.00202528
1628 14 0.00927203
1641 14 0.0827949
1642 14 -0.152657
1643 14 -0.231858
1644 14 -0.0966913
1645 14 -0.0795736
1646 14 -0.000451878
15 15 0.312517
16 15 -0.0498898
17 15 0.0614476
78 15 0.0213731
79 15 0.15013
80 15 -0.183911
1626 15 -0.0175594
1627 15 -0.0179348
1628 15 0.0139511
1629 15 -0.0860567
1630 15 0.104697
1631 15 0.130058
1644 15 0.00741154
1645 15 -0.0381852
1646 15 -0.0386314
1647 15 -0.219917
1648 15 -0.151623
1649 15 0.0174484
15 16 -0.0498898
16 16 0.310336
17 16 -0.0601195
78 16 0.149557
79 16 0.0265965
80 16 0.180575
1626 16 -0.167337
1627 16 -0.167267
1628 16 0.0384174
1629 16 0.0843165
1630 16 -0.144656
1631 16 -0.152872
1644 16 -0.0141676
1645 16 0.000986585
1646 16 0.00510906
1647 16 -0.00288796
1648 16 -0.00439919
1649 16 -0.0110803
15 17 0.0614476
16 17 -0.0601195
17 17 0.335572
78 17 -0.183907
79 17 0.180889
80 17 -0.0479686
1626 17 0.126341
1627 17 0.10454
1628 17 -0.0396484
1629 17 0.00499726
1630 17 -0.0015481
1631 17 0.00534606
1644 17 0.0842097
1645 17 -0.147063
1646 17 -0.234075
1647 17 -0.0922286
1648 17 -0.0801716
1649 17 -0.00111619
18 18 0.316807
19 18 -0.05138
20 18 0.0619292
81 18 0.00910316
82 18 0.154998
83 18 -0.186512
1629 18 -0.011386
1630 18 -0.0134914
1631 18 0.0125876
1632 18 -0.0883982
1633 18 0.103971
1634 18 0.136809
1647 18 0.00924043
1648 18 -0.0392381
1649 18 -0.0423134
1650 18 -0.217455
1651 18 -0.157564
1652 18 0.0180002
18 19 -0.05138
19 19 0.309546
20 19 -0.0581214
81 19 0.154313
82 19 0.0283295
83 19 0.175193
1629 19 -0.164033
1630 19 -0.174492
1631 19 0.0388966
1632 19 0.082997
1633 19 -0.137682
1634 19 -0.153207
1647 19 -0.015371
1648 19 0.00164194
1649 19 0.00778669
1650 19 -0.00681776
1651 19 -0.00685622
1652 19 -0.0106514
18 20 0.0619292
19 20 -0.0581214
20 20 0.332072
81 20 -0.186711
82 20 0.175698
83 20 -0.0373325
1629 20 0.119992
1630 20 0.106624
1631 20 -0.0393846
1632 20 0.00760577
1633 20 -0.00508982
1634 20 0.000997306
1647 20 0.0853193
1648 20 -0.140629
1649 20 -0.236478
1650 20 -0.0876359
1651 20 -0.0801008
1652 20 -0.00164545
21 21 0.320506
22 21 -0.0523856
23 21 0.0625443
84 21 -0.00258932
85 21 0.159505
86 21 -0.188035
1632 21 -0.00625915
1633 21 -0.00867676
1634 21 0.0111972
1635 21 -0.0900262
1636 21 0.103076
1637 21 0.142766
1650 21 0.010944
1651 21 -0.0399532
1652 21 -0.0460373
1653 21 -0.214294
1654 21 -0.163732
1655 21 0.0178227
21 22 -0.0523856
22 22 0.309001
23 22 -0.0564909
84 22 0.158938
85 22 0.0302487
86 22 0.169735
1632 22 -0.1608
1633 22 -0.18109
1634 22 0.0396562
1635 22 0.0807435
1636 22 -0.131798
1637 22 -0.153181
1650 22 -0.0162756
1651 22 0.00241041
1652 22 0.0103992
1653 22 -0.0103904
1654 22 -0.00937897
1655 22 -0.0102563
21 23 0.0625443
22 23 -0.0564909
23 23 0.328919
84 23 -0.188856
85 23 0.170578
86 23 -0.0274642
1632 23 0.114807
1633 23 0.107344
1634 23 -0.0391466
1635 23 0.00989622
1636 23 -0.00803432
1637 23 -0.00305849
1650 23 0.0850429
1651 23 -0.135126
1652 23 -0.238696
1653 23 -0.08331
1654 23 -0.0802994
1655 23 -0.00242629
24 24 0.308868
25 24 -0.049328
26 24 0.0596325
96 24 0.0322827
97 24 0.148124
98 24 -0.178699
1641 24 -0.0240382
1642 24 -0.0228283
1643 24 0.0153047
1644 24 -0.0811391
1645 24 0.103536
1646 24 0.124113
1656 24 0.00563918
1657 24 -0.0376532
1658 24 -0.0371911
1659 24 -0.223984
1660 24 -0.144506
1661 24 0.0168325
24 25 -0.049328
25 25 0.312921
26 25 -0.0621322
96 25 0.148234
97 25 0.0187519
98 25 0.186292
1641 25 -0.171243
1642 25 -0.161107
1643 25 0.0377227
1644 25 0.0832667
1645 25 -0.151324
1646 25 -0.155377
1656 25 -0.0140211
1657 25 0.00193999
1658 25 0.00541034
1659 25 0.00356178
1660 25 -0.000254586
1661 25 -0.0115899
24 26 0.0596325
25 26 -0.0621322
26 26 0.336636
96 26 -0.178156
97 26 0.187228
98 26 -0.0510344
1641 26 0.130049
1642 26 0.101125
1643 26 -0.039598
1644 26 0.00417023
1645 26 -0.000608519
1646 26 0.00660697
1656 26 0.0805803
1657 26 -0.14985
1658 26 -0.23395
1659 26 -0.0957149
1660 26 -0.0780975
1661 26 -0.000979389
27 27 0.311963
28 27 -0.0507086
29 27 0.060443
99 27 0.0230038
100 27 0.152587
101 27 -0.180882
1644 27 -0.018805
1645 27 -0.0191659
1646 27 0.0140323
1647 27 -0.0840953
1648 27 0.102747
1649 27 0.129963
1659 27 0.00714992
1660 27 -0.0383192
1661 27 -0.039593
1662 27 -0.221317
1663 27 -0.150365
1664 27 0.016311
27 28 -0.0507086
28 28 0.312505
29 28 -0.0607667
99 28 0.152014
100 28 0.0200828
101 28 0.182486
1644 28 -0.169688
1645 28 -0.167261
1646 28 0.0373927
1647 28 0.0833918
1648 28 -0.14463
1649 28 -0.155856
1659 28 -0.0150654
1660 28 0.0028903
1661 28 0.00798005
1662 28 3.70103e-05
1663 28 -0.00211352
1664 28 -0.0112407
27 29 0.060443
28 29 -0.0607667
29 29 0.333957
99 29 -0.180914
100 29 0.182797
101 29 -0.0430855
1644 29 0.125312
1645 29 0.102298
1646 29 -0.0385809
1647 29 0.00609658
1648 29 -0.00346683
1649 29 0.00332425
1659 29 0.0822948
1660 29 -0.145518
1661 29 -0.235391
1662 29 -0.0921948
1663 29 -0.0790687
1664 29 -0.00183422
30 30 0.31505
31 30 -0.0521509
32 30 0.0609977
102 30 0.0131908
103 30 0.157031
104 30 -0.182503
1647 30 -0.0138597
1648 30 -0.0155123
1649 30 0.0128584
1650 30 -0.0863114
1651 30 0.101685
1652 30 0.135567
1662 30 0.00878867
1663 30 -0.0388407
1664 30 -0.0424736
1665 30 -0.219539
1666 30 -0.154719
1667 30 0.0160708
30 31 -0.0521509
31 31 0.312337
32 31 -0.0594316
102 31 0.156265
103 31 0.021112
104 31 0.178495
1647 31 -0.167415
1648 31 -0.173836
1649 31 0.0373017
1650 31 0.0828206
1651 31 -0.138437
1652 31 -0.156339
1662 31 -0.0162055
1663 31 0.00383942
1664 31 0.0109768
1665 31 -0.00292465
1666 31 -0.00378539
1667 31 -0.0109141
30 32 0.0609977
31 32 -0.0594316
32 32 0.331038
102 32 -0.183239
103 32 0.178117
104 32 -0.0343043
1647 32 0.119984
1648 32 0.103365
1649 32 -0.0377646
1650 32 0.00825002
1651 32 -0.00641303
1652 32 -0.000405618
1662 32 0.0836724
1663 32 -0.139729
1664 32 -0.23755
1665 32 -0.0890375
1666 32 -0.0792048
1667 32 -0.00252278
33 33 0.746425
34 33 0.0928094
35 33 0.155117
36 33 -0.0844555
37 33 0.0196048
38 33 0.218973
51 33 0.0601519
52 33 -0.157029
53 33 -0.0705908
129 33 0.027887
130 33 0.133025
131 33 -0.150409
1608 33 -0.0261478
1609 33 -0.166182
1610 33 0.136136
1668 33 -0.0983081
1669 33 0.233856
1670 33 0.0675469
1683 33 0.0398896
1684 33 -0.0208882
1685 33 -0.134813
1686 33 -0.646096
1687 33 -0.138167
1688 33 -0.221271
33 34 0.0928094
34 34 0.317249
35 34 0.0268604
36 34 -0.0190177
37 34 0.0869965
38 34 0.0134271
51 34 0.0188763
52 34 -0.102959
53 34 -0.072354
129 34 -0.00407516
130 34 0.0182401
131 34 0.0594356
1608 34 -0.0235136
1609 34 -0.158902
1610 34 0.106119
1668 34 0.0551937
1669 34 -0.120664
1670 34 -0.0254077
1683 34 0.0189054
1684 34 -0.0283199
1685 34 -0.0627936
1686 34 -0.139163
1687 34 0.00575089
1688 34 -0.0454095
33 35 0.155117
34 35 0.0268604
35 35 0.346762
36 35 0.0280646
37 35 -0.0146039
38 35 -0.00122478
51 35 0.00194091
52 35 -0.115427
53 35 0.0413773
129 35 -0.0270113
130 35 0.13043
131 35 -0.0459433
1608 35 0.0159255
1609 35 0.0370078
1610 35 -0.0400443
1668 35 -0.000781837
1669 35 0.0211676
1670 35 -0.00725154
1683 35 0.0556102
1684 35 -0.0383692
1685 35 -0.237325
1686 35 -0.228756
1687 35 -0.04693
1688 35 -0.0383748
33 36 -0.0844555
34 36 -0.0190177
35 36 0.0280646
36 36 0.896829
37 36 0.0273369
38 36 -0.00180675
39 36 -0.0794827
40 36 0.0112241
41 36 0.220024
54 36 0.127533
55 36 -0.1309
56 36 -0.0660419
132 36 0.0481055
133 36 0.136316
134 36 -0.164217
1608 36 -0.118238
1609 36 0.110667
1610 36 -0.00629905
1611 36 -0.0224216
1612 36 -0.157478
1613 36 0.108515
1668 36 -0.0368572
1669 36 -0.055149
1670 36 0.0210944
1671 36 -0.103848
1672 36 0.232182
1673 36 0.0762454
1686 36 0.0375109
1687 36 -0.00230269
1688 36 -0.00433892
1689 36 -0.645956
1690 36 -0.155562
1691 36 -0.209874
33 37 0.0196048
34 37 0.0869965
35 37 -0.0146039
36 37 0.0273369
37 37 0.747131
38 37 0.03217
39 37 -0.0232857
40 37 0.0870355
41 37 0.0206187
54 37 -0.133467
55 37 -0.20847
56 37 -0.191685
132 37 0.0521702
133 37 -0.0045379
134 37 0.0641907
1608 37 0.252326
1609 37 -0.22591
1610 37 0.0194426
1611 37 -0.0493793
1612 37 -0.238277
1613 37 0.247605
1668 37 -0.0435292
1669 37 -0.11832
1670 37 0.0450736
1671 37 0.0545741
1672 37 -0.112382
1673 37 -0.026983
1686 37 -0.00056861
1687 37 0.00532814
1688 37 -0.148676
1689 37 -0.155909
1690 37 -0.000668958
1691 37 -0.0471357
33 38 0.218973
34 38 0.0134271
35 38 -0.00122478
36 38 -0.00180675
37 38 0.03217
38 38 0.896505
39 38 0.029504
40 38 -0.012876
41 38 -0.00552308
54 38 -0.0661305
55 38 -0.187551
56 38 0.0793323
132 38 -0.166248
133 38 0.177164
134 38 -0.0436347
1608 38 0.0914114
1609 38 -0.134438
1610 38 0.0052566
1611 38 0.0181066
1612 38 0.0644504
1613 38 -0.078324
1668 38 0.0918722
1669 38 0.227648
1670 38 -0.0719528
1671 38 0.00235902
1672 38 0.0139482
1673 38 -0.01029
1686 38 -0.00119214
1687 38 -0.147833
1688 38 -0.720332
1689 38 -0.215533
1690 38 -0.0496755
1691 38 -0.0310294
36 39 -0.0794827
37 39 -0.0232857
38 39 0.029504
39 39 0.89409
40 39 0.0329548
41 39 -0.00436744
42 39 -0.073348
43 39 0.00178579
44 39 0.220499
57 39 0.132287
58 39 -0.124379
59 39 -0.0632252
135 39 0.034799
136 39 0.1435
137 39 -0.165275
1611 39 -0.125535
1612 39 0.110431
1613 39 -0.00257113
1614 39 -0.0153637
1615 39 -0.151975
1616 39 0.098228
1671 39 -0.0326921
1672 39 -0.0490711
1673 39 0.0182416
1674 39 -0.10984
1675 39 0.230051
1676 39 0.0848989
1689 39 0.0369928
1690 39 -0.00281779
1691 39 -0.0136289
1692 39 -0.642942
1693 39 -0.169751
1694 39 -0.201164
36 40 0.0112241
37 40 0.0870355
38 40 -0.012876
39 40 0.0329548
40 40 0.74735
41 40 0.0295965
42 40 -0.0278728
43 40 0.0866768
44 40 0.0286637
57 40 -0.126463
58 40 -0.208456
59 40 -0.195133
135 40 0.0575751
136 40 -0.00238411
137 40 0.0586347
1611 40 0.252734
1612 40 -0.214609
1613 40 0.0111834
1614 40 -0.0386543
1615 40 -0.248906
1616 40 0.247806
1671 40 -0.0417996
1672 40 -0.12608
1673 40 0.0453327
1674 40 0.0537522
1675 40 -0.10377
1676 40 -0.0277819
1689 40 -0.00224798
1690 40 0.00982349
1691 40 -0.135831
1692 40 -0.170823
1693 40 -0.0086276
1694 40 -0.0498149
36 41 0.220024
37 41 0.0206187
38 41 -0.00552308
39 41 -0.00436744
40 41 0.0295965
41 41 0.899026
42 41 0.0307407
43 41 -0.010525
44 41 -0.0101303
57 41 -0.0639534
58 41 -0.192174
59 41 0.0762325
135 41 -0.172902
136 41 0.169847
137 41 -0.0323211
1611 41 0.101619
1612 41 -0.137697
1613 41 0.00130041
1614 41 0.014544
1615 41 0.0651593
1616 41 -0.075505
1671 41 0.084407
1672 41 0.230029
1673 41 -0.0684813
1674 41 0.00546437
1675 41 0.00714158
1676 41 -0.0133451
1689 41 -0.0108085
1690 41 -0.133373
1691 41 -0.725123
1692 41 -0.20362
1693 41 -0.0507888
1694 41 -0.0273279
39 42 -0.073348
40 42 -0.0278728
41 42 0.0307407
42 42 0.897091
43 42 0.0383481
44 42 -0.00821068
45 42 -0.0674172
46 42 -0.00524684
47 42 0.223052
60 42 0.136709
61 42 -0.118944
62 42 -0.0612154
138 42 0.0226736
139 42 0.149487
140 42 -0.165678
1614 42 -0.133716
1615 42 0.11039
1616 42 0.00129065
1617 42 -0.0104011
1618 42 -0.147403
1619 42 0.0889826
1674 42 -0.0294302
1675 42 -0.0421914
1676 42 0.0152691
1677 42 -0.115548
1678 42 0.228994
1679 42 0.0921953
1692 42 0.0359471
1693 42 -0.00425422
1694 42 -0.024577
1695 42 -0.643861
1696 42 -0.184524
1697 42 -0.189697
39 43 0.00178579
40 43 0.0866768
41 43 -0.010525
42 43 0.0383481
43 43 0.743332
44 43 0.0273702
45 43 -0.0313124
46 43 0.0837078
47 43 0.0367226
60 43 -0.120481
61 43 -0.207542
62 43 -0.198323
138 43 0.0623017
139 43 0.000186994
140 43 0.0537477
1614 43 0.251694
1615 43 -0.203372
1616 43 0.00382234
1617 43 -0.0282548
1618 43 -0.256994
1619 43 0.246381
1674 43 -0.0392198
1675 43 -0.134257
1676 43 0.0450411
1677 43 0.0524525
1678 43 -0.094866
1679 43 -0.0284001
1692 43 -0.00326567
1693 43 0.0134985
1694 43 -0.122922
1695 43 -0.184037
1696 43 -0.0168312
1697 43 -0.0508242
39 44 0.220499
40 44 0.0286637
41 44 -0.0101303
42 44 -0.00821068
43 44 0.0273702
44 44 0.900042
45 44 0.0316513
46 44 -0.00705064
47 44 -0.0167585
60 44 -0.0620131
61 44 -0.196784
62 44 0.0716239
138 44 -0.177855
139 44 0.162152
140 44 -0.0227908
1614 44 0.112687
1615 44 -0.140319
1616 44 -0.00350395
1617 44 0.0111636
1618 44 0.065479
1619 44 -0.0721008
1674 44 0.07638
1675 44 0.231576
1676 44 -0.0639533
1677 44 0.00921757
1678 44 -0.0012339
1679 44 -0.0158947
1692 44 -0.0208569
1693 44 -0.12051
1694 44 -0.728449
1695 44 -0.191663
1696 44 -0.0517813
1697 44 -0.019227
42 45 -0.0674172
43 45 -0.0313124
44 45 0.0316513
45 45 0.297814
46 45 0.00409857
47 45 0.0239227
63 45 0.0693218
64 45 -0.0584183
65 45 -0.00251457
141 45 -0.00538867
142 45 0.0913014
143 45 -0.0293712
1617 45 -0.0908097
1618 45 0.082466
1619 45 0.00751837
1677 45 -0.0277026
1678 45 -0.0361029
1679 45 0.0130759
1695 45 0.0337297
1696 45 -0.00554391
1697 45 -0.0365374
1698 45 -0.192342
1699 45 -0.0461204
1700 45 -0.0068452
42 46 -0.00524684
43 46 0.0837078
44 46 -0.00705064
45 46 0.00409857
46 46 0.306808
47 46 0.0757803
63 46 -0.0576822
64 46 -0.10455
65 46 -0.00652722
141 46 0.0642858
142 46 0.0211773
143 46 0.0112206
1617 46 0.105952
1618 46 -0.134991
1619 46 -0.00438539
1677 46 -0.0369329
1678 46 -0.138678
1679 46 0.0439084
1695 46 -0.00515867
1696 46 0.0181588
1697 46 -0.113337
1698 46 -0.0695471
1699 46 -0.0352472
1700 46 0.000738205
42 47 0.223052
43 47 0.0367226
44 47 -0.0167585
45 47 0.0239227
46 47 0.0757803
47 47 0.805815
63 47 -0.059043
64 47 -0.193858
65 47 0.0329722
141 47 -0.165335
142 47 0.152444
143 47 -0.0130253
1617 47 0.140075
1618 47 -0.150162
1619 47 0.00144611
1677 47 0.069978
1678 47 0.232003
1679 47 -0.0599413
1695 47 -0.0348749
1696 47 -0.112251
1697 47 -0.729365
1698 47 -0.197862
1699 47 -0.0482977
1700 47 0.00340321
48 48 0.804634
49 48 0.0754221
50 48 0.116693
51 48 -0.0835621
52 48 0.0248369
53 48 0.221144
69 48 0.0559935
70 48 -0.162868
71 48 -0.0729796
150 48 0.0550744
151 48 0.133889
152 48 -0.176027
1620 48 -0.0313212
1621 48 -0.171383
1622 48 0.138118
1680 48 -0.0354927
1681 48 -0.0297187
1682 48 0.0184858
1683 48 -0.101782
1684 48 0.247288
1685 48 0.0803655
1704 48 0.016415
1705 48 -0.00435532
1706 48 -0.11097
1707 48 -0.662007
1708 48 -0.116255
1709 48 -0.21485
48 49 0.0754221
49 49 0.531094
50 49 -0.0655917
51 49 -0.0132929
52 49 0.0853153
53 49 0.00497805
69 49 0.0142856
70 49 -0.0988915
71 49 -0.0704594
150 49 0.133984
151 49 0.0245609
152 49 0.192241
1620 49 -0.027538
1621 49 -0.151296
1622 49 0.101285
1680 49 -0.170653
1681 49 -0.145475
1682 49 0.0382663
1683 49 0.105697
1684 49 -0.243774
1685 49 -0.134992
1704 49 0.0007127
1705 49 0.000610052
1706 49 -0.0315485
1707 49 -0.118751
1708 49 0.0159297
1709 49 -0.0342898
48 50 0.116693
49 50 -0.0655917
50 50 0.52672
51 50 0.0285536
52 50 -0.0152404
53 50 -0.00450305
69 50 -0.00196325
70 50 -0.113692
71 50 0.0416089
150 50 -0.172582
151 50 0.194278
152 50 -0.0809408
1620 50 0.0172814
1621 50 0.038147
1622 50 -0.0414006
1680 50 0.142358
1681 50 0.100516
1682 50 -0.0429214
1683 50 -0.00727548
1684 50 0.0240161
1685 50 0.00699638
1704 50 0.0970556
1705 50 -0.126111
1706 50 -0.356466
1707 50 -0.220717
1708 50 -0.036151
1709 50 -0.0311278
33 51 0.0601519
34 51 0.0188763
35 51 0.00194091
48 51 -0.0835621
49 51 -0.0132929
50 51 0.0285536
51 51 1.04395
52 51 -0.078338
53 51 -0.114219
54 51 -0.163609
55 51 -0.000841393
56 51 0.251069
72 51 0.118538
73 51 -0.142406
74 51 -0.0728913
153 51 0.0484146
154 51 0.136379
155 51 -0.177257
1608 51 0.0174604
1609 51 7.01901e-05
1610 51 0.10302
1620 51 -0.107743
1621 51 0.107653
1622 51 -0.0039766
1623 51 -0.0340057
1624 51 -0.198113
1625 51 0.121327
1683 51 -0.0396767
1684 51 -0.0569336
1685 51 0.00481181
1686 51 -0.220944
1687 51 0.355026
1688 51 0.0810689
1707 51 0.0356157
1708 51 -0.00189977
1709 51 -0.00646567
1710 51 -0.655379
1711 51 -0.130799
1712 51 -0.215372
33 52 -0.157029
34 52 -0.102959
35 52 -0.115427
48 52 0.0248369
49 52 0.0853153
50 52 -0.0152404
51 52 -0.078338
52 52 1.30514
53 52 0.0614721
54 52 0.00031011
55 52 0.173062
56 52 -0.00086011
72 52 -0.144039
73 52 -0.198611
74 52 -0.187912
153 52 0.136493
154 52 0.0277575
155 52 0.189555
1608 52 -0.00139354
1609 52 0.0034808
1610 52 -0.116743
1620 52 0.2475
1621 52 -0.235074
1622 52 0.0167919
1623 52 -0.051064
1624 52 -0.301495
1625 52 0.266576
1683 52 -0.202145
1684 52 -0.291545
1685 52 0.202203
1686 52 0.358483
1687 52 -0.465386
1688 52 -0.11418
1707 52 -0.00340485
1708 52 0.00614543
1709 52 -0.146615
1710 52 -0.131772
1711 52 0.00977177
1712 52 -0.0400534
33 53 -0.0705908
34 53 -0.072354
35 53 0.0413773
48 53 0.221144
49 53 0.00497805
50 53 -0.00450305
51 53 -0.114219
52 53 0.0614721
53 53 1.3214
54 53 0.248854
55 53 0.0033481
56 53 -0.012329
72 53 -0.0719241
73 53 -0.186943
74 53 0.0790437
153 53 -0.175559
154 53 0.192275
155 53 -0.0751136
1608 53 -0.109882
1609 53 -0.0305141
1610 53 -0.359647
1620 53 0.0892296
1621 53 -0.13917
1622 53 0.00283539
1623 53 0.000679498
1624 53 0.202557
1625 53 -0.112926
1683 53 0.130719
1684 53 0.268225
1685 53 -0.120118
1686 53 0.083228
1687 53 -0.114503
1688 53 0.0095517
1707 53 -0.0133281
1708 53 -0.147999
1709 53 -0.719755
1710 53 -0.219361
1711 53 -0.0432205
1712 53 -0.0318244
0 54 0.0331218
1 54 0.141526
2 54 -0.182994
36 54 0.127533
37 54 -0.133467
38 54 -0.0661305
51 54 -0.163609
52 54 0.00031011
53 54 0.248854
54 54 1.82758
55 54 0.000404042
56 54 -0.000416011
57 54 -0.155167
58 54 -0.0149674
59 54 0.252656
75 54 0.124259
76 54 -0.134948
77 54 -0.0701748
156 54 0.0333602
157 54 0.143005
158 54 -0.18231
1608 54 -0.649669
1609 54 -0.145509
1610 54 -0.2173
1611 54 0.035844
1612 54 -0.00266158
1613 54 -0.00863036
1623 54 -0.229053
1624 54 0.362364
1625 54 0.0935742
1626 54 -0.0509246
1627 54 -0.213675
1628 54 0.127156
1686 54 -0.0572617
1687 54 -0.212356
1688 54 0.132919
1689 54 -0.239701
1690 54 0.356727
1691 54 0.0949126
1710 54 0.0366715
1711 54 -0.0037179
1712 54 -0.0100422
1713 54 -0.652581
1714 54 -0.145487
1715 54 -0.209645
0 55 0.141031
1 55 0.032192
2 55 0.18472
36 55 -0.1309
37 55 -0.20847
38 55 -0.187551
51 55 -0.000841393
52 55 0.173062
53 55 0.0033481
54 55 0.000404042
55 55 1.82204
56 55 0.00174681
57 55 -0.0115207
58 55 0.173358
59 55 0.00792809
75 55 -0.137757
76 55 -0.201027
77 55 -0.191361
156 55 0.143525
157 55 0.0300622
158 55 0.182934
1608 55 -0.145157
1609 55 0.00387654
1610 55 -0.0474456
1611 55 -0.00258976
1612 55 0.00916233
1613 55 -0.13874
1623 55 0.353816
1624 55 -0.451195
1625 55 -0.125303
1626 55 -0.203991
1627 55 -0.475668
1628 55 0.304586
1686 55 -0.220486
1687 55 -0.463677
1688 55 0.311746
1689 55 0.362093
1690 55 -0.44112
1691 55 -0.127455
1710 55 -0.00329726
1711 55 0.00992356
1712 55 -0.138633
1713 55 -0.146368
1714 55 0.00310716
1715 55 -0.0435193
0 56 -0.183838
1 56 0.183381
2 56 -0.0655805
36 56 -0.0660419
37 56 -0.191685
38 56 0.0793323
51 56 0.251069
52 56 -0.00086011
53 56 -0.012329
54 56 -0.000416011
55 56 0.00174681
56 56 1.82892
57 56 0.249965
58 56 0.0122521
59 56 -0.0180916
75 56 -0.0685823
76 56 -0.190163
77 56 0.0767812
156 56 -0.181704
157 56 0.185545
158 56 -0.0619219
1608 56 -0.214268
1609 56 -0.0449206
1610 56 -0.0319886
1611 56 -0.00957076
1612 56 -0.138622
1613 56 -0.722864
1623 56 0.0915899
1624 56 -0.125991
1625 56 0.00228396
1626 56 0.125384
1627 56 0.311122
1628 56 -0.150826
1686 56 0.134198
1687 56 0.307439
1688 56 -0.15638
1689 56 0.0954108
1690 56 -0.122333
1691 56 0.0023584
1710 56 -0.0127304
1711 56 -0.136592
1712 56 -0.724181
1713 56 -0.213027
1714 56 -0.0465865
1715 56 -0.0296718
3 57 0.0193934
4 57 0.147592
5 57 -0.187684
39 57 0.132287
40 57 -0.126463
41 57 -0.0639534
54 57 -0.155167
55 57 -0.0115207
56 57 0.249965
57 57 1.82783
58 57 -0.000626394
59 57 -0.000144083
60 57 -0.145339
61 57 -0.0271675
62 57 0.252615
78 57 0.129604
79 57 -0.127979
80 57 -0.0670952
159 57 0.0203725
160 57 0.148381
161 57 -0.186239
1611 57 -0.648647
1612 57 -0.160134
1613 57 -0.205695
1614 57 0.0344011
1615 57 -0.00430021
1616 57 -0.0182884
1626 57 -0.244892
1627 57 0.365481
1628 57 0.103121
1629 57 -0.0365776
1630 57 -0.196021
1631 57 0.113519
1689 57 -0.0430167
1690 57 -0.195846
1691 57 0.118309
1692 57 -0.257663
1693 57 0.359411
1694 57 0.108818
1713 57 0.0343703
1714 57 -0.00371251
1715 57 -0.0179454
1716 57 -0.649177
1717 57 -0.162298
1718 57 -0.200679
3 58 0.14701
4 58 0.0349095
5 58 0.178526
39 58 -0.124379
40 58 -0.208456
41 58 -0.192174
54 58 -0.0149674
55 58 0.173358
56 58 0.0122521
57 58 -0.000626394
58 58 1.82391
59 58 0.000174353
60 58 -0.0240984
61 58 0.172562
62 58 0.0181759
78 58 -0.130017
79 58 -0.202183
80 58 -0.196128
159 58 0.147378
160 58 0.03172
161 58 0.178424
1611 58 -0.160337
1612 58 -0.00286295
1613 58 -0.0494754
1614 58 -0.00371043
1615 58 0.0125299
1616 58 -0.127619
1626 58 0.355334
1627 58 -0.429785
1628 58 -0.131027
1629 58 -0.189779
1630 58 -0.497259
1631 58 0.306234
1689 58 -0.204229
1690 58 -0.486032
1691 58 0.311764
1692 58 0.364825
1693 58 -0.415521
1694 58 -0.135289
1713 58 -0.0020351
1714 58 0.0137154
1715 58 -0.127677
1716 58 -0.162803
1717 58 -0.00499041
1718 58 -0.0473196
3 59 -0.187305
4 59 0.176622
5 59 -0.0539262
39 59 -0.0632252
40 59 -0.195133
41 59 0.0762325
54 59 0.252656
55 59 0.00792809
56 59 -0.0180916
57 59 -0.000144083
58 59 0.000174353
59 59 1.8268
60 59 0.25192
61 59 0.019809
62 59 -0.0240264
78 59 -0.0667695
79 59 -0.194137
80 59 0.0726012
159 59 -0.186162
160 59 0.179685
161 59 -0.0520014
1611 59 -0.204017
1612 59 -0.0464329
1613 59 -0.0257261
1614 59 -0.0209378
1615 59 -0.127987
1616 59 -0.725769
1626 59 0.103933
1627 59 -0.136293
1628 59 -0.00414402
1629 59 0.112292
1630 59 0.311691
1631 59 -0.146303
1689 59 0.120549
1690 59 0.307145
1691 59 -0.149769
1692 59 0.108056
1693 59 -0.132135
1694 59 -0.00559017
1713 59 -0.0166265
1714 59 -0.125426
1715 59 -0.726114
1716 59 -0.203866
1717 59 -0.0493415
1718 59 -0.025418
6 60 0.00587492
7 60 0.152935
8 60 -0.190556
42 60 0.136709
43 60 -0.120481
44 60 -0.0620131
57 60 -0.145339
58 60 -0.0240984
59 60 0.25192
60 60 1.82845
61 60 -0.00210849
62 60 0.00185018
63 60 -0.136295
64 60 -0.0388306
65 60 0.25473
81 60 0.134469
82 60 -0.121887
83 60 -0.0644125
162 60 0.00490287
163 60 0.154013
164 60 -0.189069
1614 60 -0.646351
1615 60 -0.174849
1616 60 -0.197489
1617 60 0.0332076
1618 60 -0.0043871
1619 60 -0.0285919
1629 60 -0.260589
1630 60 0.363775
1631 60 0.114547
1632 60 -0.0240179
1633 60 -0.182681
1634 60 0.100702
1692 60 -0.0282488
1693 60 -0.181516
1694 60 0.105467
1695 60 -0.270765
1696 60 0.357604
1697 60 0.123613
1716 60 0.0333879
1717 60 -0.00489073
1718 60 -0.0275734
1719 60 -0.647532
1720 60 -0.176445
1721 60 -0.191722
6 61 0.152794
7 61 0.035696
8 61 0.172564
42 61 -0.118944
43 61 -0.207542
44 61 -0.196784
57 61 -0.0271675
58 61 0.172562
59 61 0.019809
60 61 -0.00210849
61 61 1.82647
62 61 0.000691486
63 61 -0.0347708
64 61 0.169514
65 61 0.0290624
81 61 -0.123643
82 61 -0.202164
83 61 -0.200455
162 61 0.154079
163 61 0.0348094
164 61 0.171278
1614 61 -0.172498
1615 61 -0.00959239
1616 61 -0.0493535
1617 61 -0.00539724
1618 61 0.0173173
1619 61 -0.115565
1629 61 0.357474
1630 61 -0.409036
1631 61 -0.138814
1632 61 -0.17733
1633 61 -0.516282
1634 61 0.304555
1692 61 -0.186607
1693 61 -0.506493
1694 61 0.313544
1695 61 0.3636
1696 61 -0.394456
1697 61 -0.14702
1716 61 -0.0032722
1717 61 0.0172368
1718 61 -0.11687
1719 61 -0.176714
1720 61 -0.011574
1721 61 -0.0488032
6 62 -0.189768
7 62 0.171551
8 62 -0.0411273
42 62 -0.0612154
43 62 -0.198323
44 62 0.0716239
57 62 0.252615
58 62 0.0181759
59 62 -0.0240264
60 62 0.00185018
61 62 0.000691486
62 62 1.82362
63 62 0.252038
64 62 0.0310213
65 62 -0.033142
81 62 -0.0652719
82 62 -0.197682
83 62 0.0676965
162 62 -0.19005
163 62 0.172452
164 62 -0.0383673
1614 62 -0.195772
1615 62 -0.0479951
1616 62 -0.0224776
1617 62 -0.0314782
1618 62 -0.115209
1619 62 -0.728819
1629 62 0.116353
1630 62 -0.143225
1631 62 -0.0121439
1632 62 0.100661
1633 62 0.311993
1634 62 -0.13766
1692 62 0.105699
1693 62 0.308284
1694 62 -0.143372
1695 62 0.122361
1696 62 -0.141936
1697 62 -0.0161997
1716 62 -0.0236498
1717 62 -0.11421
1718 62 -0.728446
1719 62 -0.194348
1720 62 -0.0511031
1721 62 -0.0201249
45 63 0.0693218
46 63 -0.0576822
47 63 -0.059043
60 63 -0.136295
61 63 -0.0347708
62 63 0.252038
63 63 1.34361
64 63 0.0835685
65 63 -0.028785
66 63 -0.0620133
67 63 -0.0134831
68 63 0.222611
84 63 0.137283
85 63 -0.116654
86 63 -0.0633155
165 63 -0.0090912
166 63 0.159381
167 63 -0.189966
1617 63 -0.321125
1618 63 -0.0452414
1619 63 -0.199243
1632 63 -0.180879
1633 63 0.255737
1634 63 -0.0127053
1635 63 -0.00729286
1636 63 -0.145666
1637 63 0.0809486
1695 63 -0.0161979
1696 63 -0.167419
1697 63 0.0939146
1698 63 -0.18742
1699 63 0.274085
1700 63 0.128026
1719 63 0.0330631
1720 63 -0.00547637
1721 63 -0.0378672
1722 63 -0.645927
1723 63 -0.187966
1724 63 -0.1837
45 64 -0.0584183
46 64 -0.10455
47 64 -0.193858
60 64 -0.0388306
61 64 0.169514
62 64 0.0310213
63 64 0.0835685
64 64 1.32706
65 64 -0.0495112
66 64 -0.0332243
67 64 0.0829335
68 64 0.0416774
84 64 -0.117372
85 64 -0.20056
86 64 -0.204618
165 64 0.159069
166 64 0.0352665
167 64 0.166503
1617 64 -0.140118
1618 64 -0.00741728
1619 64 -0.046523
1632 64 0.274458
1633 64 -0.251794
1634 64 0.000845903
1635 64 -0.0227267
1636 64 -0.267355
1637 64 0.242007
1695 64 -0.170426
1696 64 -0.525051
1697 64 0.313171
1698 64 0.25485
1699 64 -0.242331
1700 64 -0.151757
1719 64 -0.00422886
1720 64 0.0209752
1721 64 -0.103658
1722 64 -0.185682
1723 64 -0.0165115
1724 64 -0.0493074
45 65 -0.00251457
46 65 -0.00652722
47 65 0.0329722
60 65 0.25473
61 65 0.0290624
62 65 -0.033142
63 65 -0.028785
64 65 -0.0495112
65 65 0.999824
66 65 0.0315867
67 65 -0.00459664
68 65 -0.0189381
84 65 -0.0638506
85 65 -0.202309
86 65 0.0632925
165 65 -0.192621
166 65 0.166477
167 65 -0.0261655
1617 65 0.00965339
1618 65 -0.0059644
1619 65 -0.00807229
1632 65 0.121068
1633 65 -0.147823
1634 65 -0.0176814
1635 65 0.00915686
1636 65 0.06378
1637 65 -0.0661313
1695 65 0.0930729
1696 65 0.306579
1697 65 -0.136733
1698 65 -0.0100121
1699 65 -0.00305841
1700 65 -0.0194187
1719 65 -0.0345258
1720 65 -0.102029
1721 65 -0.732051
1722 65 -0.186547
1723 65 -0.0523187
1724 65 -0.0155808
63 66 -0.0620133
64 66 -0.0332243
65 66 0.0315867
66 66 0.504908
67 66 -0.0830998
68 66 0.030979
87 66 0.0695296
88 66 -0.0596857
89 66 -0.00391704
168 66 -0.022276
169 66 0.162861
170 66 -0.192047
1635 66 -0.0903904
1636 66 0.080198
1637 66 0.0109607
1698 66 -0.00309726
1699 66 -0.0145536
1700 66 0.00684904
1701 66 -0.0907494
1702 66 0.103207
1703 66 0.150603
1722 66 0.0323062
1723 66 -0.00559579
1724 66 -0.0479561
1725 66 -0.32108
1726 66 -0.148841
1727 66 0.0135531
63 67 -0.0134831
64 67 0.0829335
65 67 -0.00459664
66 67 -0.0830998
67 67 0.51239
68 67 0.0472359
87 67 -0.0543866
88 67 -0.100223
89 67 -0.00963726
168 67 0.163564
169 67 0.0383318
170 67 0.159737
1635 67 0.102463
1636 67 -0.128707
1637 67 -0.00921846
1698 67 -0.139203
1699 67 -0.27183
1700 67 0.065063
1701 67 0.0777426
1702 67 -0.125907
1703 67 -0.151454
1722 67 -0.00451375
1723 67 0.0232443
1724 67 -0.0934168
1725 67 -0.0486048
1726 67 -0.0120513
1727 67 -0.00471138
63 68 0.222611
64 68 0.0416774
65 68 -0.0189381
66 68 0.030979
67 68 0.0472359
68 68 0.84515
87 68 -0.0595274
88 68 -0.197062
89 68 0.0281953
168 68 -0.193545
169 68 0.160478
170 68 -0.0144378
1635 68 0.145959
1636 68 -0.153439
1637 68 -0.0049029
1698 68 0.0754999
1699 68 0.243719
1700 68 -0.0656378
1701 68 0.0128364
1702 68 -0.0111277
1703 68 -0.0082222
1722 68 -0.0445385
1723 68 -0.0906349
1724 68 -0.733549
1725 68 -0.190102
1726 68 -0.0470398
1727 68 -0.0054906
48 69 0.0559935
49 69 0.0142856
50 69 -0.00196325
69 69 0.922927
70 69 -0.00030722
71 69 -0.001085
72 69 -0.157368
73 69 0.0081298
74 69 0.250395
90 69 0.0540747
91 69 -0.165916
92 69 -0.0744114
177 69 0.049026
178 69 0.138379
179 69 -0.175079
1620 69 0.0164288
1621 69 -0.000860952
1622 69 0.0970197
1638 69 -0.0361185
1639 69 -0.204046
1640 69 0.14259
1704 69 -0.0387573
1705 69 -0.0261969
1706 69 0.00412986
1707 69 -0.199839
1708 69 0.346829
1709 69 0.0819931
1728 69 0.0158843
1729 69 -0.00324175
1730 69 -0.115554
1731 69 -0.666425
1732 69 -0.112083
1733 69 -0.207574
48 70 -0.162868
49 70 -0.0988915
50 70 -0.113692
69 70 -0.00030722
70 70 0.921292
71 70 -0.0010709
72 70 0.0110467
73 70 0.174139
74 70 -0.0081769
90 70 0.0119516
91 70 -0.0968918
92 70 -0.0705143
177 70 0.140162
178 70 0.0184383
179 70 0.191608
1620 70 -0.00291653
1621 70 0.00313951
1622 70 -0.11975
1638 70 -0.0245401
1639 70 -0.221296
1640 70 0.125496
1704 70 -0.206935
1705 70 -0.214622
1706 70 0.179674
1707 70 0.349525
1708 70 -0.484377
1709 70 -0.122711
1728 70 -0.000673423
1729 70 0.00288224
1730 70 -0.0266654
1731 70 -0.114379
1732 70 0.0157321
1733 70 -0.033713
48 71 -0.0729796
49 71 -0.0704594
50 71 0.0416089
69 71 -0.001085
70 71 -0.0010709
71 71 0.922252
72 71 0.250609
73 71 -0.00567907
74 71 -0.0154399
90 71 -0.00250752
91 71 -0.112189
92 71 0.0410035
177 71 -0.172012
178 71 0.195699
179 71 -0.067483
1620 71 -0.112613
1621 71 -0.0273261
1622 71 -0.359763
1638 71 0.00197398
1639 71 0.179675
1640 71 -0.0796869
1704 71 0.146522
1705 71 0.123991
1706 71 -0.0818339
1707 71 0.0830549
1708 71 -0.12283
1709 71 0.00554714
1728 71 0.0898271
1729 71 -0.121896
1730 71 -0.360332
1731 71 -0.211207
1732 71 -0.0340427
1733 71 -0.0272036
9 72 0.0418482
10 72 0.139776
11 72 -0.178117
51 72 0.118538
52 72 -0.144039
53 72 -0.0719241
69 72 -0.157368
70 72 0.0110467
71 72 0.250609
72 72 1.82291
73 72 0.000619054
74 72 0.000151812
75 72 -0.157392
76 72 -0.00326535
77 72 0.251528
93 72 0.115303
94 72 -0.14522
95 72 -0.0759801
180 72 0.0436293
181 72 0.141501
182 72 -0.17657
1620 72 -0.657761
1621 72 -0.126059
1622 72 -0.214224
1623 72 0.0345051
1624 72 -0.00284025
1625 72 -0.0133081
1638 72 -0.207156
1639 72 0.352707
1640 72 0.0881786
1641 72 -0.0641873
1642 72 -0.22662
1643 72 0.137013
1707 72 -0.0716065
1708 72 -0.221595
1709 72 0.141157
1710 72 -0.214704
1711 72 0.349691
1712 72 0.0902426
1731 72 0.0333892
1732 72 -0.00370036
1733 72 -0.0169264
1734 72 -0.661379
1735 72 -0.123743
1736 72 -0.20907
9 73 0.140375
10 73 0.0256349
11 73 0.189811
51 73 -0.142406
52 73 -0.198611
53 73 -0.186943
69 73 0.0081298
70 73 0.174139
71 73 -0.00567907
72 73 0.000619054
73 73 1.82748
74 73 0.00195525
75 73 0.00025486
76 73 0.173878
77 73 -0.000631864
93 73 -0.148235
94 73 -0.193901
95 73 -0.187249
180 73 0.14158
181 73 0.0208917
182 73 0.189404
1620 73 -0.12583
1621 73 0.0111712
1622 73 -0.0389269
1623 73 -0.00272205
1624 73 0.00832894
1625 73 -0.140525
1638 73 0.347529
1639 73 -0.474076
1640 73 -0.126276
1641 73 -0.216747
1642 73 -0.461579
1643 73 0.300352
1707 73 -0.231797
1708 73 -0.449348
1709 73 0.308955
1710 73 0.355766
1711 73 -0.466465
1712 73 -0.129444
1731 73 -0.00381116
1732 73 0.00818223
1733 73 -0.140364
1734 73 -0.125555
1735 73 0.0124463
1736 73 -0.0370537
9 74 -0.178219
10 74 0.188648
11 74 -0.0666378
51 74 -0.0728913
52 74 -0.187912
53 74 0.0790437
69 74 0.250395
70 74 -0.0081769
71 74 -0.0154399
72 74 0.000151812
73 74 0.00195525
74 74 1.82814
75 74 0.250565
76 74 0.00289638
77 74 -0.0164144
93 74 -0.0733629
94 74 -0.18707
95 74 0.0785928
180 74 -0.174894
181 74 0.192555
182 74 -0.0633103
1620 74 -0.213449
1621 74 -0.0390433
1622 74 -0.0310154
1623 74 -0.0113554
1624 74 -0.138295
1625 74 -0.722073
1638 74 0.0871067
1639 74 -0.127693
1640 74 0.00329913
1641 74 0.134989
1642 74 0.308869
1643 74 -0.152129
1707 74 0.144874
1708 74 0.301458
1709 74 -0.157354
1710 74 0.0902103
1711 74 -0.125687
1712 74 0.00264565
1731 74 -0.0236612
1732 74 -0.140462
1733 74 -0.721167
1734 74 -0.212603
1735 74 -0.0384452
1736 74 -0.0290844
12 75 0.0326984
13 75 0.144831
14 75 -0.180618
54 75 0.124259
55 75 -0.137757
56 75 -0.0685823
72 75 -0.157392
73 75 0.00025486
74 75 0.250565
75 75 1.82532
76 75 0.000462888
77 75 0.00132381
78 75 -0.153053
79 75 -0.01531
80 75 0.252776
96 75 0.121245
97 75 -0.137902
98 75 -0.0735079
183 75 0.0337881
184 75 0.146858
185 75 -0.178795
1623 75 -0.655286
1624 75 -0.137452
1625 75 -0.212927
1626 75 0.0344174
1627 75 -0.00218788
1628 75 -0.0166769
1641 75 -0.222561
1642 75 0.35849
1643 75 0.0972859
1644 75 -0.0526889
1645 75 -0.21684
1646 75 0.126252
1710 75 -0.0585595
1711 75 -0.21271
1712 75 0.130279
1713 75 -0.230877
1714 75 0.351659
1715 75 0.0999109
1734 75 0.0347486
1735 75 -0.00449896
1736 75 -0.0178811
1737 75 -0.65681
1738 75 -0.138155
1739 75 -0.207713
12 76 0.145085
13 76 0.0249847
14 76 0.186099
54 76 -0.134948
55 76 -0.201027
56 76 -0.190163
72 76 -0.00326535
73 76 0.173878
74 76 0.00289638
75 76 0.000462888
76 76 1.82737
77 76 -0.00108997
78 76 -0.0118149
79 76 0.173327
80 76 0.00842374
96 76 -0.140509
97 76 -0.194505
98 76 -0.192897
183 76 0.146661
184 76 0.0218255
185 76 0.185438
1623 76 -0.137743
1624 76 0.00732999
1625 76 -0.0430071
1626 76 -0.00333846
1627 76 0.0127539
1628 76 -0.128963
1641 76 0.350566
1642 76 -0.4536
1643 76 -0.132461
1644 76 -0.207867
1645 76 -0.48059
1646 76 0.300491
1710 76 -0.222417
1711 76 -0.471009
1712 76 0.308673
1713 76 0.359836
1714 76 -0.445035
1715 76 -0.136362
1734 76 -0.00344413
1735 76 0.0134611
1736 76 -0.127896
1737 76 -0.138406
1738 76 0.00711452
1739 76 -0.04086
12 77 -0.180941
13 77 0.185209
14 77 -0.0576813
54 77 -0.0701748
55 77 -0.191361
56 77 0.0767812
72 77 0.251528
73 77 -0.000631864
74 77 -0.0164144
75 77 0.00132381
76 77 -0.00108997
77 77 1.82585
78 77 0.250946
79 77 0.0124401
80 77 -0.0201881
96 77 -0.0719672
97 77 -0.192071
98 77 0.0732682
183 77 -0.178285
184 77 0.187904
185 77 -0.0541388
1623 77 -0.210094
1624 77 -0.041345
1625 77 -0.0300603
1626 77 -0.015794
1627 77 -0.129703
1628 77 -0.7252
1641 77 0.0967529
1642 77 -0.134861
1643 77 -0.00180813
1644 77 0.124288
1645 77 0.30771
1646 77 -0.144644
1710 77 0.132173
1711 77 0.302622
1712 77 -0.150672
1713 77 0.100254
1714 77 -0.132054
1715 77 -0.00305416
1734 77 -0.0210862
1735 77 -0.127408
1736 77 -0.72558
1737 77 -0.210069
1738 77 -0.0426758
1739 77 -0.0283293
15 78 0.0213731
16 78 0.149557
17 78 -0.183907
57 78 0.129604
58 78 -0.130017
59 78 -0.0667695
75 78 -0.153053
76 78 -0.0118149
77 78 0.250946
78 78 1.82683
79 78 0.000774977
80 78 -0.000117743
81 78 -0.14599
82 78 -0.0275909
83 78 0.253898
99 78 0.126829
100 78 -0.130766
101 78 -0.0705304
186 78 0.0222661
187 78 0.151638
188 78 -0.182515
1626 78 -0.652202
1627 78 -0.150896
1628 78 -0.207711
1629 78 0.0341116
1630 78 -0.00263358
1631 78 -0.0214245
1644 78 -0.2378
1645 78 0.362081
1646 78 0.107448
1647 78 -0.0399445
1648 78 -0.203963
1649 78 0.114207
1713 78 -0.0456741
1714 78 -0.200553
1715 78 0.118034
1716 78 -0.24854
1717 78 0.353865
1718 78 0.113272
1737 78 0.0341653
1738 78 -0.00393693
1739 78 -0.0211372
1740 78 -0.653515
1741 78 -0.153279
1742 78 -0.203137
15 79 0.15013
16 79 0.0265965
17 79 0.180889
57 79 -0.127979
58 79 -0.202183
59 79 -0.194137
75 79 -0.01531
76 79 0.173327
77 79 0.0124401
78 79 0.000774977
79 79 1.82553
80 79 7.10989e-05
81 79 -0.023826
82 79 0.171825
83 79 0.0184312
99 79 -0.13271
100 79 -0.195188
101 79 -0.198079
186 79 0.150447
187 79 0.0238293
188 79 0.180777
1626 79 -0.151988
1627 79 0.00137943
1628 79 -0.0466541
1629 79 -0.00427811
1630 79 0.0164804
1631 79 -0.117875
1644 79 0.35176
1645 79 -0.432496
1646 79 -0.138423
1647 79 -0.196036
1648 79 -0.500379
1649 79 0.300209
1713 79 -0.21035
1714 79 -0.48963
1715 79 0.308139
1716 79 0.363762
1717 79 -0.419022
1718 79 -0.145364
1737 79 -0.00261183
1738 79 0.0168233
1739 79 -0.117875
1740 79 -0.15338
1741 79 5.52795e-05
1742 79 -0.0442399
15 80 -0.183911
16 80 0.180575
17 80 -0.0479686
57 80 -0.0670952
58 80 -0.196128
59 80 0.0726012
75 80 0.252776
76 80 0.00842374
77 80 -0.0201881
78 80 -0.000117743
79 80 7.10989e-05
80 80 1.82617
81 80 0.251439
82 80 0.0221394
83 80 -0.0257397
99 80 -0.0703189
100 80 -0.196516
101 80 0.0683759
186 80 -0.182597
187 80 0.182188
188 80 -0.0460932
1626 80 -0.20493
1627 80 -0.0443162
1628 80 -0.0271977
