0 0 0.282975
1 0 -0.0442389
2 0 0.0370086
54 0 0.109217
55 0 0.13316
56 0 -0.108265
1608 0 -0.0763864
1609 0 -0.0512218
1610 0 0.00901233
1611 0 -0.0611117
1612 0 0.0713594
1613 0 0.102303
1623 0 -0.00721444
1624 0 -0.0174959
1625 0 -0.0148083
1626 0 -0.229088
1627 0 -0.0925388
1628 0 -0.0243434
0 1 -0.0442389
1 1 0.353588
2 1 -0.0754134
54 1 0.133668
55 1 -0.102147
56 1 0.223472
1608 1 -0.210164
1609 1 -0.138821
1610 1 -0.00541029
1611 1 0.0815963
1612 1 -0.152156
1613 1 -0.191963
1623 1 -0.0277084
1624 1 0.02872
1625 1 0.0525829
1626 1 0.0661287
1627 1 0.0283752
1628 1 -0.00278853
0 2 0.0370086
1 2 -0.0754134
2 2 0.321862
54 2 -0.10777
55 2 0.223792
56 2 -0.00726397
1608 2 0.107668
1609 2 0.0561179
1610 2 -0.0107675
1611 2 0.00966668
1612 2 -0.018923
1613 2 -0.012925
1623 2 0.078433
1624 2 -0.120813
1625 2 -0.247296
1626 2 -0.124029
1627 2 -0.0644515
1628 2 -0.0251385
3 3 0.286412
4 3 -0.0481916
5 3 0.0369105
57 3 0.0983866
58 3 0.144478
59 3 -0.113366
1611 3 -0.0677618
1612 3 -0.0481302
1613 3 0.00937085
1614 3 -0.0640904
1615 3 0.0725738
1616 3 0.108636
1626 3 -0.00488254
1627 3 -0.0194006
1628 3 -0.019937
1629 3 -0.230165
1630 3 -0.100109
1631 3 -0.0229738
3 4 -0.0481916
4 4 0.353625
5 4 -0.0714021
57 4 0.144056
58 4 -0.103114
59 4 0.216039
1611 4 -0.210094
1612 4 -0.146317
1613 4 -0.00414723
1614 4 0.0815798
1615 4 -0.14431
1616 4 -0.192418
1626 4 -0.0285986
1627 4 0.0290384
1628 4 0.0564709
1629 4 0.0612031
1630 4 0.0286802
1631 4 -0.00335383
3 5 0.0369105
4 5 -0.0714021
5 5 0.318389
57 5 -0.112746
58 5 0.216883
59 5 0.00529299
1611 5 0.103546
1612 5 0.0567134
1613 5 -0.012028
1614 5 0.013199
1615 5 -0.0232005
1616 5 -0.0198102
1626 5 0.0770744
1627 5 -0.115875
1628 5 -0.248549
1629 5 -0.116695
1630 5 -0.0646983
1631 5 -0.0239268
6 6 0.290207
7 6 -0.0499414
8 6 0.0390294
60 6 0.0888833
61 6 0.153242
62 6 -0.116794
1614 6 -0.0615055
1615 6 -0.0461961
1616 6 0.00968236
1617 6 -0.0648472
1618 6 0.0708261
1619 6 0.114933
1629 6 -0.00357557
1630 6 -0.0217681
1631 6 -0.0250203
1632 6 -0.231065
1633 6 -0.107386
1634 6 -0.0205784
6 7 -0.0499414
7 7 0.353293
8 7 -0.0706065
60 7 0.154234
61 7 -0.101787
62 7 0.209249
1614 7 -0.209989
1615 7 -0.152199
1616 7 -0.00149136
1617 7 0.078533
1618 7 -0.136272
1619 7 -0.19491
1629 7 -0.0295698
1630 7 0.0284803
1631 7 0.0600258
1632 7 0.0566399
1633 7 0.0287606
1634 7 -0.00425695
6 8 0.0390294
7 8 -0.0706065
8 8 0.314925
60 8 -0.117134
61 8 0.210738
62 8 0.013349
1614 8 0.100876
1615 8 0.0582112
1616 8 -0.0125009
1617 8 0.0146241
1618 8 -0.0241841
1619 8 -0.0234366
1629 8 0.0748079
1630 8 -0.109999
1631 8 -0.250058
1632 8 -0.111819
1633 8 -0.0656784
1634 8 -0.0229433
9 9 0.280384
10 9 -0.0428458
11 9 0.0337236
72 9 0.11802
73 9 0.126423
74 9 -0.101437
1620 9 -0.0837851
1621 9 -0.0526303
1622 9 0.00845189
1623 9 -0.0593478
1624 9 0.0707941
1625 9 0.0958961
1638 9 -0.00867095
1639 9 -0.0154435
1640 9 -0.0115409
1641 9 -0.228557
1642 9 -0.0853625
1643 9 -0.0269283
9 10 -0.0428458
10 10 0.355356
11 10 -0.0755871
72 10 0.125364
73 10 -0.109445
74 10 0.226995
1620 10 -0.210998
1621 10 -0.131461
1622 10 -0.00711359
1623 10 0.0828093
1624 10 -0.155389
1625 10 -0.193772
1638 10 -0.0266505
1639 10 0.0298203
1640 10 0.051494
1641 10 0.0729345
1642 10 0.0287735
1643 10 -0.000891361
9 11 0.0337236
10 11 -0.0755871
11 11 0.322685
72 11 -0.101552
73 11 0.22745
74 11 -0.00988155
1620 11 0.109009
1621 11 0.0530966
1622 11 -0.0101879
1623 11 0.00933525
1624 11 -0.0191493
1625 11 -0.0125334
1638 11 0.0771237
1639 11 -0.124907
1640 11 -0.246013
1641 11 -0.126531
1642 11 -0.0613125
1643 11 -0.0257207
12 12 0.283226
13 12 -0.0442459
14 12 0.0349271
75 12 0.110966
76 12 0.134441
77 12 -0.104779
1623 12 -0.0785185
1624 12 -0.050949
1625 12 0.00856395
1626 12 -0.0604503
1627 12 0.0692396
1628 12 0.102561
1641 12 -0.00771157
1642 12 -0.0170157
1643 12 -0.0146587
1644 12 -0.229283
1645 12 -0.0915816
1646 12 -0.0256641
12 13 -0.0442459
13 13 0.355521
14 13 -0.0741832
75 13 0.134042
76 13 -0.110731
77 13 0.221948
1623 13 -0.212617
1624 13 -0.136505
1625 13 -0.00632245
1626 13 0.0812626
1627 13 -0.147534
1628 13 -0.195761
1641 13 -0.0279828
1642 13 0.0302104
1643 13 0.0560373
1644 13 0.0689619
1645 13 0.0295311
1646 13 -0.00189012
12 14 0.0349271
13 14 -0.0741832
14 14 0.319678
75 14 -0.104421
76 14 0.222758
77 14 -0.00045077
1623 14 0.105635
1624 14 0.0526039
1625 14 -0.0101555
1626 14 0.0112901
1627 14 -0.0213632
1628 14 -0.0168919
1641 14 0.0756109
1642 14 -0.119148
1643 14 -0.247851
1644 14 -0.122153
1645 14 -0.0629847
1646 14 -0.0261573
15 15 0.286486
16 15 -0.047311
17 15 0.0353894
78 15 0.101242
79 15 0.14388
80 15 -0.109156
1626 15 -0.071066
1627 15 -0.049211
1628 15 0.00860849
1629 15 -0.0620376
1630 15 0.0691407
1631 15 0.109003
1644 15 -0.00564117
1645 15 -0.0187255
1646 15 -0.0192191
1647 15 -0.230509
1648 15 -0.0980004
1649 15 -0.0238927
15 16 -0.047311
16 16 0.354425
17 16 -0.0710302
78 16 0.143502
79 16 -0.110542
80 16 0.215669
1626 16 -0.211429
1627 16 -0.143638
1628 16 -0.00596389
1629 16 0.0787079
1630 16 -0.140926
1631 16 -0.196482
1644 16 -0.0289879
1645 16 0.0296626
1646 16 0.0591821
1647 16 0.0643736
1648 16 0.0297557
1649 16 -0.00270917
15 17 0.0353894
16 17 -0.0710302
17 17 0.317514
78 17 -0.109358
79 17 0.216993
80 17 0.00935407
1626 17 0.102217
1627 17 0.0540817
1628 17 -0.0109499
1629 17 0.013654
1630 17 -0.0243052
1631 17 -0.0224784
1644 17 0.0757867
1645 17 -0.113224
1646 17 -0.249644
1647 17 -0.116789
1648 17 -0.0631221
1649 17 -0.0252253
18 18 0.289958
19 18 -0.0512133
20 18 0.0369902
81 18 0.0909745
82 18 0.153424
83 18 -0.113203
1629 18 -0.0631987
1630 18 -0.0463789
1631 18 0.00908155
1632 18 -0.0638752
1633 18 0.0686479
1634 18 0.115146
1647 18 -0.00367102
1648 18 -0.0213949
1649 18 -0.024829
1650 18 -0.231893
1651 18 -0.104816
1652 18 -0.0221186
18 19 -0.0512133
19 19 0.354288
20 19 -0.0687785
81 19 0.152479
82 19 -0.109458
83 19 0.210076
1629 19 -0.211384
1630 19 -0.149492
1631 19 -0.00410485
1632 19 0.0788705
1633 19 -0.133692
1634 19 -0.19721
1647 19 -0.0293796
1648 19 0.0288596
1649 19 0.0629945
1650 19 0.060354
1651 19 0.0299182
1652 19 -0.00337227
18 20 0.0369902
19 20 -0.0687785
20 20 0.314179
81 20 -0.11374
82 20 0.21021
83 20 0.0178622
1629 20 0.0991025
1630 20 0.055146
1631 20 -0.0119719
1632 20 0.0161344
1633 20 -0.0263307
1634 20 -0.0274285
1647 20 0.0724448
1648 20 -0.106989
1649 20 -0.251593
1650 20 -0.110992
1651 20 -0.0634326
1652 20 -0.0238974
21 21 0.293601
22 21 -0.0549833
23 21 0.0369126
84 21 0.0797632
85 21 0.163216
86 21 -0.11688
1632 21 -0.0550209
1633 21 -0.0432479
1634 21 0.00897342
1635 21 -0.0653691
1636 21 0.0689307
1637 21 0.121056
1650 21 -0.00204055
1651 21 -0.0235524
1652 21 -0.0306433
1653 21 -0.232952
1654 21 -0.111366
1655 21 -0.0205894
21 22 -0.0549833
22 22 0.354163
23 22 -0.0656675
84 22 0.161436
85 22 -0.107986
86 22 0.203563
1632 22 -0.209887
1633 22 -0.15753
1634 22 -0.00342326
1635 22 0.078061
1636 22 -0.128186
1637 22 -0.196176
1650 22 -0.0303849
1651 22 0.0282709
1652 22 0.066972
1653 22 0.0560198
1654 22 0.0298202
1655 22 -0.00383271
21 23 0.0369126
22 23 -0.0656675
23 23 0.310661
84 23 -0.117191
85 23 0.202303
86 23 0.028402
1632 23 0.0950365
1633 23 0.0560855
1634 23 -0.0127076
1635 23 0.0190294
1636 23 -0.0293742
1637 23 -0.0337783
1650 23 0.0706259
1651 23 -0.100988
1652 23 -0.252432
1653 23 -0.104215
1654 23 -0.0627475
1655 23 -0.022331
24 24 0.283046
25 24 -0.0441861
26 24 0.033714
96 24 0.111878
97 24 0.135256
98 24 -0.101905
1641 24 -0.079727
1642 24 -0.0514274
1643 24 0.00771675
1644 24 -0.059321
1645 24 0.0670142
1646 24 0.102824
1656 24 -0.0078496
1657 24 -0.0167771
1658 24 -0.0148728
1659 24 -0.229516
1660 24 -0.0904174
1661 24 -0.0262163
24 25 -0.0441861
25 25 0.358095
26 25 -0.0737729
96 25 0.135188
97 25 -0.118611
98 25 0.220419
1641 25 -0.213984
1642 25 -0.136731
1643 25 -0.00842938
1644 25 0.0789346
1645 25 -0.14525
1646 25 -0.198465
1656 25 -0.0288311
1657 25 0.0313494
1658 25 0.0604819
1659 25 0.0718631
1660 25 0.0306527
1661 25 -0.00124139
24 26 0.033714
25 26 -0.0737729
26 26 0.317285
96 26 -0.101394
97 26 0.221282
98 26 0.0063251
1641 26 0.102878
1642 26 0.0503166
1643 26 -0.00969217
1644 26 0.0122869
1645 26 -0.0234613
1646 26 -0.0204921
1656 26 0.0740308
1657 26 -0.11534
1658 26 -0.248843
1659 26 -0.120881
1660 26 -0.0614359
1661 26 -0.0267658
27 27 0.284859
28 27 -0.0473923
29 27 0.0323215
99 27 0.103764
100 27 0.142967
101 27 -0.104764
1644 27 -0.0735772
1645 27 -0.0498473
1646 27 0.00753922
1647 27 -0.0617895
1648 27 0.0676882
1649 27 0.107537
1659 27 -0.00601611
1660 27 -0.0172513
1661 27 -0.0176362
1662 27 -0.229746
1663 27 -0.0950438
1664 27 -0.0266533
27 28 -0.0473923
28 28 0.356229
29 28 -0.0696374
99 28 0.142174
100 28 -0.118095
101 28 0.216128
1644 28 -0.21283
1645 28 -0.141563
1646 28 -0.00814054
1647 28 0.0792054
1648 28 -0.13908
1649 28 -0.198469
1659 28 -0.0292149
1660 28 0.0299147
1661 28 0.0623708
1662 28 0.0681814
1663 28 0.0306919
1664 28 -0.00132563
27 29 0.0323215
28 29 -0.0696374
29 29 0.317337
99 29 -0.106821
100 29 0.216074
101 29 0.0140084
1644 29 0.100162
1645 29 0.0513206
1646 29 -0.00958621
1647 29 0.0150114
1648 29 -0.0265315
1649 29 -0.0260889
1659 29 0.0745741
1660 29 -0.108622
1661 29 -0.251883
1662 29 -0.115965
1663 29 -0.0614954
1664 29 -0.0269199
30 30 0.287987
31 30 -0.0504135
32 30 0.0348575
102 30 0.0952131
103 30 0.151397
104 30 -0.108648
1647 30 -0.0666333
1648 30 -0.0480808
1649 30 0.00780956
1650 30 -0.0621303
1651 30 0.0663099
1652 30 0.113593
1662 30 -0.00465882
1663 30 -0.0197258
1664 30 -0.0232328
1665 30 -0.231653
1666 30 -0.100761
1667 30 -0.023834
30 31 -0.0504135
31 31 0.35777
32 31 -0.0681462
102 31 0.151505
103 31 -0.118971
104 31 0.210061
1647 31 -0.213088
1648 31 -0.148414
1649 31 -0.00698466
1650 31 0.0775727
1651 31 -0.132414
1652 31 -0.200085
1662 31 -0.0305684
1663 31 0.0298386
1664 31 0.0671696
1665 31 0.0650995
1666 31 0.0312019
1667 31 -0.0022167
30 32 0.0348575
31 32 -0.0681462
32 32 0.312668
102 32 -0.108606
103 32 0.210027
104 32 0.0229759
1647 32 0.0957528
1648 32 0.0520219
1649 32 -0.0104566
1650 32 0.016847
1651 32 -0.0280847
1652 32 -0.0308225
1662 32 0.0723718
1663 32 -0.102879
1664 32 -0.252236
1665 32 -0.111699
1666 32 -0.0615305
1667 32 -0.0248959
33 33 0.728248
34 33 -0.0177607
35 33 0.19416
36 33 -0.101221
37 33 0.0108997
38 33 0.214787
51 33 0.0450589
52 33 -0.148902
53 33 -0.109579
129 33 0.0611753
130 33 0.135488
131 33 -0.104157
1608 33 -0.0786883
1609 33 -0.208695
1610 33 0.10997
1668 33 -0.0564664
1669 33 0.205373
1670 33 0.0970534
1683 33 0.0441557
1684 33 -0.0051157
1685 33 -0.118984
1686 33 -0.623909
1687 33 0.0318658
1688 33 -0.282971
33 34 -0.0177607
34 34 0.303413
35 34 -0.0104355
36 34 0.00866163
37 34 0.08624
38 34 -0.00995979
51 34 0.00716867
52 34 -0.0385254
53 34 -0.0736793
129 34 -0.018562
130 34 -0.0454245
131 34 0.0856799
1608 34 -0.0524552
1609 34 -0.138594
1610 34 0.0573357
1668 34 0.0463673
1669 34 -0.16499
1670 34 -0.0638724
1683 34 -0.00206721
1684 34 -0.0176048
1685 34 0.00214914
1686 34 0.0291818
1687 34 0.0335093
1688 34 0.0130984
33 35 0.19416
34 35 -0.0104355
35 35 0.378776
36 35 0.0180062
37 35 -0.00138677
38 35 0.0155745
51 35 -0.0164528
52 35 -0.144309
53 35 -0.00618605
129 35 0.00155804
130 35 0.147722
131 35 -0.0171732
1608 35 0.00863925
1609 35 -0.00627672
1610 35 -0.00949528
1668 35 0.0063744
1669 35 0.0105244
1670 35 -0.00450509
1683 35 0.0759502
1684 35 -0.00715903
1685 35 -0.251857
1686 35 -0.289233
1687 35 0.013495
1688 35 -0.0873258
33 36 -0.101221
34 36 0.00866163
35 36 0.0180062
36 36 0.905134
37 36 -0.00404697
38 36 -0.00109742
39 36 -0.0977422
40 36 0.000805819
41 36 0.21868
54 36 0.0899174
55 36 -0.143039
56 36 -0.126223
132 36 0.104223
133 36 0.125588
134 36 -0.115308
1608 36 -0.0640432
1609 36 0.0945103
1610 36 0.00808482
1611 36 -0.0820866
1612 36 -0.217513
1613 36 0.11031
1668 36 -0.0708472
1669 36 -0.089805
1670 36 0.011669
1671 36 -0.0625305
1672 36 0.206239
1673 36 0.106159
1686 36 0.0337192
1687 36 -0.000629172
1688 36 0.0410366
1689 36 -0.637749
1690 36 0.0218147
1691 36 -0.27336
33 37 0.0108997
34 37 0.08624
35 37 -0.00138677
36 37 -0.00404697
37 37 0.732088
38 37 0.00505575
39 37 0.00244129
40 37 0.0851176
41 37 -0.00324519
54 37 -0.145109
55 37 -0.074072
56 37 -0.2198
132 37 0.0497087
133 37 -0.0918441
134 37 0.0910868
1608 37 0.20545
1609 37 -0.257468
1610 37 -0.00901624
1611 37 -0.105094
1612 37 -0.237276
1613 37 0.182361
1668 37 -0.0800534
1669 37 -0.140098
1670 37 0.018405
1671 37 0.0478415
1672 37 -0.153901
1673 37 -0.0654699
1686 37 -0.000470508
1687 37 0.0344042
1688 37 -0.00445657
1689 37 0.0189508
1690 37 0.0345118
1691 37 0.00738495
33 38 0.214787
34 38 -0.00995979
35 38 0.0155745
36 38 -0.00109742
37 38 0.00505575
38 38 0.903244
39 38 0.0209368
40 38 0.00197325
41 38 0.00955327
54 38 -0.125878
55 38 -0.214273
56 38 -0.0158571
132 38 -0.112291
133 38 0.209075
134 38 -0.0126127
1608 38 0.0996991
1609 38 -0.190968
1610 38 -0.0171771
1611 38 0.00929745
1612 38 0.00858052
1613 38 -0.0189475
1668 38 0.116624
1669 38 0.18647
1670 38 -0.0139202
1671 38 0.0092085
1672 38 -6.18231e-06
1673 38 -0.00941339
1686 38 0.0449211
1687 38 -0.000885946
1688 38 -0.746549
1689 38 -0.274882
1690 38 0.0086307
1691 38 -0.074288
36 39 -0.0977422
37 39 0.00244129
38 39 0.0209368
39 39 0.907009
40 39 -0.00108489
41 39 -0.00709134
42 39 -0.0918753
43 39 -0.00928831
44 39 0.219809
57 39 0.0923097
58 39 -0.139899
59 39 -0.125404
135 39 0.0966212
136 39 0.134547
137 39 -0.11588
1611 39 -0.071396
1612 39 0.0975555
1613 39 0.0122962
1614 39 -0.0723606
1615 39 -0.214507
1616 39 0.103928
1671 39 -0.0660166
1672 39 -0.0841486
1673 39 0.00995106
1674 39 -0.0678276
1675 39 0.205665
1676 39 0.113521
1689 39 0.0344963
1690 39 -0.000963929
1691 39 0.0316776
1692 39 -0.645809
1693 39 0.00924613
1694 39 -0.264691
36 40 0.000805819
37 40 0.0851176
38 40 0.00197325
39 40 -0.00108489
40 40 0.728441
41 40 0.00327385
42 40 -0.00325583
43 40 0.0859395
44 40 0.00438341
57 40 -0.144766
58 40 -0.074355
59 40 -0.219329
135 40 0.0567319
136 40 -0.0923306
137 40 0.0864253
1611 40 0.208074
1612 40 -0.244218
1613 40 -0.0205411
1614 40 -0.0968723
1615 40 -0.247038
1616 40 0.182326
1671 40 -0.0784905
1672 40 -0.147311
1673 40 0.0168536
1674 40 0.0493545
1675 40 -0.145669
1676 40 -0.0668029
1689 40 0.000532925
1690 40 0.0346121
1691 40 0.00901995
1692 40 0.00813506
1693 40 0.0345798
1694 40 0.00183752
36 41 0.21868
37 41 -0.00324519
38 41 0.00955327
39 41 -0.00709134
40 41 0.00327385
41 41 0.905016
42 41 0.0229399
43 41 0.00412299
44 41 0.00480945
57 41 -0.124993
58 41 -0.216962
59 41 -0.0185861
135 41 -0.118558
136 41 0.203662
137 41 -0.00399091
1611 41 0.108576
1612 41 -0.194153
1613 41 -0.0249021
1614 41 0.00823297
1615 41 0.00867945
1616 41 -0.0175121
1671 41 0.110881
1672 41 0.187152
1673 41 -0.0110482
1674 41 0.0116004
1675 41 -0.00668446
1676 41 -0.0136516
1689 41 0.0299281
1690 41 0.014613
1691 41 -0.746922
1692 41 -0.26381
1693 41 0.0021466
1694 41 -0.0666861
39 42 -0.0918753
40 42 -0.00325583
41 42 0.0229399
42 42 0.907265
43 42 0.00234861
44 42 -0.00537896
45 42 -0.0878217
46 42 -0.0141645
47 42 0.221482
60 42 0.0953627
61 42 -0.139604
62 42 -0.123913
138 42 0.0880364
139 42 0.143494
140 42 -0.117463
1614 42 -0.0759862
1615 42 0.0973646
1616 42 0.0145697
1617 42 -0.0652806
1618 42 -0.212952
1619 42 0.0984222
1674 42 -0.0607998
1675 42 -0.0777038
1676 42 0.00825091
1677 42 -0.0694502
1678 42 0.204103
1679 42 0.118654
1692 42 0.0336907
1693 42 -0.000381449
1694 42 0.0164109
1695 42 -0.654406
1696 42 -0.00374
1697 42 -0.25346
39 43 -0.00928831
40 43 0.0859395
41 43 0.00412299
42 43 0.00234861
43 43 0.730629
44 43 -0.00273949
45 43 -0.00560344
46 43 0.0854702
47 43 0.00830905
60 43 -0.141637
61 43 -0.0730634
62 43 -0.220471
138 43 0.0650146
139 43 -0.0919315
140 43 0.0820732
1614 43 0.208349
1615 43 -0.23553
1616 43 -0.0229517
1617 43 -0.0892868
1618 43 -0.256813
1619 43 0.182228
1674 43 -0.0774384
1675 43 -0.156845
1676 43 0.0148762
1677 43 0.0487797
1678 43 -0.139578
1679 43 -0.0667244
1692 43 0.000882991
1693 43 0.0334455
1694 43 0.0244959
1695 43 -0.00197962
1696 43 0.0342288
1697 43 -0.0013889
39 44 0.219809
40 44 0.00438341
41 44 0.00480945
42 44 -0.00537896
43 44 -0.00273949
44 44 0.902572
45 44 0.0238376
46 44 0.00540166
47 44 0.00154806
60 44 -0.123807
61 44 -0.217662
62 44 -0.0207971
138 44 -0.123701
139 44 0.196111
140 44 0.00422453
1614 44 0.116857
1615 44 -0.19604
1616 44 -0.0303576
1617 44 0.0080612
1618 44 0.0099883
1619 44 -0.0171506
1674 44 0.104479
1675 44 0.187373
1676 44 -0.00770679
1677 44 0.0137186
1678 44 -0.011339
1679 44 -0.0181109
1692 44 0.0165085
1693 44 0.0272705
1694 44 -0.744892
1695 44 -0.253062
1696 44 -0.002511
1697 44 -0.0580361
42 45 -0.0878217
43 45 -0.00560344
44 45 0.0238376
45 45 0.296817
46 45 0.000847872
47 45 -0.002493
63 45 0.0482742
64 45 -0.0709621
65 45 -0.0158702
141 45 0.039401
142 45 0.0773718
143 45 -0.00921364
1617 45 -0.0653405
1618 45 0.0785419
1619 45 0.0155031
1677 45 -0.0576226
1678 45 -0.0735678
1679 45 0.00823467
1695 45 0.0343747
1696 45 2.14903e-05
1697 45 0.00349422
1698 45 -0.190533
1699 45 -0.00641465
1700 45 -0.022609
42 46 -0.0141645
43 46 0.0854702
44 46 0.00540166
45 46 0.000847872
46 46 0.296356
47 46 -0.0212504
63 46 -0.0679468
64 46 -0.0379727
65 46 -0.0238019
141 46 0.0821297
142 46 -0.0463536
143 46 0.0194986
1617 46 0.0715995
1618 46 -0.134568
1619 46 -0.0249956
1677 46 -0.0766999
1678 46 -0.160619
1679 46 0.0150002
1695 46 0.000443168
1696 46 0.0333221
1697 46 0.0319465
1698 46 0.00379705
1699 46 -0.0178599
1700 46 -0.00120958
42 47 0.221482
43 47 0.00830905
44 47 0.00154806
45 47 -0.002493
46 47 -0.0212504
47 47 0.817264
63 47 -0.107815
64 47 -0.196621
65 47 -0.0123477
141 47 -0.11388
142 47 0.186313
143 47 0.0080173
1617 47 0.117746
1618 47 -0.194201
1619 47 -0.025026
1677 47 0.101619
1678 47 0.188188
1679 47 -0.0076309
1695 47 0.00477756
1696 47 0.0331873
1697 47 -0.745028
1698 47 -0.221964
1699 47 -0.00926417
1700 47 -0.0151523
48 48 0.793021
49 48 0.0136554
50 48 0.141684
51 48 -0.100535
52 48 0.0145602
53 48 0.21379
69 48 0.040682
70 48 -0.153632
71 48 -0.111595
150 48 0.124233
151 48 0.11747
152 48 -0.10012
1620 48 -0.0853717
1621 48 -0.209785
1622 48 0.110916
1680 48 -0.0888247
1681 48 -0.0538685
1682 48 0.00941456
1683 48 -0.0543506
1684 48 0.199934
1685 48 0.0882888
1704 48 0.01502
1705 48 0.0232478
1706 48 -0.0714538
1707 48 -0.624963
1708 48 0.0497359
1709 48 -0.279648
48 49 0.0136554
49 49 0.547683
50 49 -0.0830161
51 49 0.0130295
52 49 0.0864019
53 49 -0.0150091
69 49 0.0040748
70 49 -0.033746
71 49 -0.0701015
150 49 0.114253
151 49 -0.0997559
152 49 0.23425
1620 49 -0.0532525
1621 49 -0.131809
1622 49 0.0531686
1680 49 -0.208027
1681 49 -0.127173
1682 49 -0.00772672
1683 49 0.09145
1684 49 -0.272422
1685 49 -0.18772
1704 49 -0.0220889
1705 49 0.0173143
1706 49 0.056533
1707 49 0.0474101
1708 49 0.0313052
1709 49 0.0202476
48 50 0.141684
49 50 -0.0830161
50 50 0.521744
51 50 0.0176512
52 50 -0.00174163
53 50 0.0162707
69 50 -0.019469
70 50 -0.142624
71 50 -0.00577281
150 50 -0.0984332
151 50 0.232555
152 50 -0.0261302
1620 50 0.00843123
1621 50 -0.00711018
1622 50 -0.00970499
1680 50 0.114852
1681 50 0.0537772
1682 50 -0.0110064
1683 50 0.0054978
1684 50 -0.00266796
1685 50 -0.0124383
1704 50 0.115737
1705 50 -0.0709208
1706 50 -0.369785
1707 50 -0.286185
1708 50 0.0206088
1709 50 -0.0852664
33 51 0.0450589
34 51 0.00716867
35 51 -0.0164528
48 51 -0.100535
49 51 0.0130295
50 51 0.0176512
51 51 1.04915
52 51 -0.0175205
53 51 -0.132734
54 51 -0.198702
55 51 0.0161632
56 51 0.235767
72 51 0.0839036
73 51 -0.14753
74 51 -0.130619
153 51 0.119687
154 51 0.124
155 51 -0.101606
1608 51 0.0142528
1609 51 -0.0246754
1610 51 0.117283
1620 51 -0.0581027
1621 51 0.0904805
1622 51 0.00792294
1623 51 -0.104601
1624 51 -0.277103
1625 51 0.115939
1683 51 -0.110857
1684 51 -0.122384
1685 51 0.0177189
1686 51 -0.123168
1687 51 0.293679
1688 51 0.103011
1707 51 0.0319086
1708 51 1.05184e-06
1709 51 0.0471065
1710 51 -0.628454
1711 51 0.042444
1712 51 -0.279562
33 52 -0.148902
34 52 -0.0385254
35 52 -0.144309
48 52 0.0145602
49 52 0.0864019
50 52 -0.00174163
51 52 -0.0175205
52 52 1.29841
53 52 0.0713665
54 52 0.0166085
55 52 0.172905
56 52 -0.0127974
72 52 -0.148893
73 52 -0.0658707
74 52 -0.215618
153 52 0.121428
154 52 -0.101003
155 52 0.229224
1608 52 0.0240021
1609 52 0.0163646
1610 52 -0.0573251
1620 52 0.201248
1621 52 -0.264162
1622 52 -0.00817112
1623 52 -0.11869
1624 52 -0.322488
1625 52 0.19005
1683 52 -0.277942
1684 52 -0.312417
1685 52 0.13302
1686 52 0.293031
1687 52 -0.520693
1688 52 -0.197596
1707 52 0.00075313
1708 52 0.034186
1709 52 -0.00552241
1710 52 0.041356
1711 52 0.0322995
1712 52 0.0181494
33 53 -0.109579
34 53 -0.0736793
35 53 -0.00618605
48 53 0.21379
49 53 -0.0150091
50 53 0.0162707
51 53 -0.132734
52 53 0.0713665
53 53 1.32293
54 53 0.233793
55 53 -0.0103584
56 53 0.0268176
72 53 -0.13057
73 53 -0.2122
74 53 -0.017567
153 53 -0.102998
154 53 0.229779
155 53 -0.0185092
1608 53 -0.0743495
1609 53 0.0600672
1610 53 -0.370835
1620 53 0.0953367
1621 53 -0.193326
1622 53 -0.0172452
1623 53 0.0139422
1624 53 0.130859
1625 53 -0.0251666
1683 53 0.124516
1684 53 0.194797
1685 53 -0.0309293
1686 53 0.104681
1687 53 -0.195745
1688 53 -0.0339816
1707 53 0.0462458
1708 53 -0.00146637
1709 53 -0.744355
1710 53 -0.283115
1711 53 0.0176251
1712 53 -0.0833558
0 54 0.109217
1 54 0.133668
2 54 -0.10777
36 54 0.0899174
37 54 -0.145109
38 54 -0.125878
51 54 -0.198702
52 54 0.0166085
53 54 0.233793
54 54 1.82554
55 54 -0.003973
56 54 0.0010315
57 54 -0.194515
58 54 0.00179877
59 54 0.238235
75 54 0.0874034
76 54 -0.144137
77 54 -0.129752
156 54 0.109624
157 54 0.134324
158 54 -0.106406
1608 54 -0.631195
1609 54 0.0284383
1610 54 -0.278472
1611 54 0.0324041
1612 54 -0.00168071
1613 54 0.0393827
1623 54 -0.126994
1624 54 0.29631
1625 54 0.112431
1626 54 -0.170609
1627 54 -0.322237
1628 54 0.118711
1686 54 -0.179348
1687 54 -0.326531
1688 54 0.124262
1689 54 -0.132435
1690 54 0.29944
1691 54 0.113515
1710 54 0.0345661
1711 54 -0.00196096
1712 54 0.040267
1713 54 -0.635758
1714 54 0.0302573
1715 54 -0.271867
0 55 0.13316
1 55 -0.102147
2 55 0.223792
36 55 -0.143039
37 55 -0.074072
38 55 -0.214273
51 55 0.0161632
52 55 0.172905
53 55 -0.0103584
54 55 -0.003973
55 55 1.82374
56 55 -0.00550551
57 55 0.0030816
58 55 0.173969
59 55 -0.00451523
75 55 -0.146897
76 55 -0.0674797
77 55 -0.21719
156 55 0.133177
157 55 -0.103512
158 55 0.222905
1608 55 0.0303911
1609 55 0.0329543
1610 55 0.0121024
1611 55 0.0017058
1612 55 0.0333605
1613 55 0.0119548
1623 55 0.295854
1624 55 -0.509572
1625 55 -0.2056
1626 55 -0.319305
1627 55 -0.474062
1628 55 0.185585
1686 55 -0.326638
1687 55 -0.462066
1688 55 0.187858
1689 55 0.298375
1690 55 -0.501297
1691 55 -0.207363
1710 55 -0.000370088
1711 55 0.0360738
1712 55 0.00665485
1713 55 0.0295236
1714 55 0.0343767
1715 55 0.0123406
0 56 -0.108265
1 56 0.223472
2 56 -0.00726397
36 56 -0.126223
37 56 -0.2198
38 56 -0.0158571
51 56 0.235767
52 56 -0.0127974
53 56 0.0268176
54 56 0.0010315
55 56 -0.00550551
56 56 1.82927
57 56 0.235603
58 56 -0.00059824
59 56 0.022848
75 56 -0.128877
76 56 -0.213953
77 56 -0.0198519
156 56 -0.108551
157 56 0.223564
158 56 -0.00627733
1608 56 -0.276945
1609 56 0.0125729
1610 56 -0.0803802
1611 56 0.0375203
1612 56 0.00582579
1613 56 -0.746535
1623 56 0.110093
1624 56 -0.206973
1625 56 -0.0444755
1626 56 0.118557
1627 56 0.187996
1628 56 -0.0351193
1686 56 0.124185
1687 56 0.190662
1688 56 -0.0373094
1689 56 0.11734
1690 56 -0.20649
1691 56 -0.0443206
1710 56 0.0442748
1711 56 0.00943233
1712 56 -0.74628
1713 56 -0.276264
1714 56 0.010693
1715 56 -0.0749531
3 57 0.0983866
4 57 0.144056
5 57 -0.112746
39 57 0.0923097
40 57 -0.144766
41 57 -0.124993
54 57 -0.194515
55 57 0.0030816
56 57 0.235603
57 57 1.82225
58 57 0.00271045
59 57 -0.00107233
60 57 -0.186982
61 57 -0.0120588
62 57 0.240489
78 57 0.0898266
79 57 -0.14028
80 57 -0.128448
159 57 0.0994643
160 57 0.143675
161 57 -0.111342
1611 57 -0.638737
1612 57 0.015952
1613 57 -0.26706
1614 57 0.0348664
1615 57 0.00023605
1616 57 0.024529
1626 57 -0.137361
1627 57 0.301378
1628 57 0.121838
1629 57 -0.150627
1630 57 -0.314617
1631 57 0.109847
1689 57 -0.159232
1690 57 -0.317115
1691 57 0.116138
1692 57 -0.142963
1693 57 0.301595
1694 57 0.126234
1713 57 0.0345239
1714 57 -0.00085602
1715 57 0.03136
1716 57 -0.64491
1717 57 0.0177393
1718 57 -0.263433
3 58 0.144478
4 58 -0.103114
5 58 0.216883
39 58 -0.139899
40 58 -0.074355
41 58 -0.216962
54 58 0.00179877
55 58 0.173969
56 58 -0.00059824
57 58 0.00271045
58 58 1.82831
59 58 -0.00192739
60 58 -0.0123437
61 58 0.173739
62 58 0.0055522
78 58 -0.144135
79 58 -0.0648429
80 58 -0.219499
159 58 0.142992
160 58 -0.102941
161 58 0.216962
1611 58 0.0164117
1612 58 0.0348604
1613 58 0.00446533
1614 58 0.000215589
1615 58 0.0336704
1616 58 0.0262866
1626 58 0.298873
1627 58 -0.489773
1628 58 -0.212013
1629 58 -0.310866
1630 58 -0.497672
1631 58 0.184693
1689 58 -0.318522
1690 58 -0.486099
1691 58 0.189235
1692 58 0.303544
1693 58 -0.478183
1694 58 -0.216589
1713 58 -0.000270804
1714 58 0.0336378
1715 58 0.0201666
1716 58 0.0179621
1717 58 0.0341518
1718 58 0.005835
3 59 -0.113366
4 59 0.216039
5 59 0.00529299
39 59 -0.125404
40 59 -0.219329
41 59 -0.0185861
54 59 0.238235
55 59 -0.00451523
56 59 0.022848
57 59 -0.00107233
58 59 -0.00192739
59 59 1.82799
60 59 0.240093
61 59 0.0119431
62 59 0.0134988
78 59 -0.127799
79 59 -0.21591
80 59 -0.0219969
159 59 -0.113825
160 59 0.217448
161 59 0.00364773
1611 59 -0.268391
1612 59 0.00579718
1613 59 -0.0725278
1614 59 0.0264589
1615 59 0.0187842
1616 59 -0.746087
1626 59 0.121463
1627 59 -0.21512
1628 59 -0.0540264
1629 59 0.109791
1630 59 0.186973
1631 59 -0.0315432
1689 59 0.116945
1690 59 0.188624
1691 59 -0.0348574
1692 59 0.129984
1693 59 -0.220298
1694 59 -0.0567165
1713 59 0.0327397
1714 59 0.0245589
1715 59 -0.746789
1716 59 -0.263416
1717 59 0.00588301
1718 59 -0.0660195
6 60 0.0888833
7 60 0.154234
8 60 -0.117134
42 60 0.0953627
43 60 -0.141637
44 60 -0.123807
57 60 -0.186982
58 60 -0.0123437
59 60 0.240093
60 60 1.82489
61 60 -0.00100713
62 60 0.00249781
63 60 -0.177851
64 60 -0.021531
65 60 0.245179
81 60 0.0939406
82 60 -0.138874
83 60 -0.126389
162 60 0.088349
163 60 0.152967
164 60 -0.116674
1614 60 -0.6473
1615 60 0.00519326
1616 60 -0.260863
1617 60 0.0343402
1618 60 -0.000353981
1619 60 0.013062
1629 60 -0.148622
1630 60 0.305432
1631 60 0.134895
1632 60 -0.134019
1633 60 -0.308211
1634 60 0.102444
1692 60 -0.139087
1693 60 -0.305151
1694 60 0.10803
1695 60 -0.152422
1696 60 0.302345
1697 60 0.136402
1716 60 0.0341613
1717 60 -0.000107182
1718 60 0.0176134
1719 60 -0.653432
1720 60 0.00559379
1721 60 -0.251764
6 61 0.153242
7 61 -0.101787
8 61 0.210738
42 61 -0.139604
43 61 -0.0730634
44 61 -0.217662
57 61 -0.0120588
58 61 0.173739
59 61 0.0119431
60 61 -0.00100713
61 61 1.82908
62 61 -0.000775818
63 61 -0.0176803
64 61 0.172784
65 61 0.0126729
81 61 -0.141637
82 61 -0.0650168
83 61 -0.220305
162 61 0.152643
163 61 -0.1013
164 61 0.211057
1614 61 0.00345958
1615 61 0.0340218
1616 61 -0.00102092
1617 61 -0.00106838
1618 61 0.0332475
1619 61 0.0340735
1629 61 0.300673
1630 61 -0.467679
1631 61 -0.221644
1632 61 -0.3013
1633 61 -0.515414
1634 61 0.183645
1692 61 -0.306897
1693 61 -0.509018
1694 61 0.188434
1695 61 0.306921
1696 61 -0.461463
1697 61 -0.224539
1716 61 0.000531736
1717 61 0.0325195
1718 61 0.0326173
1719 61 0.00618551
1720 61 0.0328889
1721 61 0.00267548
6 62 -0.116794
7 62 0.209249
8 62 0.013349
42 62 -0.123913
43 62 -0.220471
44 62 -0.0207971
57 62 0.240489
58 62 0.0055522
59 62 0.0134988
60 62 0.00249781
61 62 -0.000775818
62 62 1.82457
63 62 0.242021
64 62 0.0144384
65 62 0.00514645
81 62 -0.126266
82 62 -0.217373
83 62 -0.0254407
162 62 -0.118255
163 62 0.210524
164 62 0.0126552
1614 62 -0.258302
1615 62 0.0034804
1616 62 -0.0663427
1617 62 0.00974802
1618 62 0.0338062
1619 62 -0.746189
1629 62 0.132994
1630 62 -0.222657
1631 62 -0.0662051
1632 62 0.104283
1633 62 0.18964
1634 62 -0.0285278
1692 62 0.107935
1693 62 0.188295
1694 62 -0.0306408
1695 62 0.138668
1696 62 -0.223011
1697 62 -0.0675493
1716 62 0.0170477
1717 62 0.0366603
1718 62 -0.744754
1719 62 -0.256647
1720 62 0.00204433
1721 62 -0.0606456
45 63 0.0482742
46 63 -0.0679468
47 63 -0.107815
60 63 -0.177851
61 63 -0.0176803
62 63 0.242021
63 63 1.38072
64 63 0.077142
65 63 -0.00414626
66 63 -0.0804142
67 63 -0.0226637
68 63 0.222941
84 63 0.094603
85 63 -0.138204
86 63 -0.12663
165 63 0.077066
166 63 0.162339
167 63 -0.119489
1617 63 -0.326446
1618 63 0.0626872
1619 63 -0.223302
1632 63 -0.0894752
1633 63 0.233113
1634 63 0.0256374
1635 63 -0.0588627
1636 63 -0.211985
1637 63 0.0897079
1695 63 -0.123311
1696 63 -0.294966
1697 63 0.102468
1698 63 -0.0939884
1699 63 0.227119
1700 63 0.131514
1719 63 0.0328045
1720 63 0.000818258
1721 63 0.000315672
1722 63 -0.666673
1723 63 -0.00580229
1724 63 -0.238926
45 64 -0.0709621
46 64 -0.0379727
47 64 -0.196621
60 64 -0.021531
61 64 0.172784
62 64 0.0144384
63 64 0.077142
64 64 1.29903
65 64 0.0183213
66 64 -0.00884676
67 64 0.0843684
68 64 0.0151867
84 64 -0.14045
85 64 -0.0646843
86 64 -0.220756
165 64 0.163277
166 64 -0.101808
167 64 0.203349
1617 64 -0.0687032
1618 64 0.0179605
1619 64 -0.00519511
1632 64 0.223459
1633 64 -0.31588
1634 64 -0.0352023
1635 64 -0.0831497
1636 64 -0.267165
1637 64 0.178023
1695 64 -0.29902
1696 64 -0.524739
1697 64 0.194212
1698 64 0.233919
1699 64 -0.307543
1700 64 -0.209744
1719 64 0.000535572
1720 64 0.0313648
1721 64 0.0455154
1722 64 -0.00512651
1723 64 0.0348285
1724 64 -0.0033625
45 65 -0.0158702
46 65 -0.0238019
47 65 -0.0123477
60 65 0.245179
61 65 0.0126729
62 65 0.00514645
63 65 -0.00414626
64 65 0.0183213
65 65 0.990745
66 65 0.0261975
67 65 0.0085887
68 65 -0.00497902
84 65 -0.126238
85 65 -0.217683
86 65 -0.0264697
165 65 -0.121406
166 65 0.202511
167 65 0.0248922
1617 65 -0.0278772
1618 65 0.00161783
1619 65 -0.0264991
1632 65 0.126536
1633 65 -0.205935
1634 65 -0.0468202
1635 65 0.00649881
1636 65 0.00936993
1637 65 -0.0148151
1695 65 0.100601
1696 65 0.188962
1697 65 -0.0304003
1698 65 0.0273089
1699 65 -0.0426639
1700 65 -0.0491335
1719 65 0.00222867
1720 65 0.0467714
1721 65 -0.742879
1722 65 -0.23838
1723 65 -0.00302276
1724 65 -0.0454066
63 66 -0.0804142
64 66 -0.00884676
65 66 0.0261975
66 66 0.469167
67 66 -0.083547
68 66 0.00431313
87 66 0.0471036
88 66 -0.0757407
89 66 -0.0184905
168 66 0.0642369
169 66 0.172115
170 66 -0.123397
1635 66 -0.0643008
1636 66 0.0736955
1637 66 0.0190972
1698 66 -0.0513465
1699 66 -0.0765028
1700 66 0.00645571
1701 66 -0.0647043
1702 66 0.0707673
1703 66 0.125842
1722 66 0.0336471
1723 66 0.00194082
1724 66 -0.0198802
1725 66 -0.335366
1726 66 -0.0735402
1727 66 -0.0210636
63 67 -0.0226637
64 67 0.0843684
65 67 0.0085887
66 67 -0.083547
67 67 0.542679
68 67 -0.0229812
87 67 -0.0647657
88 67 -0.031155
89 67 -0.02311
168 67 0.172474
169 67 -0.0981092
170 67 0.195755
1635 67 0.0684964
1636 67 -0.126525
1637 67 -0.0298183
1698 67 -0.207598
1699 67 -0.27205
1700 67 0.0105049
1701 67 0.0730381
1702 67 -0.126797
1703 67 -0.195157
1722 67 0.00196129
1723 67 0.0299756
1724 67 0.0568202
1725 67 0.0621987
1726 67 0.0159019
1727 67 9.83899e-05
63 68 0.222941
64 68 0.0151867
65 68 -0.00497902
66 68 0.00431313
67 68 -0.0229812
68 68 0.850602
87 68 -0.109822
88 68 -0.195032
89 68 -0.0160456
168 68 -0.124423
169 68 0.194954
170 68 0.0339808
1635 68 0.122804
1636 68 -0.197449
1637 68 -0.0352703
1698 68 0.0890216
1699 68 0.182926
1700 68 -0.0143268
1701 68 0.0195731
1702 68 -0.030031
1703 68 -0.0354225
1722 68 -0.0178347
1723 68 0.0568764
1724 68 -0.742086
1725 68 -0.20783
1726 68 -0.00513724
1727 68 -0.0199994
48 69 0.040682
49 69 0.0040748
50 69 -0.019469
69 69 0.921487
70 69 -0.00181571
71 69 -0.000336195
72 69 -0.199024
73 69 0.0254011
74 69 0.23525
90 69 0.0383029
91 69 -0.15306
92 69 -0.114369
177 69 0.12621
178 69 0.117057
179 69 -0.0964412
1620 69 0.0153937
1621 69 -0.023533
1622 69 0.116268
1638 69 -0.100043
1639 69 -0.267189
1640 69 0.112693
1704 69 -0.104285
1705 69 -0.0653708
1706 69 0.018018
1707 69 -0.109295
1708 69 0.286997
1709 69 0.0986806
1728 69 0.0152094
1729 69 0.0242275
1730 69 -0.0692707
1731 69 -0.625966
1732 69 0.0547233
1733 69 -0.280491
48 70 -0.153632
49 70 -0.033746
50 70 -0.142624
69 70 -0.00181571
70 70 0.921763
71 70 -0.00536713
72 70 0.0270483
73 70 0.171711
74 70 -0.0169055
90 70 0.00274733
91 70 -0.0310023
92 70 -0.0689828
177 70 0.113376
178 70 -0.105648
179 70 0.233267
1620 70 0.023858
1621 70 0.016901
1622 70 -0.0629116
1638 70 -0.0643562
1639 70 -0.219815
1640 70 0.0659223
1704 70 -0.266645
1705 70 -0.214443
1706 70 0.116986
1707 70 0.287236
1708 70 -0.536069
1709 70 -0.20085
1728 70 -0.0222861
1729 70 0.0161529
1730 70 0.0578726
1731 70 0.0541909
1732 70 0.0298559
1733 70 0.0225142
48 71 -0.111595
49 71 -0.0701015
50 71 -0.00577281
69 71 -0.000336195
70 71 -0.00536713
71 71 0.923222
72 71 0.233734
73 71 -0.0164781
74 71 0.0255048
90 71 -0.020839
91 71 -0.142391
92 71 -0.0062618
177 71 -0.0960092
178 71 0.233133
179 71 -0.0207057
1620 71 -0.0723218
1621 71 0.0607309
1622 71 -0.370767
1638 71 0.017419
1639 71 0.118968
1640 71 -0.019458
1704 71 0.116235
1705 71 0.066739
1706 71 -0.020932
1707 71 0.0994173
1708 71 -0.19986
1709 71 -0.0334936
1728 71 0.115685
1729 71 -0.0671173
1730 71 -0.370917
1731 71 -0.282051
1732 71 0.0221305
1733 71 -0.0817623
9 72 0.11802
10 72 0.125364
11 72 -0.101552
51 72 0.0839036
52 72 -0.148893
53 72 -0.13057
69 72 -0.199024
70 72 0.0270483
71 72 0.233734
72 72 1.82474
73 72 -0.00244818
74 72 0.00078255
75 72 -0.197195
76 72 0.0130712
77 72 0.23481
93 72 0.0809535
94 72 -0.146873
95 72 -0.134107
180 72 0.119119
181 72 0.12502
182 72 -0.100282
1620 72 -0.626977
1621 72 0.0436842
1622 72 -0.281161
1623 72 0.0310787
1624 72 0.000155863
1625 72 0.0452549
1638 72 -0.112937
1639 72 0.286871
1640 72 0.104793
1641 72 -0.191609
1642 72 -0.333912
1643 72 0.121904
1707 72 -0.198806
1708 72 -0.333775
1709 72 0.128725
1710 72 -0.11673
1711 72 0.286108
1712 72 0.107757
1731 72 0.0314378
1732 72 0.000920146
1733 72 0.045825
1734 72 -0.628091
1735 72 0.0492652
1736 72 -0.276087
9 73 0.126423
10 73 -0.109445
11 73 0.22745
51 73 -0.14753
52 73 -0.0658707
53 73 -0.2122
69 73 0.0254011
70 73 0.171711
71 73 -0.0164781
72 73 -0.00244818
73 73 1.82982
74 73 -0.00594544
75 73 0.0158517
76 73 0.174708
77 73 -0.0123478
93 73 -0.150084
94 73 -0.0590063
95 73 -0.213882
180 73 0.124532
181 73 -0.108977
182 73 0.22723
1620 73 0.0480588
1621 73 0.0314063
1622 73 0.0191824
1623 73 -0.000604532
1624 73 0.0353933
1625 73 0.00939122
1638 73 0.288281
1639 73 -0.526275
1640 73 -0.204421
1641 73 -0.330006
1642 73 -0.456279
1643 73 0.179163
1707 73 -0.333341
1708 73 -0.444383
1709 73 0.183359
1710 73 0.289512
1711 73 -0.52047
1712 73 -0.206863
1731 73 0.000100469
1732 73 0.0351949
1733 73 0.00353297
1734 73 0.0477699
1735 73 0.030475
1736 73 0.0204133
9 74 -0.101437
10 74 0.226995
11 74 -0.00988155
51 74 -0.130619
52 74 -0.215618
53 74 -0.017567
69 74 0.23525
70 74 -0.0169055
71 74 0.0255048
72 74 0.00078255
73 74 -0.00594544
74 74 1.82398
75 74 0.233323
76 74 -0.00902003
77 74 0.0278988
93 74 -0.132976
94 74 -0.212099
95 74 -0.0194465
180 74 -0.0992547
181 74 0.228416
182 74 -0.00812206
1620 74 -0.279979
1621 74 0.0194456
1622 74 -0.0827754
1623 74 0.0473863
1624 74 0.00728712
1625 74 -0.74218
1638 74 0.10354
1639 74 -0.207656
1640 74 -0.0404981
1641 74 0.122563
1642 74 0.181742
1643 74 -0.0318446
1707 74 0.128661
1708 74 0.185574
1709 74 -0.0352679
1710 74 0.107768
1711 74 -0.205429
1712 74 -0.0433567
1731 74 0.043195
1732 74 0.00435002
1733 74 -0.743596
1734 74 -0.278195
1735 74 0.0205434
1736 74 -0.0832007
12 75 0.110966
13 75 0.134042
14 75 -0.104421
54 75 0.0874034
55 75 -0.146897
56 75 -0.128877
72 75 -0.197195
73 75 0.0158517
74 75 0.233323
75 75 1.82383
76 75 -0.00062854
77 75 0.00496342
78 75 -0.194567
79 75 0.0019203
80 75 0.238624
96 75 0.0852034
97 75 -0.142611
98 75 -0.133655
183 75 0.112285
184 75 0.133719
185 75 -0.102494
1623 75 -0.630509
1624 75 0.0388891
1625 75 -0.277812
1626 75 0.0333091
1627 75 -0.000282681
1628 75 0.0393864
1641 75 -0.12261
1642 75 0.293132
1643 75 0.114552
1644 75 -0.176286
1645 75 -0.331445
1646 75 0.114433
1710 75 -0.183716
1711 75 -0.326942
1712 75 0.121512
1713 75 -0.12722
1714 75 0.291675
1715 75 0.115238
1734 75 0.0329916
1735 75 -0.00271592
1736 75 0.0387313
1737 75 -0.634524
1738 75 0.0397009
1739 75 -0.27083
12 76 0.134441
13 76 -0.110731
14 76 0.222758
54 76 -0.144137
55 76 -0.0674797
56 76 -0.213953
72 76 0.0130712
73 76 0.174708
74 76 -0.00902003
75 76 -0.00062854
76 76 1.82852
77 76 -0.00368448
78 76 0.00621731
79 76 0.173843
80 76 -0.00400681
96 76 -0.144528
97 76 -0.0586566
98 76 -0.216762
183 76 0.13281
184 76 -0.111622
185 76 0.222413
1623 76 0.038469
1624 76 0.0322399
1625 76 0.0149591
1626 76 -0.00173911
1627 76 0.0342959
1628 76 0.0191569
1641 76 0.288822
1642 76 -0.506787
1643 76 -0.212032
1644 76 -0.324318
1645 76 -0.47351
1646 76 0.175879
1710 76 -0.332213
1711 76 -0.463964
1712 76 0.183253
1713 76 0.296262
1714 76 -0.502326
1715 76 -0.216835
1734 76 -0.000743045
1735 76 0.0339029
1736 76 0.0195976
1737 76 0.038786
1738 76 0.0323576
1739 76 0.0161694
12 77 -0.104779
13 77 0.221948
14 77 -0.00045077
54 77 -0.129752
55 77 -0.21719
56 77 -0.0198519
72 77 0.23481
73 77 -0.0123478
74 77 0.0278988
75 77 0.00496342
76 77 -0.00368448
77 77 1.82619
78 77 0.236288
79 77 -0.00127869
80 77 0.0208146
96 77 -0.1329
97 77 -0.214946
98 77 -0.026529
183 77 -0.103307
184 77 0.223318
185 77 0.000560611
1623 77 -0.275511
1624 77 0.0160783
1625 77 -0.0817675
1626 77 0.0342653
1627 77 0.0185934
1628 77 -0.745647
1641 77 0.114339
1642 77 -0.213069
1643 77 -0.0502093
1644 77 0.11601
1645 77 0.181549
1646 77 -0.0282015
1710 77 0.119782
1711 77 0.180961
1712 77 -0.0327992
1713 77 0.118193
1714 77 -0.212676
1715 77 -0.0507267
1734 77 0.0417382
1735 77 0.0197345
1736 77 -0.745782
1737 77 -0.276274
1738 77 0.0141302
1739 77 -0.076148
15 78 0.101242
16 78 0.143502
17 78 -0.109358
57 78 0.0898266
58 78 -0.144135
59 78 -0.127799
75 78 -0.194567
76 78 0.00621731
77 78 0.236288
78 78 1.82643
79 78 -0.000242949
80 78 -0.00288124
81 78 -0.188304
82 78 -0.0122846
83 78 0.240711
99 78 0.0882658
100 78 -0.140489
101 78 -0.131345
186 78 0.101759
187 78 0.143409
188 78 -0.107534
1626 78 -0.639391
1627 78 0.026087
1628 78 -0.271927
1629 78 0.0335439
1630 78 -0.000249804
1631 78 0.0252703
1644 78 -0.131766
1645 78 0.29811
1646 78 0.125648
1647 78 -0.156132
1648 78 -0.320034
1649 78 0.107996
1713 78 -0.166089
1714 78 -0.318815
1715 78 0.112668
1716 78 -0.138511
1717 78 0.297531
1718 78 0.129332
1737 78 0.032587
1738 78 -0.000576679
1739 78 0.0303179
1740 78 -0.643769
1741 78 0.0269625
1742 78 -0.263984
15 79 0.14388
16 79 -0.110542
17 79 0.216993
57 79 -0.14028
58 79 -0.0648429
59 79 -0.21591
75 79 0.0019203
76 79 0.173843
77 79 -0.00127869
78 79 -0.000242949
79 79 1.82563
80 79 -0.00464462
81 79 -0.0111967
82 79 0.17302
83 79 0.00490391
99 79 -0.143245
100 79 -0.0571488
101 79 -0.218726
186 79 0.143561
187 79 -0.112259
188 79 0.216018
1626 79 0.0274059
1627 79 0.0337473
1628 79 0.00927764
1629 79 0.000146305
1630 79 0.03179
1631 79 0.0377279
1644 79 0.293241
1645 79 -0.487482
1646 79 -0.219969
1647 79 -0.315516
1648 79 -0.496565
1649 79 0.177353
1713 79 -0.32259
1714 79 -0.486505
1715 79 0.18137
1716 79 0.298403
1717 79 -0.476039
1718 79 -0.223228
1737 79 -3.43116e-05
1738 79 0.0329571
1739 79 0.0324405
1740 79 0.0268651
1741 79 0.0334192
1742 79 0.00952495
15 80 -0.109156
16 80 0.215669
17 80 0.00935407
57 80 -0.128448
58 80 -0.219499
59 80 -0.0219969
75 80 0.238624
76 80 -0.00400681
77 80 0.0208146
78 80 -0.00288124
79 80 -0.00464462
80 80 1.82648
81 80 0.239494
82 80 0.0112047
83 80 0.0151067
99 80 -0.131466
100 80 -0.21526
101 80 -0.0279795
186 80 -0.109234
187 80 0.216787
188 80 0.0101841
1626 80 -0.265961
1627 80 0.010549
1628 80 -0.072658
1629 80 0.022749
1630 80 0.0326639
1631 80 -0.747605
1644 80 0.123684
