0 0 0.328956
1 0 -0.0827572
2 0 0.0180894
54 0 -0.0284116
55 0 0.248244
56 0 -0.0544119
1608 0 0.0068469
1609 0 -0.00409988
1610 0 -0.00981546
1611 0 0.0158714
1612 0 0.026596
1613 0 0.0548067
1623 0 -0.105772
1624 0 -0.094231
1625 0 -0.161844
1626 0 -0.199581
1627 0 -0.0933447
1628 0 0.152927
0 1 -0.0827572
1 1 0.363092
2 1 -0.0222008
54 1 0.248198
55 1 -0.130772
56 1 0.0670281
1608 1 -0.156679
1609 1 -0.125386
1610 1 0.148918
1611 1 -0.0931236
1612 1 -0.152911
1613 1 -0.194978
1623 1 0.0256452
1624 1 0.0329199
1625 1 0.0625964
1626 1 0.0589249
1627 1 0.0306649
1628 1 -0.0608499
0 2 0.0180894
1 2 -0.0222008
2 2 0.266378
54 2 -0.0545204
55 2 0.0666563
56 2 0.159184
1608 2 0.0873329
1609 2 0.0708749
1610 2 -0.107173
1611 2 -0.026677
1612 2 -0.0629479
1613 2 -0.0896417
1623 2 -0.0800993
1624 2 -0.0697791
1625 2 -0.15342
1626 2 0.0560048
1627 2 0.0172617
1628 2 -0.0571023
3 3 0.32943
4 3 -0.0827822
5 3 0.0184757
57 3 -0.0298943
58 3 0.248331
59 3 -0.0554802
1611 3 0.00727695
1612 3 -0.00377973
1613 3 -0.0101806
1614 3 0.0160649
1615 3 0.0272917
1616 3 0.0553804
1626 3 -0.105401
1627 3 -0.0949925
1628 3 -0.161781
1629 3 -0.199581
1630 3 -0.0936572
1631 3 0.153291
3 4 -0.0827822
4 4 0.362443
5 4 -0.0225234
57 4 0.248301
58 4 -0.128788
59 4 0.0679599
1611 4 -0.15617
1612 4 -0.125096
1613 4 0.148776
1614 4 -0.0926243
1615 4 -0.153851
1616 4 -0.194736
1626 4 0.0249138
1627 4 0.0326302
1628 4 0.0615265
1629 4 0.0584514
1630 4 0.0304621
1631 4 -0.0606346
3 5 0.0184757
4 5 -0.0225234
5 5 0.266552
57 5 -0.0557054
58 5 0.0675487
59 5 0.158682
1611 5 0.0877722
1612 5 0.0711956
1613 5 -0.107828
1614 5 -0.026128
1615 5 -0.0627312
1616 5 -0.0887888
1626 5 -0.0799237
1627 5 -0.0705674
1628 5 -0.153617
1629 5 0.0556585
1630 5 0.0171211
1631 5 -0.0568187
6 6 0.329912
7 6 -0.0828441
8 6 0.0186872
60 6 -0.031406
61 6 0.248472
62 6 -0.0562771
1614 6 0.00774233
1615 6 -0.00342229
1616 6 -0.0105976
1617 6 0.0162717
1618 6 0.0278611
1619 6 0.0559162
1629 6 -0.105088
1630 6 -0.095844
1631 6 -0.16175
1632 6 -0.199479
1633 6 -0.094018
1634 6 0.153664
6 7 -0.0828441
7 7 0.361881
8 7 -0.0226375
60 7 0.248519
61 7 -0.126992
62 7 0.0683849
1614 7 -0.155654
1615 7 -0.125075
1616 7 0.148844
1617 7 -0.092282
1618 7 -0.154351
1619 7 -0.194512
1629 7 0.0243365
1630 7 0.0324699
1631 7 0.060716
1632 7 0.0578737
1633 7 0.030265
1634 7 -0.0603453
6 8 0.0186872
7 8 -0.0226375
8 8 0.266631
60 8 -0.0563581
61 8 0.0679778
62 8 0.158398
1614 8 0.0878518
1615 8 0.0713964
1616 8 -0.108245
1617 8 -0.0258286
1618 8 -0.0626497
1619 8 -0.0883631
1629 8 -0.0796717
1630 8 -0.0712881
1631 8 -0.153583
1632 8 0.0554962
1633 8 0.0171116
1634 8 -0.0567422
9 9 0.328629
10 9 -0.0827621
11 9 0.0177082
72 9 -0.0274473
73 9 0.248288
74 9 -0.0531236
1620 9 0.00660926
1621 9 -0.00424471
1622 9 -0.00970196
1623 9 0.0157637
1624 9 0.0258618
1625 9 0.0542223
1638 9 -0.106396
1639 9 -0.0936971
1640 9 -0.162
1641 9 -0.199193
1642 9 -0.0932492
1643 9 0.152831
9 10 -0.0827621
10 10 0.363598
11 10 -0.0218401
72 10 0.248243
73 10 -0.132342
74 10 0.0657368
1620 10 -0.15679
1621 10 -0.125665
1622 10 0.149231
1623 10 -0.0938484
1624 10 -0.151871
1625 10 -0.195269
1638 10 0.0262945
1639 10 0.0331144
1640 10 0.0633856
1641 10 0.0591991
1642 10 0.0308998
1643 10 -0.0611169
9 11 0.0177082
10 11 -0.0218401
11 11 0.266198
72 11 -0.0532821
73 11 0.065496
74 11 0.159789
1620 11 0.0868081
1621 11 0.0707144
1622 11 -0.106801
1623 11 -0.0272676
1624 11 -0.0629739
1625 11 -0.0904096
1638 11 -0.0802824
1639 11 -0.0689868
1640 11 -0.152937
1641 11 0.0564587
1642 11 0.0175725
1643 11 -0.057633
12 12 0.329018
13 12 -0.0827912
14 12 0.0180005
75 12 -0.0286305
76 12 0.248356
77 12 -0.0540812
1623 12 0.00694243
1624 12 -0.00400204
1625 12 -0.00995715
1626 12 0.0159136
1627 12 0.0265071
1628 12 0.0547634
1641 12 -0.106046
1642 12 -0.0942614
1643 12 -0.161901
1644 12 -0.199303
1645 12 -0.0935177
1646 12 0.153074
12 13 -0.0827912
13 13 0.363081
14 13 -0.0220804
75 13 0.24833
76 13 -0.130742
77 13 0.066556
1623 13 -0.156518
1624 13 -0.125538
1625 13 0.149057
1626 13 -0.0932862
1627 13 -0.152699
1628 13 -0.194994
1641 13 0.025734
1642 13 0.0329113
1643 13 0.0626088
1644 13 0.0587784
1645 13 0.0307111
1646 13 -0.0608562
12 14 0.0180005
13 14 -0.0220804
14 14 0.266326
75 14 -0.054205
76 14 0.066257
77 14 0.159373
1623 14 0.0871235
1624 14 0.0709224
1625 14 -0.10716
1626 14 -0.0268109
1627 14 -0.0629451
1628 14 -0.0898073
1641 14 -0.0801743
1642 14 -0.0696306
1643 14 -0.153162
1644 14 0.0561366
1645 14 0.0174281
1646 14 -0.0573354
15 15 0.329479
16 15 -0.0828266
17 15 0.0183265
78 15 -0.030062
79 15 0.248456
80 15 -0.0550597
1626 15 0.00735655
1627 15 -0.00369506
1628 15 -0.0102976
1629 15 0.0160962
1630 15 0.027204
1631 15 0.0553428
1644 15 -0.10567
1645 15 -0.0949362
1646 15 -0.161853
1647 15 -0.199341
1648 15 -0.0938453
1649 15 0.15339
15 16 -0.0828266
16 16 0.362479
17 16 -0.0223374
78 16 0.248458
79 16 -0.128882
80 16 0.0673419
1626 16 -0.156094
1627 16 -0.125367
1628 16 0.14894
1629 16 -0.0927301
1630 16 -0.153592
1631 16 -0.194699
1644 16 0.0250755
1645 16 0.0326559
1646 16 0.0616881
1647 16 0.0582835
1648 16 0.0305066
1649 16 -0.060586
15 17 0.0183265
16 17 -0.0223374
17 17 0.266467
78 17 -0.0552079
79 17 0.0670136
80 17 0.158943
1626 17 0.0874507
1627 17 0.071176
1628 17 -0.107658
1629 17 -0.026318
1630 17 -0.0628537
1631 17 -0.0891105
1644 17 -0.0800013
1645 17 -0.0703331
1646 17 -0.153362
1647 17 0.0558212
1648 17 0.0173064
1649 17 -0.057067
18 18 0.329976
19 18 -0.0828708
20 18 0.0186314
81 18 -0.0315863
82 18 0.248594
83 18 -0.055931
1629 18 0.00781397
1630 18 -0.00334532
1631 18 -0.0106938
1632 18 0.0163194
1633 18 0.0278697
1634 18 0.0559361
1647 18 -0.105311
1648 18 -0.0957149
1649 18 -0.161807
1650 18 -0.199332
1651 18 -0.0941696
1652 18 0.153753
18 19 -0.0828708
19 19 0.361853
20 19 -0.0225563
81 19 0.24862
82 19 -0.126997
83 19 0.0679002
1629 19 -0.155542
1630 19 -0.125287
1631 19 0.148896
1632 19 -0.0923084
1633 19 -0.154311
1634 19 -0.194438
1647 19 0.0244115
1648 19 0.0324095
1649 19 0.0607447
1650 19 0.057733
1651 19 0.0302911
1652 19 -0.0602977
18 20 0.0186314
19 20 -0.0225563
20 20 0.266596
81 20 -0.056076
82 20 0.0676436
83 20 0.158584
1629 20 0.0876727
1630 20 0.071466
1631 20 -0.108176
1632 20 -0.0259048
1633 20 -0.0627113
1634 20 -0.088479
1647 20 -0.0797974
1648 20 -0.0710751
1649 20 -0.153474
1650 20 0.0555453
1651 20 0.01722
1652 20 -0.0568661
21 21 0.330456
22 21 -0.0829339
23 21 0.0188195
84 21 -0.0330441
85 21 0.248783
86 21 -0.0564832
1632 21 0.00829849
1633 21 -0.00295927
1634 21 -0.0111564
1635 21 0.01652
1636 21 0.0283975
1637 21 0.0563805
1650 21 -0.10514
1651 21 -0.0964255
1652 21 -0.161884
1653 21 -0.199201
1654 21 -0.0944398
1655 21 0.154112
21 22 -0.0829339
22 22 0.361306
23 22 -0.0226426
84 22 0.248818
85 22 -0.125344
86 22 0.0681446
1632 22 -0.154988
1633 22 -0.125313
1634 22 0.148914
1635 22 -0.0919997
1636 22 -0.154899
1637 22 -0.194161
1650 22 0.0238736
1651 22 0.0321861
1652 22 0.0599458
1653 22 0.0571962
1654 22 0.0300908
1655 22 -0.0600458
21 23 0.0188195
22 23 -0.0226426
23 23 0.266663
84 23 -0.0566393
85 23 0.0678905
86 23 0.158388
1632 23 0.0877527
1633 23 0.0717432
1634 23 -0.108597
1635 23 -0.0256184
1636 23 -0.0626353
1637 23 -0.0880303
1650 23 -0.0795786
1651 23 -0.0715908
1652 23 -0.153384
1653 23 0.0554794
1654 23 0.0172405
1655 23 -0.0568753
24 24 0.3291
25 24 -0.0828269
26 24 0.0179244
96 24 -0.0288753
97 24 0.248487
98 24 -0.0537444
1641 24 0.00706879
1642 24 -0.00388342
1643 24 -0.0101285
1644 24 0.0159742
1645 24 0.0264264
1646 24 0.054708
1656 24 -0.106199
1657 24 -0.0943953
1658 24 -0.162031
1659 24 -0.199063
1660 24 -0.0936026
1661 24 0.153208
24 25 -0.0828269
25 25 0.363046
26 25 -0.0219699
96 25 0.248447
97 25 -0.130679
98 25 0.0661009
1641 25 -0.156296
1642 25 -0.125648
1643 25 0.149221
1644 25 -0.0935114
1645 25 -0.152535
1646 25 -0.194978
1656 25 0.0257399
1657 25 0.0329036
1658 25 0.0625721
1659 25 0.0586497
1660 25 0.0307241
1661 25 -0.0608661
24 26 0.0179244
25 26 -0.0219699
26 26 0.266279
96 26 -0.053927
97 26 0.0658645
98 26 0.159554
1641 26 0.0869387
1642 26 0.0709804
1643 26 -0.107219
1644 26 -0.0269478
1645 26 -0.0629186
1646 26 -0.0899101
1656 26 -0.0801121
1657 26 -0.0695479
1658 26 -0.152921
1659 26 0.056304
1660 26 0.0175753
1661 26 -0.0575766
27 27 0.329515
28 27 -0.0828639
29 27 0.0181944
99 27 -0.0301951
100 27 0.248579
101 27 -0.0545991
1644 27 0.00745137
1645 27 -0.0035956
1646 27 -0.0104487
1647 27 0.0161137
1648 27 0.0270406
1649 27 0.0552084
1659 27 -0.105968
1660 27 -0.094949
1661 27 -0.16199
1662 27 -0.19905
1663 27 -0.0939307
1664 27 0.153502
27 28 -0.0828639
28 28 0.362517
29 28 -0.0221747
99 28 0.24859
100 28 -0.128995
101 28 0.0667799
1644 28 -0.155901
1645 28 -0.125572
1646 28 0.149098
1647 28 -0.0929357
1648 28 -0.153359
1649 28 -0.194719
1659 28 0.0251968
1660 28 0.032667
1661 28 0.0617675
1662 28 0.0581938
1663 28 0.030552
1664 28 -0.0606285
27 29 0.0181944
28 29 -0.0221747
29 29 0.266394
99 29 -0.0547881
100 29 0.0664844
101 29 0.15919
1644 29 0.0871974
1645 29 0.0712363
1646 29 -0.107628
1647 29 -0.0264869
1648 29 -0.0628715
1649 29 -0.0893226
1659 29 -0.0800176
1660 29 -0.0701027
1661 29 -0.153046
1662 29 0.0560544
1663 29 0.0174965
1664 29 -0.0573763
30 30 0.329988
31 30 -0.0829134
32 30 0.0184529
102 30 -0.0316351
103 30 0.24871
104 30 -0.0554384
1647 30 0.00788178
1648 30 -0.00326612
1649 30 -0.0108161
1650 30 0.0163254
1651 30 0.0276856
1652 30 0.055792
1662 30 -0.10563
1663 30 -0.0956788
1664 30 -0.161924
1665 30 -0.199059
1666 30 -0.0942964
1667 30 0.15381
30 31 -0.0829134
31 31 0.361939
32 31 -0.0223478
102 31 0.248756
103 31 -0.127232
104 31 0.0672855
1647 31 -0.15544
1648 31 -0.125552
1649 31 0.149066
1650 31 -0.0925035
1651 31 -0.15401
1652 31 -0.194439
1662 31 0.0246042
1663 31 0.0324621
1664 31 0.0609385
1665 31 0.0576434
1666 31 0.0303554
1667 31 -0.0603088
30 32 0.0184529
31 32 -0.0223478
32 32 0.266499
102 32 -0.0555354
103 32 0.0670445
104 32 0.158868
1647 32 0.0873514
1648 32 0.0714669
1649 32 -0.108027
1650 32 -0.0261258
1651 32 -0.0628087
1652 32 -0.0888103
1662 32 -0.0798396
1663 32 -0.0707986
1664 32 -0.153141
1665 32 0.0558001
1666 32 0.0174356
1667 32 -0.0571842
33 33 0.728652
34 33 -0.0489639
35 33 -0.190174
36 33 0.0766225
37 33 0.00669268
38 33 0.148275
51 33 -0.0632728
52 33 -0.206398
53 33 -0.0729158
129 33 -0.01338
130 33 0.200426
131 33 -0.075028
1608 33 0.00657208
1609 33 -0.156879
1610 33 0.0874857
1668 33 0.0322197
1669 33 0.129616
1670 33 0.0620817
1683 33 -0.135834
1684 33 0.00381166
1685 33 -0.244271
1686 33 -0.613892
1687 33 0.072975
1688 33 0.285112
33 34 -0.0489639
34 34 0.30184
35 34 0.021537
36 34 -0.000852395
37 34 0.086122
38 34 -0.0234585
51 34 -0.0471362
52 34 -0.0201298
53 34 -0.0491059
129 34 0.047624
130 34 -0.0661749
131 34 0.0723339
1608 34 -0.00431577
1609 34 -0.125431
1610 34 0.0709455
1668 34 -0.0297106
1669 34 -0.167119
1670 34 -0.081894
1683 34 0.0098267
1684 34 -0.0176468
1685 34 0.0218964
1686 34 0.073434
1687 34 0.0265087
1688 34 -0.0322863
33 35 -0.190174
34 35 0.021537
35 35 0.379944
36 35 -0.0472695
37 35 -0.00459748
38 35 -0.162956
51 35 0.0263079
52 35 0.00967715
53 35 0.0832772
129 35 0.021149
130 35 -0.00577676
131 35 0.0796288
1608 35 -0.00952298
1609 35 0.148657
1610 35 -0.107055
1668 35 -0.0367812
1669 35 -0.140926
1670 35 -0.0912099
1683 35 -0.0489721
1684 35 0.00309785
1685 35 -0.0728979
1686 35 0.285308
1687 35 -0.0320881
1688 35 -0.0906338
33 36 0.0766225
34 36 -0.000852395
35 36 -0.0472695
36 36 0.903203
37 36 -0.0164288
38 36 0.000610575
39 36 0.0765464
40 36 0.00717918
41 36 0.148486
54 36 -0.125089
55 36 -0.253763
56 36 -0.0462069
132 36 -0.0445268
133 36 0.232565
134 36 -0.0569974
1608 36 0.0166722
1609 36 -0.0916786
1610 36 -0.035505
1611 36 0.00316009
1612 36 -0.15869
1613 36 0.0997225
1668 36 0.0229045
1669 36 0.0594683
1670 36 -0.0193619
1671 36 0.0317288
1672 36 0.130407
1673 36 0.0620304
1686 36 -0.329248
1687 36 0.021604
1688 36 -0.389458
1689 36 -0.614905
1690 36 0.0715748
1691 36 0.284269
33 37 0.00669268
34 37 0.086122
35 37 -0.00459748
36 37 -0.0164288
37 37 0.732728
38 37 0.00639399
39 37 -0.00104814
40 37 0.0860569
41 37 -0.0237042
54 37 -0.253858
55 37 -0.0416436
56 37 -0.0389879
132 37 0.0964152
133 37 -0.115743
134 37 0.0358308
1608 37 0.115524
1609 37 -0.26142
1610 37 -0.151588
1611 37 0.0419606
1612 37 -0.220358
1613 37 0.198089
1668 37 -0.0533022
1669 37 -0.140255
1670 37 0.0703471
1671 37 -0.0289535
1672 37 -0.167455
1673 37 -0.0815167
1686 37 0.0203254
1687 37 0.0335639
1688 37 0.0217609
1689 37 0.07256
1690 37 0.0267762
1691 37 -0.0317985
33 38 0.148275
34 38 -0.0234585
35 38 -0.162956
36 38 0.000610575
37 38 0.00639399
38 38 0.904534
39 38 -0.0470885
40 38 -0.0053967
41 38 -0.162804
54 38 -0.0460476
55 38 -0.0393394
56 38 0.166733
132 38 -0.0500097
133 38 0.0631391
134 38 0.160232
1608 38 0.0504664
1609 38 -0.201957
1610 38 -0.094711
1611 38 -0.0101967
1612 38 0.165387
1613 38 -0.121493
1668 38 0.0948131
1669 38 0.184742
1670 38 -0.108289
1671 38 -0.0360118
1672 38 -0.140865
1673 38 -0.0906546
1686 38 -0.389855
1687 38 0.0231225
1688 38 -0.382331
1689 38 0.284895
1690 38 -0.0313374
1691 38 -0.0898872
36 39 0.0765464
37 39 -0.00104814
38 39 -0.0470885
39 39 0.903311
40 39 -0.0158597
41 39 0.000633769
42 39 0.0765883
43 39 0.0074586
44 39 0.148635
57 39 -0.123352
58 39 -0.254139
59 39 -0.0455001
135 39 -0.0458693
136 39 0.232538
137 39 -0.0579001
1611 39 0.0164765
1612 39 -0.090735
1613 39 -0.0346776
1614 39 0.00348691
1615 39 -0.15778
1616 39 0.0995556
1671 39 0.0228462
1672 39 0.0598478
1673 39 -0.0196572
1674 39 0.0314169
1675 39 0.131342
1676 39 0.0619755
1689 39 -0.328641
1690 39 0.0192391
1691 39 -0.389766
1692 39 -0.615627
1693 39 0.0700136
1694 39 0.284144
36 40 0.00717918
37 40 0.0860569
38 40 -0.0053967
39 40 -0.0158597
40 40 0.732658
41 40 0.00687787
42 40 -0.0011957
43 40 0.0860088
44 40 -0.0238623
57 40 -0.25424
58 40 -0.0435511
59 40 -0.0387075
135 40 0.0966332
136 40 -0.114227
137 40 0.0364891
1611 40 0.116399
1612 40 -0.262461
1613 40 -0.151184
1614 40 0.0425649
1615 40 -0.219755
1616 40 0.198673
1671 40 -0.0525879
1672 40 -0.139513
1673 40 0.0702709
1674 40 -0.0283985
1675 40 -0.167753
1676 40 -0.0810734
1689 40 0.0179629
1690 40 0.0338192
1691 40 0.0192905
1692 40 0.071216
1693 40 0.027104
1694 40 -0.0311718
36 41 0.148486
37 41 -0.0237042
38 41 -0.162804
39 41 0.000633769
40 41 0.00687787
41 41 0.904497
42 41 -0.0470541
43 41 -0.0061432
44 41 -0.162621
57 41 -0.0453829
58 41 -0.0390224
59 41 0.166903
135 41 -0.0507325
136 41 0.0638222
137 41 0.159879
1611 41 0.0506508
1612 41 -0.201411
1613 41 -0.0937132
1614 41 -0.0107929
1615 41 0.165561
1616 41 -0.122442
1671 41 0.0945243
1672 41 0.185207
1673 41 -0.108852
1674 41 -0.0354415
1675 41 -0.140687
1676 41 -0.0899711
1689 41 -0.389701
1690 41 0.0206059
1691 41 -0.383193
1692 41 0.284434
1693 41 -0.0305594
1694 41 -0.0894927
39 42 0.0765883
40 42 -0.0011957
41 42 -0.0470541
42 42 0.903407
43 42 -0.0153321
44 42 0.000646798
45 42 0.076442
46 42 0.00763052
47 42 0.148724
60 42 -0.121766
61 42 -0.254508
62 42 -0.044753
138 42 -0.0471969
139 42 0.232512
140 42 -0.0587159
1614 42 0.0164209
1615 42 -0.0900097
1616 42 -0.0339877
1617 42 0.00363919
1618 42 -0.156914
1619 42 0.0991565
1674 42 0.0228408
1675 42 0.0603276
1676 42 -0.0200703
1677 42 0.0311411
1678 42 0.132071
1679 42 0.0618668
1692 42 -0.328792
1693 42 0.0167683
1694 42 -0.389999
1695 42 -0.615949
1696 42 0.0688201
1697 42 0.284131
39 43 0.0074586
40 43 0.0860088
41 43 -0.0061432
42 43 -0.0153321
43 43 0.732593
44 43 0.0072635
45 43 -0.00119621
46 43 0.085967
47 43 -0.0239412
60 43 -0.254572
61 43 -0.0453206
62 43 -0.0383865
138 43 0.096881
139 43 -0.112842
140 43 0.0369721
1614 43 0.117431
1615 43 -0.263221
1616 43 -0.15076
1617 43 0.0429384
1618 43 -0.219489
1619 43 0.199046
1674 43 -0.0518847
1675 43 -0.138874
1676 43 0.0703715
1677 43 -0.0279282
1678 43 -0.167943
1679 43 -0.0806513
1692 43 0.0159601
1693 43 0.034034
1694 43 0.0171478
1695 43 0.0698642
1696 43 0.0273813
1697 43 -0.0305848
39 44 0.148635
40 44 -0.0238623
41 44 -0.162621
42 44 0.000646798
43 44 0.0072635
44 44 0.904466
45 44 -0.0469176
46 44 -0.00674876
47 44 -0.162626
60 44 -0.0446801
61 44 -0.0386196
62 44 0.167086
138 44 -0.0510966
139 44 0.0643382
140 44 0.159633
1614 44 0.051046
1615 44 -0.200899
1616 44 -0.0928207
1617 44 -0.0111858
1618 44 0.165874
1619 44 -0.123155
1674 44 0.094074
1675 44 0.185476
1676 44 -0.109534
1677 44 -0.0350083
1678 44 -0.140669
1679 44 -0.0894437
1692 44 -0.389692
1693 44 0.0179463
1694 44 -0.383258
1695 44 0.284486
1696 44 -0.0300079
1697 44 -0.0894481
42 45 0.076442
43 45 -0.00119621
44 45 -0.0469176
45 45 0.538387
46 45 -0.00966394
47 45 0.259926
63 45 -0.0600273
64 45 -0.183247
65 45 0.03474
141 45 -0.0171134
142 45 0.18423
143 45 0.0120396
1617 45 0.0161976
1618 45 -0.0916717
1619 45 -0.0253452
1677 45 0.0226861
1678 45 0.060425
1679 45 -0.0202569
1695 45 -0.328601
1696 45 0.0145935
1697 45 -0.389688
1698 45 -0.230752
1699 45 0.0255311
1700 45 0.175905
42 46 0.00763052
43 46 0.085967
44 46 -0.00674876
45 46 -0.00966394
46 46 0.296681
47 46 -0.0103759
63 46 -0.0714659
64 46 -0.023321
65 46 0.0385256
141 46 0.0644072
142 46 -0.0624369
143 46 -0.0314599
1617 46 0.0281133
1618 46 -0.154857
1619 46 -0.0624465
1677 46 -0.051271
1678 46 -0.138351
1679 46 0.0704699
1695 46 0.0144842
1696 46 0.0341884
1697 46 0.0155814
1698 46 0.0178215
1699 46 -0.0194633
1700 46 -0.0134803
42 47 0.148724
43 47 -0.0239412
44 47 -0.162626
45 47 0.259926
46 47 -0.0103759
47 47 0.575369
63 47 -0.078876
64 47 -0.0769911
65 47 0.0836986
141 47 -0.0702666
142 47 0.100561
143 47 0.0788326
1617 47 0.056135
1618 47 -0.194657
1619 47 -0.0878725
1677 47 0.0936847
1678 47 0.185784
1679 47 -0.110175
1695 47 -0.39012
1696 47 0.0156194
1697 47 -0.383604
1698 47 -0.020238
1699 47 0.00355574
1700 47 0.0245326
48 48 0.779357
49 48 -0.0586991
50 48 -0.149725
51 48 0.0767828
52 48 0.00627976
53 48 0.147533
69 48 -0.0638592
70 48 -0.206129
71 48 -0.0731069
150 48 -0.0261452
151 48 0.248204
152 48 -0.0522766
1620 48 0.00641424
1621 48 -0.157002
1622 48 0.0868181
1680 48 0.00619137
1681 48 -0.00455729
1682 48 -0.00932742
1683 48 0.0168643
1684 48 0.113883
1685 48 0.0499588
1704 48 -0.166288
1705 48 -0.0148179
1706 48 -0.286228
1707 48 -0.611722
1708 48 0.0736086
1709 48 0.286746
48 49 -0.0586991
49 49 0.553314
50 49 -0.0547877
51 49 -0.000737304
52 49 0.0861867
53 49 -0.0231144
69 49 -0.0472054
70 49 -0.0194092
71 49 -0.0490882
150 49 0.248019
151 49 -0.133952
152 49 0.0650674
1620 49 -0.00439356
1621 49 -0.125666
1622 49 0.0706564
1680 49 -0.157178
1681 49 -0.125709
1682 49 0.149263
1683 49 -0.0932038
1684 49 -0.259864
1685 49 -0.20267
1704 49 0.0396506
1705 49 0.0164304
1706 49 0.077367
1707 49 0.0741774
1708 49 0.0263244
1709 49 -0.0329169
48 50 -0.149725
49 50 -0.0547877
50 50 0.529777
51 50 -0.0478717
52 50 -0.00376588
53 50 -0.16343
69 50 0.0266067
70 50 0.0100544
71 50 0.0833296
150 50 -0.0526147
151 50 0.065059
152 50 0.160098
1620 50 -0.00951264
1621 50 0.149153
1622 50 -0.106648
1680 50 0.0866414
1681 50 0.0705145
1682 50 -0.106445
1683 50 -0.0368404
1684 50 -0.152438
1685 50 -0.0963137
1704 50 -0.103516
1705 50 -0.0513291
1706 50 -0.18957
1707 50 0.28721
1708 50 -0.0326852
1709 50 -0.0926196
33 51 -0.0632728
34 51 -0.0471362
35 51 0.0263079
48 51 0.0767828
49 51 -0.000737304
50 51 -0.0478717
51 51 1.06407
52 51 0.0583766
53 51 0.148952
54 51 0.153665
55 51 0.00604455
56 51 0.10033
72 51 -0.126593
73 51 -0.253502
74 51 -0.0463944
153 51 -0.0271194
154 51 0.24821
155 51 -0.0533234
1608 51 -0.165255
1609 51 0.0383372
1610 51 -0.103414
1620 51 0.0167772
1621 51 -0.0927001
1622 51 -0.0364259
1623 51 -0.000578494
1624 51 -0.113426
1625 51 0.0991023
1683 51 -0.000705607
1684 51 0.0389662
1685 51 0.00257287
1686 51 0.0338383
1687 51 0.0222475
1688 51 0.0141889
1707 51 -0.33109
1708 51 0.0236496
1709 51 -0.389137
1710 51 -0.613226
1711 51 0.0725132
1712 51 0.28571
33 52 -0.206398
34 52 -0.0201298
35 52 0.00967715
48 52 0.00627976
49 52 0.0861867
50 52 -0.00376588
51 52 0.0583766
52 52 1.29152
53 52 0.0553117
54 52 0.00502549
55 52 0.172332
56 52 -0.0274782
72 52 -0.253597
73 52 -0.0401253
74 52 -0.0388164
153 52 0.248003
154 52 -0.132448
155 52 0.0662517
1608 52 -0.0163581
1609 52 0.0165679
1610 52 -0.0524995
1620 52 0.114359
1621 52 -0.260378
1622 52 -0.152328
1623 52 0.0394697
1624 52 -0.317124
1625 52 0.21409
1683 52 -0.113992
1684 52 -0.317678
1685 52 0.291541
1686 52 0.0232818
1687 52 -0.521067
1688 52 -0.3538
1707 52 0.0224644
1708 52 0.0333181
1709 52 0.0239121
1710 52 0.0733438
1711 52 0.0265627
1712 52 -0.0323636
33 53 -0.0729158
34 53 -0.0491059
35 53 0.0832772
48 53 0.147533
49 53 -0.0231144
50 53 -0.16343
51 53 0.148952
52 53 0.0553117
53 53 1.31491
54 53 0.10056
55 53 -0.0276109
56 53 -0.325999
72 53 -0.0461909
73 53 -0.0393182
74 53 0.166718
153 53 -0.0538315
154 53 0.066036
155 53 0.159567
1608 53 -0.28641
1609 53 0.0755774
1610 53 -0.190782
1620 53 0.0500672
1621 53 -0.202339
1622 53 -0.0958338
1623 53 0.00209719
1624 53 0.291853
1625 53 -0.134162
1683 53 0.0992972
1684 53 0.213793
1685 53 -0.133519
1686 53 0.0148148
1687 53 -0.354362
1688 53 -0.190787
1707 53 -0.390188
1708 53 0.0252038
1709 53 -0.380242
1710 53 0.286051
1711 53 -0.0319848
1712 53 -0.0913537
0 54 -0.0284116
1 54 0.248198
2 54 -0.0545204
36 54 -0.125089
37 54 -0.253858
38 54 -0.0460476
51 54 0.153665
52 54 0.00502549
53 54 0.10056
54 54 1.82618
55 54 1.14492e-16
56 54 -1.92207e-15
57 54 0.153478
58 54 0.00644981
59 54 0.100765
75 54 -0.125189
76 54 -0.253816
77 54 -0.0460078
156 54 -0.02853
157 54 0.248232
158 54 -0.0543037
1608 54 -0.613706
1609 54 0.0732002
1610 54 0.285563
1611 54 -0.329854
1612 54 0.0192423
1613 54 -0.38991
1623 54 0.0338022
1624 54 0.023836
1625 54 0.0151343
1626 54 0.00627096
1627 54 -0.116818
1628 54 0.0893165
1686 54 0.00585325
1687 54 -0.117109
1688 54 0.0889632
1689 54 0.033665
1690 54 0.02399
1691 54 0.0151966
1710 54 -0.330146
1711 54 0.0217491
1712 54 -0.389531
1713 54 -0.614233
1714 54 0.0711165
1715 54 0.284955
0 55 0.248244
1 55 -0.130772
2 55 0.0666563
36 55 -0.253763
37 55 -0.0416436
38 55 -0.0393394
51 55 0.00604455
52 55 0.172332
53 55 -0.0276109
54 55 1.56125e-16
55 55 1.82618
56 55 -7.49401e-16
57 55 0.00510466
58 55 0.172211
59 55 -0.0285401
75 55 -0.253858
76 55 -0.0416168
77 55 -0.0387535
156 55 0.248175
157 55 -0.130553
158 55 0.0673374
1608 55 0.0725518
1609 55 0.0265805
1610 55 -0.03192
1611 55 0.0204829
1612 55 0.0336892
1613 55 0.0218556
1623 55 0.0226111
1624 55 -0.52201
1625 55 -0.354075
1626 55 -0.11619
1627 55 -0.441492
1628 55 0.364055
1686 55 -0.117803
1687 55 -0.442312
1688 55 0.362538
1689 55 0.0256865
1690 55 -0.522769
1691 55 -0.352742
1710 55 0.0205682
1711 55 0.0335443
1712 55 0.0219979
1713 55 0.072482
1714 55 0.0268278
1715 55 -0.0318718
0 56 -0.0544119
1 56 0.0670281
2 56 0.159184
36 56 -0.0462069
37 56 -0.0389879
38 56 0.166733
51 56 0.10033
52 56 -0.0274782
53 56 -0.325999
54 56 -1.85268e-15
55 56 -6.80012e-16
56 56 1.82618
57 56 0.100992
58 56 -0.0286775
59 56 -0.325691
75 56 -0.0457904
76 56 -0.0391687
77 56 0.166805
156 56 -0.0550364
157 56 0.0667599
158 56 0.159082
1608 56 0.28536
1609 56 -0.0322404
1610 56 -0.090891
1611 56 -0.389602
1612 56 0.0206082
1613 56 -0.38185
1623 56 0.0143653
1624 56 -0.353147
1625 56 -0.189808
1626 56 0.0885656
1627 56 0.363115
1628 56 -0.242795
1686 56 0.0898181
1687 56 0.363632
1688 56 -0.241557
1689 56 0.0162697
1690 56 -0.353546
1691 56 -0.18891
1710 56 -0.389885
1711 56 0.0231948
1712 56 -0.381413
1713 56 0.28556
1714 56 -0.0312437
1715 56 -0.0906098
3 57 -0.0298943
4 57 0.248301
5 57 -0.0557054
39 57 -0.123352
40 57 -0.25424
41 57 -0.0453829
54 57 0.153478
55 57 0.00510466
56 57 0.100992
57 57 1.82618
58 57 -6.93889e-17
59 57 2.08167e-17
60 57 0.153366
61 57 0.00663628
62 57 0.101073
78 57 -0.123489
79 57 -0.254161
80 57 -0.0454484
159 57 -0.0303719
160 57 0.248315
161 57 -0.0553822
1611 57 -0.614465
1612 57 0.0725512
1613 57 0.285162
1614 57 -0.329586
1615 57 0.0170534
1616 57 -0.389873
1626 57 0.0336366
1627 57 0.0259064
1628 57 0.0163789
1629 57 0.00690192
1630 57 -0.115369
1631 57 0.0886088
1689 57 0.006469
1690 57 -0.115648
1691 57 0.088277
1692 57 0.03347
1693 57 0.0261066
1694 57 0.0164024
1713 57 -0.32956
1714 57 0.0194482
1715 57 -0.389783
1716 57 -0.615008
1717 57 0.0695441
1718 57 0.284741
3 58 0.248331
4 58 -0.128788
5 58 0.0675487
39 58 -0.254139
40 58 -0.0435511
41 58 -0.0390224
54 58 0.00644981
55 58 0.172211
56 58 -0.0286775
57 58 -6.245e-17
58 58 1.82618
59 58 9.71445e-16
60 58 0.00536159
61 58 0.172093
62 58 -0.0295979
78 58 -0.254233
79 58 -0.043464
80 58 -0.0385023
159 58 0.248442
160 58 -0.128233
161 58 0.0681918
1611 58 0.0713691
1612 58 0.0267948
1613 58 -0.0312944
1614 58 0.0181237
1615 58 0.0339219
1616 58 0.0193517
1626 58 0.0244447
1627 58 -0.523882
1628 58 -0.353161
1629 58 -0.114722
1630 58 -0.440158
1631 58 0.364732
1689 58 -0.116428
1690 58 -0.440996
1691 58 0.363176
1692 58 0.0278646
1693 58 -0.524673
1694 58 -0.351731
1713 58 0.0181796
1714 58 0.0337996
1715 58 0.0195123
1716 58 0.0712499
1717 58 0.0271446
1718 58 -0.0312647
3 59 -0.0554802
4 59 0.0679599
5 59 0.158682
39 59 -0.0455001
40 59 -0.0387075
41 59 0.166903
54 59 0.100765
55 59 -0.0285401
56 59 -0.325691
57 59 1.38778e-16
58 59 8.74301e-16
59 59 1.82618
60 59 0.101192
61 59 -0.0296381
62 59 -0.32546
78 59 -0.0451248
79 59 -0.0389292
80 59 0.166953
159 59 -0.0562155
160 59 0.0675356
161 59 0.158604
1611 59 0.284854
1612 59 -0.031885
1613 59 -0.0903457
1614 59 -0.389822
1615 59 0.0182866
1616 59 -0.382352
1626 59 0.0154019
1627 59 -0.352026
1628 59 -0.187769
1629 59 0.0879145
1630 59 0.363984
1631 59 -0.24476
1689 59 0.0892081
1690 59 0.364523
1691 59 -0.243488
1692 59 0.0175653
1693 59 -0.352434
1694 59 -0.186811
1713 59 -0.389793
1714 59 0.0207449
1715 59 -0.382255
1716 59 0.28507
1717 59 -0.0304683
1718 59 -0.0901514
6 60 -0.031406
7 60 0.248519
8 60 -0.0563581
42 60 -0.121766
43 60 -0.254572
44 60 -0.0446801
57 60 0.153366
58 60 0.00536159
59 60 0.101192
60 60 1.82618
61 60 7.28584e-17
62 60 2.15106e-16
63 60 0.153331
64 60 0.00680886
65 60 0.101157
81 60 -0.121861
82 60 -0.254512
83 60 -0.0447655
162 60 -0.0322644
163 60 0.248425
164 60 -0.0562852
1614 60 -0.615023
1615 60 0.0713071
1616 60 0.284879
1617 60 -0.32957
1618 60 0.0157151
1619 60 -0.39
1629 60 0.0334625
1630 60 0.0277494
1631 60 0.0174597
1632 60 0.00759296
1633 60 -0.113794
1634 60 0.0876854
1692 60 0.00725272
1693 60 -0.113985
1694 60 0.0874666
1695 60 0.033297
1696 60 0.0279527
1697 60 0.0174518
1716 60 -0.329536
1717 60 0.0171011
1718 60 -0.38997
1719 60 -0.615368
1720 60 0.0679927
1721 60 0.284944
6 61 0.248472
7 61 -0.126992
8 61 0.0679778
42 61 -0.254508
43 61 -0.0453206
44 61 -0.0386196
57 61 0.00663628
58 61 0.172093
59 61 -0.0296381
60 61 7.28584e-17
61 61 1.82618
62 61 5.55112e-17
63 61 0.00550671
64 61 0.172001
65 61 -0.03039
81 61 -0.254582
82 61 -0.0452631
83 61 -0.0381915
162 61 0.248798
163 61 -0.12602
164 61 0.0685915
1614 61 0.070008
1615 61 0.0270876
1616 61 -0.0306479
1617 61 0.0160823
1618 61 0.0340764
1619 61 0.0171575
1629 61 0.0264031
1630 61 -0.525493
1631 61 -0.352129
1632 61 -0.113214
1633 61 -0.43927
1634 61 0.365305
1692 61 -0.114587
1693 61 -0.439879
1694 61 0.364143
1695 61 0.0295722
1696 61 -0.52631
1697 61 -0.350654
1716 61 0.016078
1717 61 0.0340153
1718 61 0.0172822
1719 61 0.0698534
1720 61 0.0274649
1721 61 -0.0306648
6 62 -0.0562771
7 62 0.0683849
8 62 0.158398
42 62 -0.044753
43 62 -0.0383865
44 62 0.167086
57 62 0.101073
58 62 -0.0295979
59 62 -0.32546
60 62 1.45717e-16
61 62 1.11022e-16
62 62 1.82618
63 62 0.101251
64 62 -0.0303561
65 62 -0.325335
81 62 -0.0444363
82 62 -0.0385931
83 62 0.167123
162 62 -0.0569993
163 62 0.0680501
164 62 0.158284
1614 62 0.284778
1615 62 -0.0312956
1616 62 -0.0900808
1617 62 -0.389838
1618 62 0.0168724
1619 62 -0.382524
1629 62 0.0165336
1630 62 -0.351236
1631 62 -0.185984
1632 62 0.0871269
1633 62 0.364784
1634 62 -0.246339
1692 62 0.0881399
1693 62 0.36518
1694 62 -0.24539
1695 62 0.018552
1696 62 -0.351655
1697 62 -0.185001
1716 62 -0.389805
1717 62 0.0182266
1718 62 -0.382495
1719 62 0.284934
1720 62 -0.0297498
1721 62 -0.0901115
45 63 -0.0600273
46 63 -0.0714659
47 63 -0.078876
60 63 0.153331
61 63 0.00550671
62 63 0.101251
63 63 1.20925
64 63 0.0534316
65 63 -0.201459
66 63 0.0768956
67 63 0.00792065
68 63 0.148355
84 63 -0.120307
85 63 -0.254788
86 63 -0.0440835
165 63 -0.0341752
166 63 0.248564
167 63 -0.0571442
1617 63 -0.307531
1618 63 0.0749538
1619 63 0.046095
1632 63 0.0165731
1633 63 0.00104071
1634 63 -0.0382726
1635 63 0.00428082
1636 63 -0.155938
1637 63 0.0985311
1695 63 0.00800907
1696 63 -0.112196
1697 63 0.0865245
1698 63 0.0161954
1699 63 0.121613
1700 63 0.0437063
1719 63 -0.329854
1720 63 0.0149088
1721 63 -0.389966
1722 63 -0.615441
1723 63 0.0665777
1724 63 0.285618
45 64 -0.183247
46 64 -0.023321
47 64 -0.0769911
60 64 0.00680886
61 64 0.172001
62 64 -0.0303561
63 64 0.0534316
64 64 1.28263
65 64 -0.0394594
66 64 -0.00156919
67 64 0.0859435
68 64 -0.0238613
84 64 -0.254967
85 64 -0.046993
86 64 -0.0377849
165 64 0.249162
166 64 -0.123865
167 64 0.0687263
1617 64 -0.00544361
1618 64 0.0137878
1619 64 0.0345494
1632 64 0.120376
1633 64 -0.372317
1634 64 -0.156904
1635 64 0.044149
1636 64 -0.219329
1637 64 0.199261
1695 64 -0.11297
1696 64 -0.438859
1697 64 0.365188
1698 64 0.00225527
1699 64 -0.372658
1700 64 -0.287736
1719 64 0.0140734
1720 64 0.0341946
1721 64 0.0151139
1722 64 0.0682329
1723 64 0.0277836
1724 64 -0.0300198
45 65 0.03474
46 65 0.0385256
47 65 0.0836986
60 65 0.101157
61 65 -0.03039
62 65 -0.325335
63 65 -0.201459
64 65 -0.0394594
65 65 1.17861
66 65 -0.0475404
67 65 -0.0073534
68 65 -0.162549
84 65 -0.0437129
85 65 -0.0382878
86 65 0.167299
165 65 -0.0575512
166 65 0.0684843
167 65 0.158041
1617 65 0.238512
1618 65 -0.0653411
1619 65 -0.0449821
1632 65 0.0430633
1633 65 -0.288324
1634 65 -0.0968216
1635 65 -0.0121453
1636 65 0.166274
1637 65 -0.123754
1695 65 0.0872
1696 65 0.365657
1697 65 -0.247167
1698 65 -0.0377446
1699 65 -0.156607
1700 65 -0.0961546
1719 65 -0.39002
1720 65 0.0158848
1721 65 -0.382357
1722 65 0.284851
1723 65 -0.0291201
1724 65 -0.0903566
63 66 0.0768956
64 66 -0.00156919
65 66 -0.0475404
66 66 0.636175
67 66 -0.05281
68 66 0.201434
87 66 -0.0594887
88 66 -0.183524
89 66 0.0349553
168 66 -0.0360649
169 66 0.248918
170 66 -0.0575832
1635 66 0.0165713
1636 66 -0.0915261
1637 66 -0.0252819
1698 66 0.00471
1699 66 0.0449835
1700 66 -0.0128459
1701 66 0.0168576
1702 66 0.0294024
1703 66 0.0572721
1722 66 -0.331089
1723 66 0.0130287
1724 66 -0.390338
1725 66 -0.307332
1726 66 -0.00676376
1727 66 0.239712
63 67 0.00792065
64 67 0.0859435
65 67 -0.0073534
66 67 -0.05281
67 67 0.561395
68 67 0.0404479
87 67 -0.0717508
88 67 -0.0245135
89 67 0.0389316
168 67 0.249459
169 67 -0.121957
170 67 0.0684677
1635 67 0.0287688
1636 67 -0.155508
1637 67 -0.062589
1698 67 -0.15504
1699 67 -0.219192
1700 67 0.166456
1701 67 -0.0912833
1702 67 -0.155894
1703 67 -0.19367
1722 67 0.0122188
1723 67 0.034335
1724 67 0.0130527
1725 67 0.0725067
1726 67 0.0141157
1727 67 -0.0638529
63 68 0.148355
64 68 -0.0238613
65 68 -0.162549
66 68 0.201434
67 68 0.0404479
68 68 0.664878
87 68 -0.0782668
88 68 -0.0764634
89 68 0.0836681
168 68 -0.0576982
169 68 0.0683814
170 68 0.158023
1635 68 0.0566562
1636 68 -0.194
1637 68 -0.0876276
1698 68 0.0980235
1699 68 0.199641
1700 68 -0.124283
1701 68 -0.0250969
1702 68 -0.0625674
1703 68 -0.0873264
1722 68 -0.389942
1723 68 0.0138699
1724 68 -0.381262
1725 68 0.0462835
1726 68 0.0347151
1727 68 -0.0455036
48 69 -0.0638592
49 69 -0.0472054
50 69 0.0266067
69 69 0.922157
70 69 1.49186e-16
71 69 -7.63278e-17
72 69 0.154199
73 69 0.00560363
74 69 0.0990755
90 69 -0.0637981
91 69 -0.206093
92 69 -0.0731122
177 69 -0.0265014
178 69 0.248321
179 69 -0.0521147
1620 69 -0.166199
1621 69 0.0392436
1622 69 -0.10343
1638 69 0.002977
1639 69 -0.110843
1640 69 0.0864971
1704 69 0.00283665
1705 69 -0.00710469
1706 69 0.00289471
1707 69 0.0340048
1708 69 0.02031
1709 69 0.0130381
1728 69 -0.166437
1729 69 -0.0148024
1730 69 -0.286322
1731 69 -0.611377
1732 69 0.0731748
1733 69 0.28736
48 70 -0.206129
49 70 -0.0194092
50 70 0.0100544
69 70 1.31839e-16
70 70 0.922157
71 70 7.49401e-16
72 70 0.00486957
73 70 0.172455
74 70 -0.0263674
90 70 -0.0472758
91 70 -0.0195225
92 70 -0.0491311
177 70 0.248132
178 70 -0.13369
179 70 0.0648204
1620 70 -0.0154762
1621 70 0.0165116
1622 70 -0.0517648
1638 70 -0.00686238
1639 70 -0.222104
1640 70 0.0873249
1704 70 -0.11114
1705 70 -0.222441
1706 70 0.275055
1707 70 0.0208772
1708 70 -0.519292
1709 70 -0.354907
1728 70 0.039588
1729 70 0.0164166
1730 70 0.0772379
1731 70 0.0737001
1732 70 0.0264238
1733 70 -0.0327863
48 71 -0.0731069
49 71 -0.0490882
50 71 0.0833296
69 71 -1.249e-16
70 71 7.35523e-16
71 71 0.922157
72 71 0.099273
73 71 -0.0264885
74 71 -0.326654
90 71 0.0266779
91 71 0.0101097
92 71 0.083341
177 71 -0.0525091
178 71 0.0648037
179 71 0.160192
1620 71 -0.286364
1621 71 0.0767364
1622 71 -0.189652
1638 71 0.00261174
1639 71 0.275194
1640 71 -0.119975
1704 71 0.0864415
1705 71 0.0871191
1706 71 -0.119565
1707 71 0.0133541
1708 71 -0.35516
1709 71 -0.192729
1728 71 -0.103451
1729 71 -0.0512809
1730 71 -0.189413
1731 71 0.287442
1732 71 -0.0325424
1733 71 -0.0930633
9 72 -0.0274473
10 72 0.248243
11 72 -0.0532821
51 72 -0.126593
52 72 -0.253597
53 72 -0.0461909
69 72 0.154199
70 72 0.00486957
71 72 0.099273
72 72 1.82618
73 72 3.43475e-16
74 72 -2.08167e-16
75 72 0.153966
76 72 0.00597403
77 72 0.0995747
93 72 -0.126572
94 72 -0.253637
95 72 -0.0460308
180 72 -0.0274027
181 72 0.248333
182 72 -0.0528874
1620 72 -0.611869
1621 72 0.0736474
1622 72 0.287096
1623 72 -0.331539
1624 72 0.0216203
1625 72 -0.390096
1638 72 0.0339656
1639 72 0.0215364
1640 72 0.013749
1641 72 0.00614436
1642 72 -0.117268
1643 72 0.0892129
1707 72 0.00577238
1708 72 -0.117534
1709 72 0.0888864
1710 72 0.0338706
1711 72 0.0216337
1712 72 0.0138305
1731 72 -0.332157
1732 72 0.023703
1733 72 -0.389448
1734 72 -0.61232
1735 72 0.0722176
1736 72 0.286497
9 73 0.248288
10 73 -0.132342
11 73 0.065496
51 73 -0.253502
52 73 -0.0401253
53 73 -0.0393182
69 73 0.00560363
70 73 0.172455
71 73 -0.0264885
72 73 3.747e-16
73 73 1.82618
74 73 -2.17881e-15
75 73 0.00489523
76 73 0.172365
77 73 -0.0272072
93 73 -0.25358
94 73 -0.040239
95 73 -0.0386939
180 73 0.24819
181 73 -0.132399
182 73 0.0657513
1620 73 0.0731906
1621 73 0.0264343
1622 73 -0.0324666
1623 73 0.0225808
1624 73 0.0334374
1625 73 0.0240309
1638 73 0.020731
1639 73 -0.520204
1640 73 -0.354846
1641 73 -0.116661
1642 73 -0.443142
1643 73 0.363441
1707 73 -0.118083
1708 73 -0.443846
1709 73 0.36212
1710 73 0.0230944
1711 73 -0.520645
1712 73 -0.354052
1731 73 0.022688
1732 73 0.0333045
1733 73 0.0241143
1734 73 0.0731485
1735 73 0.0266065
1736 73 -0.0324208
9 74 -0.0531236
10 74 0.0657368
11 74 0.159789
51 74 -0.0463944
52 74 -0.0388164
53 74 0.166718
69 74 0.0990755
70 74 -0.0263674
71 74 -0.326654
72 74 -2.98372e-16
73 74 -2.13718e-15
74 74 1.82618
75 74 0.0998824
76 74 -0.0273079
77 74 -0.326331
93 74 -0.0459453
94 74 -0.0389499
95 74 0.166811
180 74 -0.0534584
181 74 0.0654345
182 74 0.159802
1620 74 0.286842
1621 74 -0.0326979
1622 74 -0.0925826
1623 74 -0.389398
1624 74 0.0229992
1625 74 -0.379914
1638 74 0.0132568
1639 74 -0.354318
1640 74 -0.191778
1641 74 0.0884924
1642 74 0.362652
1643 74 -0.241019
1707 74 0.0896204
1708 74 0.363089
1709 74 -0.239943
1710 74 0.0147024
1711 74 -0.354551
1712 74 -0.191241
1731 74 -0.389996
1732 74 0.0251594
1733 74 -0.379163
1734 74 0.287011
1735 74 -0.0319969
1736 74 -0.092303
12 75 -0.0286305
13 75 0.24833
14 75 -0.054205
54 75 -0.125189
55 75 -0.253858
56 75 -0.0457904
72 75 0.153966
73 75 0.00489523
74 75 0.0998824
75 75 1.82618
76 75 -8.43076e-16
77 75 -6.73073e-16
78 75 0.153721
79 75 0.00628761
80 75 0.10018
96 75 -0.125213
97 75 -0.253856
98 75 -0.0457318
183 75 -0.0287997
184 75 0.24836
185 75 -0.0539756
1623 75 -0.612938
1624 75 0.0729578
1625 75 0.28639
1626 75 -0.330777
1627 75 0.0196018
1628 75 -0.390041
1641 75 0.0338298
1642 75 0.0234964
1643 75 0.0149319
1644 75 0.00656241
1645 75 -0.116328
1646 75 0.0888093
1710 75 0.00614062
1711 75 -0.116594
1712 75 0.0884898
1713 75 0.0336903
1714 75 0.0236485
1715 75 0.0150069
1734 75 -0.331245
1735 75 0.0218344
1736 75 -0.389525
1737 75 -0.613471
1738 75 0.070838
1739 75 0.285782
12 76 0.248356
13 76 -0.130742
14 76 0.066257
54 76 -0.253816
55 76 -0.0416168
56 76 -0.0391687
72 76 0.00597403
73 76 0.172365
74 76 -0.0273079
75 76 -9.47159e-16
76 76 1.82618
77 76 1.54043e-15
78 76 0.00502335
79 76 0.172261
80 76 -0.0281424
96 76 -0.253906
97 76 -0.0416746
98 76 -0.0385201
183 76 0.248335
184 76 -0.1305
185 76 0.066812
1623 76 0.0722
1624 76 0.0266375
1625 76 -0.0318773
1626 76 0.0206639
1627 76 0.0336621
1628 76 0.022015
1641 76 0.0222667
1642 76 -0.521634
1643 76 -0.354205
1644 76 -0.115632
1645 76 -0.442091
1646 76 0.36399
1710 76 -0.117276
1711 76 -0.442837
1712 76 0.362555
1713 76 0.0254369
1714 76 -0.522275
1715 76 -0.353044
1734 76 0.0207582
1735 76 0.0335318
1736 76 0.0221248
1737 76 0.0721229
1738 76 0.0268888
1739 76 -0.0318409
12 77 -0.0540812
13 77 0.066556
14 77 0.159373
54 77 -0.0460078
55 77 -0.0387535
56 77 0.166805
72 77 0.0995747
73 77 -0.0272072
74 77 -0.326331
75 77 -6.38378e-16
76 77 1.66533e-15
77 77 1.82618
78 77 0.100427
79 77 -0.0282231
80 77 -0.325983
96 77 -0.0455355
97 77 -0.0389585
98 77 0.166887
183 77 -0.0546299
184 77 0.0662842
185 77 0.159299
1623 77 0.286065
1624 77 -0.0322689
1625 77 -0.0917159
1626 77 -0.389567
1627 77 0.0209234
1628 77 -0.380901
1641 77 0.0141692
1642 77 -0.353413
1643 77 -0.190211
1644 77 0.0880629
1645 77 0.363233
1646 77 -0.242487
1710 77 0.0893245
1711 77 0.363702
1712 77 -0.24132
1713 77 0.0161347
1714 77 -0.353749
1715 77 -0.189429
1734 77 -0.39002
1735 77 0.0232333
1736 77 -0.380302
1737 77 0.286269
1738 77 -0.0312378
1739 77 -0.0914339
15 78 -0.030062
16 78 0.248458
17 78 -0.0552079
57 78 -0.123489
58 78 -0.254233
59 78 -0.0451248
75 78 0.153721
76 78 0.00502335
77 78 0.100427
78 78 1.82618
79 78 4.996e-16
80 78 4.57967e-16
81 78 0.153584
82 78 0.0064878
83 78 0.100553
99 78 -0.123589
100 78 -0.254164
101 78 -0.045242
186 78 -0.0305773
187 78 0.248444
188 78 -0.0549883
1626 78 -0.613862
1627 78 0.0720975
1628 78 0.285784
1629 78 -0.33037
1630 78 0.0174064
1631 78 -0.390012
1644 78 0.0336673
1645 78 0.0255631
1646 78 0.0161845
1647 78 0.00714029
1648 78 -0.114996
1649 78 0.0881464
1713 78 0.00673207
1714 78 -0.11524
1715 78 0.0878594
1716 78 0.0334969
1717 78 0.0257611
1718 78 0.0162241
1737 78 -0.330575
1738 78 0.0196894
1739 78 -0.389729
1740 78 -0.614308
1741 78 0.0693117
1742 78 0.285513
15 79 0.248456
16 79 -0.128882
17 79 0.0670136
57 79 -0.254161
58 79 -0.043464
59 79 -0.0389292
75 79 0.00628761
76 79 0.172261
77 79 -0.0282231
78 79 4.12864e-16
79 79 1.82618
80 79 4.30211e-16
81 79 0.00522478
82 79 0.172157
83 79 -0.029058
99 79 -0.254263
100 79 -0.0434188
101 79 -0.0383125
186 79 0.248608
187 79 -0.128287
188 79 0.067587
1626 79 0.0709523
1627 79 0.0268836
1628 79 -0.0312097
1629 79 0.0185058
1630 79 0.0338879
1631 79 0.019726
1644 79 0.0240729
1645 79 -0.523186
1646 79 -0.353458
1647 79 -0.114308
1648 79 -0.440982
1649 79 0.364649
1713 79 -0.115928
1714 79 -0.441708
1715 79 0.363256
1716 79 0.0276171
1717 79 -0.523933
1718 79 -0.352089
1737 79 0.018577
1738 79 0.0337689
1739 79 0.0198626
1740 79 0.0708304
1741 79 0.0272066
1742 79 -0.0312066
15 80 -0.0550597
16 80 0.0673419
17 80 0.158943
57 80 -0.0454484
58 80 -0.0385023
59 80 0.166953
75 80 0.10018
76 80 -0.0281424
77 80 -0.325983
78 80 3.60822e-16
79 80 3.19189e-16
80 80 1.82618
81 80 0.100688
82 80 -0.0290967
83 80 -0.325743
99 80 -0.0449887
100 80 -0.0388052
101 80 0.167007
186 80 -0.0557119
187 80 0.0669931
188 80 0.158864
1626 80 0.285542
1627 80 -0.0317903
1628 80 -0.0910381
1629 80 -0.389755
1630 80 0.0186202
1631 80 -0.381533
1644 80 0.0152154
1645 80 -0.352439
1646 80 -0.188495
