0 0 9380.42
1 0 -7.18228
2 0 -41.3106
3 0 252.03
4 0 1397.57
5 0 16.727
6 0 -2450.8
7 0 -2287.05
8 0 -362.296
9 0 -2423.79
10 0 2272.59
11 0 -439.649
12 0 -4093.41
13 0 14.7622
14 0 520.69
15 0 259.805
16 0 -1384.41
17 0 229.705
126 0 -41.9722
127 0 -1.70235
128 0 -27.6512
195 0 -189.742
196 0 15.3027
197 0 -307.952
216 0 -145.037
217 0 -13.4707
218 0 -219.63
255 0 -351.674
256 0 0.391311
257 0 18.3062
258 0 -43.8578
259 0 -82.0706
260 0 163.404
282 0 -45.1072
283 0 92.0905
284 0 166.412
312 0 -106.615
313 0 -16.8154
314 0 283.244
0 1 -7.18228
1 1 9378.38
2 1 123.741
3 1 1426.29
4 1 -3673.95
5 1 -392.566
6 1 -2341.07
7 1 -1009.92
8 1 -215.456
9 1 2210.63
10 1 -910.333
11 1 378.712
12 1 86.3526
13 1 705.076
14 1 -53.988
15 1 -1368.79
16 1 -3525.3
17 1 517.417
126 1 -1.66372
127 1 -48.1934
128 1 -257.107
195 1 15.3027
196 1 -42.3434
197 1 129.305
216 1 -13.4707
217 1 -74.3661
218 1 -186.409
255 1 0.391311
256 1 -350.755
257 1 -55.6544
258 1 -82.0706
259 1 -153.582
260 1 305.783
282 1 92.0905
283 1 -188.008
284 1 -339.741
312 1 -16.8154
313 1 -106.45
314 1 45.9639
0 2 -41.3106
1 2 123.741
2 2 17944.1
3 2 1149.86
4 2 -3912.08
5 2 529.847
6 2 -3362.73
7 2 -2370.77
8 2 320.89
9 2 -3422.81
10 2 2560.91
11 2 264.577
12 2 4216.24
13 2 -62.963
14 2 323.646
15 2 1384.6
16 2 4019.01
17 2 291.592
126 2 -27.6489
127 2 -257.103
128 2 -13007.6
195 2 -307.952
196 2 129.305
197 2 -765.271
216 2 -219.63
217 2 -186.409
218 2 -709.495
255 2 18.3062
256 2 -55.6544
257 2 -3216.79
258 2 163.404
259 2 305.783
260 2 -608.822
282 2 166.412
283 2 -339.741
284 2 -613.928
312 2 283.244
313 2 45.9639
314 2 -752.491
0 3 252.03
1 3 1426.29
2 3 1149.86
3 3 18483.4
4 3 209.844
5 3 -697
6 3 -5792.08
7 3 1981.12
8 3 3539.07
12 3 -1570.23
13 3 -3168.12
14 3 -2211.9
18 3 -3411.22
19 3 -4044.42
20 3 -5034.51
27 3 -5729.39
28 3 409.403
29 3 4395
33 3 82.295
34 3 1896.09
35 3 1934.98
126 3 -749.441
127 3 878.331
128 3 -2210.31
156 3 -135.951
157 3 20.0507
158 3 -138.38
177 3 -85.705
178 3 52.1509
179 3 -117.206
195 3 -98.1649
196 3 30.6161
197 3 -99.9064
207 3 -601.476
208 3 205.322
209 3 -983.346
246 3 -109.341
247 3 86.9309
248 3 -173.898
255 3 -20.9638
256 3 37.8866
257 3 89.4247
258 3 -295.649
259 3 58.9977
260 3 311.223
279 3 -157.44
280 3 -35.3962
281 3 104.887
312 3 -18.7599
313 3 20.0553
314 3 49.5528
315 3 -1.84318
316 3 -9.41955
317 3 9.00541
330 3 -12.4794
331 3 -26.9875
332 3 36.3102
363 3 -22.8562
364 3 -33.9339
365 3 45.3341
714 3 -2.15909
715 3 2.12224
716 3 0.832612
723 3 -0.366101
724 3 0.269479
725 3 0.123292
726 3 -0.9082
727 3 1.83395
728 3 0.553216
729 3 -0.43803
730 3 0.607838
731 3 0.199349
735 3 -0.116889
736 3 0.672242
737 3 0.182446
753 3 -0.115886
754 3 -0.645278
755 3 -0.175014
759 3 -0.168293
760 3 0.514765
761 3 0.142203
762 3 -0.00303246
763 3 -0.00389029
764 3 -0.00101853
765 3 -0.0614917
766 3 -0.184401
767 3 -0.0508807
0 4 1397.57
1 4 -3673.95
2 4 -3912.08
3 4 209.844
4 4 17022
5 4 4511.28
6 4 2439.54
7 4 168.457
8 4 -489.434
12 4 -3746.67
13 4 -3750.62
14 4 -2001.48
18 4 -3346.44
19 4 -941.559
20 4 -698.745
27 4 -158.131
28 4 1543.79
29 4 2311.08
33 4 2085.8
34 4 -5888.78
35 4 -6433.5
126 4 707.031
127 4 -2596.5
128 4 4994.22
156 4 20.0507
157 4 -3.00314
158 4 20.4157
177 4 52.1509
178 4 -31.7294
179 4 71.3167
195 4 30.6161
196 4 -62.3583
197 4 -175.156
207 4 205.322
208 4 -321.829
209 4 471.529
246 4 86.9309
247 4 -175.779
248 4 264.173
255 4 37.8866
256 4 -68.4683
257 4 -161.608
258 4 58.9977
259 4 -294.36
260 4 34.8828
279 4 -35.3962
280 4 -727.563
281 4 1059.89
312 4 20.0553
313 4 -21.4394
314 4 -52.9736
315 4 -9.41955
316 4 -48.0946
317 4 45.9816
330 4 -26.9875
331 4 -58.3439
332 4 78.5028
363 4 -33.9339
364 4 -50.3726
365 4 67.2988
714 4 2.12224
715 4 -2.11231
716 4 -0.823487
723 4 0.269479
724 4 -0.200134
725 4 -0.0910388
726 4 1.83395
727 4 -3.77784
728 4 -1.13523
729 4 0.607838
730 4 -0.849809
731 4 -0.277999
735 4 0.672242
736 4 -4.44417
737 4 -1.20211
753 4 -0.645278
754 4 -4.09941
755 4 -1.10806
759 4 0.514765
760 4 -1.61189
761 4 -0.444304
762 4 -0.00389029
763 4 -1.37765
764 4 -0.359896
765 4 -0.184401
766 4 -0.566282
767 4 -0.15589
0 5 16.727
1 5 -392.566
2 5 529.847
3 5 -697
4 5 4511.28
5 5 80359.6
6 5 -2811.71
7 5 1641.25
8 5 4066.68
12 5 1515.23
13 5 3097.64
14 5 3968.7
18 5 -17334.6
19 5 -8125.2
20 5 -2433.87
27 5 18438
28 5 3453.73
29 5 -3015.79
33 5 7292.16
34 5 -21945.5
35 5 -30745.2
126 5 -5553.62
127 5 16040.7
128 5 -42243.7
156 5 -138.38
157 5 20.4157
158 5 -140.944
177 5 -117.206
178 5 71.3167
179 5 -160.277
195 5 -99.9064
196 5 -175.156
197 5 -907.729
207 5 -983.346
208 5 471.529
209 5 -2830
246 5 -173.898
247 5 264.173
248 5 -425.197
255 5 89.4247
256 5 -161.608
257 5 -381.449
258 5 311.223
259 5 34.8828
260 5 -3109.34
279 5 104.887
280 5 1059.89
281 5 -2158.74
312 5 49.5528
313 5 -52.9736
314 5 -130.887
315 5 9.00541
316 5 45.9816
317 5 -43.9583
330 5 36.3102
331 5 78.5028
332 5 -105.618
363 5 45.3341
364 5 67.2988
365 5 -89.9057
714 5 0.832612
715 5 -0.823487
716 5 -0.336408
723 5 0.123292
724 5 -0.0910388
725 5 -0.0428025
726 5 0.553216
727 5 -1.13523
728 5 -0.356929
729 5 0.199349
730 5 -0.277999
731 5 -0.0933316
735 5 0.182446
736 5 -1.20211
737 5 -0.341113
753 5 -0.175014
754 5 -1.10806
755 5 -0.314499
759 5 0.142203
760 5 -0.444304
761 5 -0.126277
762 5 -0.00101853
763 5 -0.359896
764 5 -0.0972469
765 5 -0.0508807
766 5 -0.15589
767 5 -0.0443192
0 6 -2450.8
1 6 -2341.07
2 6 -3362.73
3 6 -5792.08
4 6 2439.54
5 6 -2811.71
6 6 17401
7 6 -989.681
8 6 2508.79
9 6 992.342
10 6 -347.415
11 6 533.16
18 6 784.866
19 6 2682.75
20 6 3620.16
24 6 -3089.85
25 6 3034.18
26 6 -2201.35
42 6 -3632.77
43 6 -3207.15
44 6 -4873.6
126 6 -2275.06
127 6 -1272.82
128 6 5103.08
255 6 -59.9044
256 6 -2.29011
257 6 -126.454
258 6 -135.413
259 6 43.2943
260 6 -337.547
279 6 -45.8392
280 6 56.0871
281 6 -103.367
312 6 -312.554
313 6 76.9469
314 6 198.931
330 6 -333.787
331 6 -86.1878
332 6 341.191
351 6 -119.029
352 6 70.1318
353 6 177.918
363 6 -15.2346
364 6 -22.6184
365 6 30.2171
381 6 -701.517
382 6 -67.8223
383 6 1022.45
411 6 -76.041
412 6 -105.715
413 6 140.368
432 6 -64.8466
433 6 47.8351
434 6 84.7419
459 6 -58.2451
460 6 0.803944
461 6 60.7856
756 6 -0.869014
757 6 -1.72787
758 6 -0.520573
765 6 -0.0533014
766 6 -0.15984
767 6 -0.0441036
768 6 -2.47661
769 6 -2.40619
770 6 -0.944701
813 6 -3.73743
814 6 -1.89556
815 6 -1.16952
816 6 -4.22604
817 6 -0.692533
818 6 -1.2264
819 6 -1.19601
820 6 -0.870643
821 6 -0.39934
825 6 -1.2511
826 6 -0.410192
827 6 -0.364684
828 6 -0.571522
829 6 -0.00217397
830 6 -0.162529
1050 6 -0.459451
1051 6 -0.629989
1052 6 -0.20647
0 7 -2287.05
1 7 -1009.92
2 7 -2370.77
3 7 1981.12
4 7 168.457
5 7 1641.25
6 7 -989.681
7 7 17429.4
8 7 3207.87
9 7 345.95
10 7 -5940.88
11 7 -2774.22
18 7 1912.35
19 7 -5621.42
20 7 -3501.08
24 7 3538.6
25 7 -918.836
26 7 4245.47
42 7 -3575.2
43 7 -1664.78
44 7 -4035.94
126 7 -927.741
127 7 -1079.67
128 7 2274.32
255 7 -2.29011
256 7 -0.0874377
257 7 -4.83424
258 7 43.2943
259 7 -13.8368
260 7 107.917
279 7 56.0871
280 7 -68.8105
281 7 126.68
312 7 76.9469
313 7 -222.169
314 7 -242.916
330 7 -86.1878
331 7 -614.546
332 7 1051.77
351 7 70.1318
352 7 -41.3127
353 7 -104.824
363 7 -22.6184
364 7 -33.5755
365 7 44.8576
381 7 -67.8223
382 7 -170.111
383 7 206.179
411 7 -105.715
412 7 -146.943
413 7 195.122
432 7 47.8351
433 7 -35.2833
434 7 -62.5093
459 7 0.803944
460 7 -6.13311
461 7 -0.73713
756 7 -1.72787
757 7 -3.50777
758 7 -1.05249
765 7 -0.15984
766 7 -0.490856
767 7 -0.135127
768 7 -2.40619
769 7 -2.3705
770 7 -0.924099
813 7 -1.89556
814 7 -0.983809
815 7 -0.596001
816 7 -0.692533
817 7 -0.131377
818 7 -0.201805
819 7 -0.870643
820 7 -0.640345
821 7 -0.291746
825 7 -0.410192
826 7 -0.138599
827 7 -0.119923
828 7 -0.00217397
829 7 -0.00155338
830 7 -0.000619908
1050 7 -0.629989
1051 7 -0.871012
1052 7 -0.284648
0 8 -362.296
1 8 -215.456
2 8 320.89
3 8 3539.07
4 8 -489.434
5 8 4066.68
6 8 2508.79
7 8 3207.87
8 8 78747.8
9 8 537.465
10 8 3108.52
11 8 3787.05
18 8 9198.8
19 8 -16956.3
20 8 -2475.47
24 8 -12591.7
25 8 13525.1
26 8 -2804.67
42 8 -18410.9
43 8 -12684.3
44 8 -30311.9
126 8 14096.6
127 8 9190.86
128 8 -41375.4
255 8 -126.454
256 8 -4.83424
257 8 -266.934
258 8 -337.547
259 8 107.917
260 8 -841.38
279 8 -103.367
280 8 126.68
281 8 -233.543
312 8 198.931
313 8 -242.916
314 8 -2657.98
330 8 341.191
331 8 1051.77
332 8 -3064.57
351 8 177.918
352 8 -104.824
353 8 -265.922
363 8 30.2171
364 8 44.8576
365 8 -59.926
381 8 1022.45
382 8 206.179
383 8 -2129.17
411 8 140.368
412 8 195.122
413 8 -259.074
432 8 84.7419
433 8 -62.5093
434 8 -110.736
459 8 60.7856
460 8 -0.73713
461 8 -63.4356
756 8 -0.520573
757 8 -1.05249
758 8 -0.331482
765 8 -0.0441036
766 8 -0.135127
767 8 -0.0384161
768 8 -0.944701
769 8 -0.924099
770 8 -0.379589
813 8 -1.16952
814 8 -0.596001
815 8 -0.385525
816 8 -1.2264
817 8 -0.201805
818 8 -0.374794
819 8 -0.39934
820 8 -0.291746
821 8 -0.138095
825 8 -0.364684
826 8 -0.119923
827 8 -0.110329
828 8 -0.162529
829 8 -0.000619908
830 8 -0.0478903
1050 8 -0.20647
1051 8 -0.284648
1052 8 -0.0957754
0 9 -2423.79
1 9 2210.63
2 9 -3422.81
6 9 992.342
7 9 345.95
8 9 537.465
9 9 17262.8
10 9 1009.98
11 9 2334.77
15 9 -5849.22
16 9 -2474.66
17 9 -2911.97
21 9 888.524
22 9 -2657.66
23 9 3606.76
24 9 -3150.52
25 9 -2907.79
26 9 -2015.88
36 9 -3557.2
37 9 2949.77
38 9 -4901.17
126 9 -2083.62
127 9 1440.91
128 9 5097.23
216 9 -37.9457
217 9 -7.17873
218 9 -65.7581
252 9 -30.1211
253 9 -42.7852
254 9 -98.4801
255 9 -59.7036
256 9 -2.28243
257 9 -126.03
282 9 -366.556
283 9 -76.3915
284 9 -258.41
312 9 -106.625
313 9 -65.1989
314 9 36.6399
327 9 -436.53
328 9 289.946
329 9 686.666
351 9 -708.24
352 9 -44.1208
353 9 1084.87
381 9 -105.794
382 9 -70.5781
383 9 141.058
384 9 -8.93289
385 9 13.3651
386 9 13.5307
405 9 -125.465
406 9 92.1424
407 9 164.524
432 9 -77.6894
433 9 -13.054
434 9 102.645
810 9 -4.44249
811 9 0.628977
812 9 -1.32129
822 9 -3.93604
823 9 2.04182
824 9 -1.3408
828 9 -0.578606
829 9 -0.00220091
830 9 -0.164543
831 9 -1.20691
832 9 0.386171
833 9 -0.370104
834 9 -2.43825
835 9 2.42018
836 9 -1.05753
837 9 -1.21104
838 9 0.870431
839 9 -0.445993
846 9 -0.946301
847 9 1.80505
848 9 -0.636742
855 9 -0.499106
856 9 0.678823
857 9 -0.256806
864 9 -0.0605146
865 9 0.180979
866 9 -0.0587998
0 10 2272.59
1 10 -910.333
2 10 2560.91
6 10 -347.415
7 10 -5940.88
8 10 3108.52
9 10 1009.98
10 10 16711
11 10 -912.042
15 10 -1761.9
16 10 171.558
17 10 -1541.93
21 10 -1618.29
22 10 -4478.49
23 10 3474.34
24 10 -3876.25
25 10 -1396.82
26 10 -4270.4
36 10 2787.03
37 10 -1283.16
38 10 2871.83
126 10 1451.38
127 10 -1525.55
128 10 -3949.54
216 10 -7.17873
217 10 -1.3576
218 10 -12.4402
252 10 -42.7852
253 10 -60.7694
254 10 -139.878
255 10 -2.28243
256 10 -0.0871445
257 10 -4.81803
282 10 -76.3915
283 10 -252.283
284 10 -379.307
312 10 -65.1989
313 10 -59.6453
314 10 157.57
327 10 289.946
328 10 -613.274
329 10 -980.658
351 10 -44.1208
352 10 -213.071
353 10 43.3445
381 10 -70.5781
382 10 -47.165
383 10 94.1534
384 10 13.3651
385 10 -19.9938
386 10 -20.2424
405 10 92.1424
406 10 -67.6616
407 10 -120.823
432 10 -13.054
433 10 -2.1919
434 10 17.2468
810 10 0.628977
811 10 -0.107847
812 10 0.18785
822 10 2.04182
823 10 -1.08588
824 10 0.699272
828 10 -0.00220091
829 10 -0.00157263
830 10 -0.000627591
831 10 0.386171
832 10 -0.127319
833 10 0.118756
834 10 2.42018
835 10 -2.44465
836 10 1.05893
837 10 0.870431
838 10 -0.63364
839 10 0.32196
846 10 1.80505
847 10 -3.53625
848 10 1.24046
855 10 0.678823
856 10 -0.935749
857 10 0.352354
864 10 0.180979
865 10 -0.559836
866 10 0.181299
0 11 -439.649
1 11 378.712
2 11 264.577
6 11 533.16
7 11 -2774.22
8 11 3787.05
9 11 2334.77
10 11 -912.042
11 11 76013.2
15 11 3354.94
16 11 463.275
17 11 4105.25
21 11 8939.87
22 11 16029.3
23 11 -2879.2
24 11 -12170.5
25 11 -12712.7
26 11 -2402.49
36 11 -17815.5
37 11 11481.8
38 11 -30141
126 11 13587.3
127 11 -10612.4
128 11 -38463.1
216 11 -65.7581
217 11 -12.4402
218 11 -113.953
252 11 -98.4801
253 11 -139.878
254 11 -321.961
255 11 -126.03
256 11 -4.81803
257 11 -266.039
282 11 -258.41
283 11 -379.307
284 11 -3043.19
312 11 36.6399
313 11 157.57
314 11 -936.438
327 11 686.666
328 11 -980.658
329 11 -2198.17
351 11 1084.87
352 11 43.3445
353 11 -2841.68
381 11 141.058
382 11 94.1534
383 11 -188.231
384 11 13.5307
385 11 -20.2424
386 11 -20.4925
405 11 164.524
406 11 -120.823
407 11 -215.728
432 11 102.645
433 11 17.2468
434 11 -135.612
810 11 -1.32129
811 11 0.18785
812 11 -0.41304
822 11 -1.3408
823 11 0.699272
824 11 -0.480191
828 11 -0.164543
829 11 -0.000627591
830 11 -0.0484838
831 11 -0.370104
832 11 0.118756
833 11 -0.117223
834 11 -1.05753
835 11 1.05893
836 11 -0.483985
837 11 -0.445993
838 11 0.32196
839 11 -0.170248
846 11 -0.636742
847 11 1.24046
848 11 -0.457328
855 11 -0.256806
856 11 0.352354
857 11 -0.137659
864 11 -0.0587998
865 11 0.181299
866 11 -0.0607219
0 12 -4093.41
1 12 86.3526
2 12 4216.24
3 12 -1570.23
4 12 -3746.67
5 12 1515.23
12 12 16053.2
13 12 57.0259
14 12 -2824.21
15 12 -1528.46
16 12 3746.18
17 12 1241.08
27 12 901.696
28 12 1527.45
29 12 -839.951
30 12 686.864
31 12 -1586.05
32 12 -907.796
45 12 -5685.51
46 12 108.346
47 12 5890.93
126 12 -3122.42
127 12 -92.1597
128 12 -6130.39
129 12 -213.063
130 12 -41.3816
131 12 -221.795
141 12 -45.2854
142 12 8.60153
143 12 -39.6436
156 12 -664.299
157 12 149.729
158 12 -1051.89
162 12 -488.369
163 12 -235.159
164 12 -871.769
186 12 -3.61674
187 12 -24.3891
188 12 -27.947
195 12 -178.545
196 12 -3.71627
197 12 -53.116
207 12 -6.10309
208 12 26.9062
209 12 -44.86
216 12 -8.77974
217 12 21.6446
218 12 90.8739
255 12 -10.6306
256 12 0.823913
257 12 45.495
258 12 -1.92943
259 12 -3.61053
260 12 7.18864
702 12 -4.64317
703 12 -0.635398
704 12 1.37822
705 12 -4.40946
706 12 0.745218
707 12 1.2825
708 12 -3.27506
709 12 1.68331
710 12 1.03174
717 12 -1.21322
718 12 0.404405
719 12 0.355169
723 12 -0.364575
724 12 0.268356
725 12 0.122778
885 12 -3.45239
886 12 -1.77125
887 12 1.17032
888 12 -0.366502
889 12 -0.260806
890 12 0.134213
891 12 -1.1695
892 12 -0.368235
893 12 0.357524
894 12 -1.77162
895 12 0.0147416
896 12 0.50383
0 13 14.7622
1 13 705.076
2 13 -62.963
3 13 -3168.12
4 13 -3750.62
5 13 3097.64
12 13 57.0259
13 13 18082.5
14 13 1270.32
15 13 3009.34
16 13 -3683.73
17 13 -2618.52
27 13 2475.8
28 13 -5488.65
29 13 -4683.84
30 13 -2391.71
31 13 -4607.44
32 13 4801.77
45 13 435.331
46 13 777.283
47 13 -555.731
126 13 -331.953
127 13 -413.098
128 13 -858.413
129 13 -41.3816
130 13 -8.02965
131 13 -43.0762
141 13 8.60153
142 13 -1.63216
143 13 7.52965
156 13 149.729
157 13 -266.124
158 13 312.896
162 13 -235.159
163 13 -489.435
164 13 -734.538
186 13 -24.3891
187 13 -167.718
188 13 -192.106
195 13 -3.71627
196 13 -352.281
197 13 276.147
207 13 26.9062
208 13 -118.533
209 13 197.634
216 13 21.6446
217 13 -176.351
218 13 -224.961
255 13 0.823913
256 13 -31.2948
257 13 -3.27088
258 13 -3.61053
259 13 -6.75653
260 13 13.4523
702 13 -0.635398
703 13 -0.10356
704 13 0.189267
705 13 0.745218
706 13 -0.141946
707 13 -0.217516
708 13 1.68331
709 13 -0.882706
710 13 -0.532543
717 13 0.404405
718 13 -0.138205
719 13 -0.118689
723 13 0.268356
724 13 -0.199299
725 13 -0.0906594
885 13 -1.77125
886 13 -0.928916
887 13 0.603221
888 13 -0.260806
889 13 -0.187653
890 13 0.0958649
891 13 -0.368235
892 13 -0.118757
893 13 0.112819
894 13 0.0147416
895 13 -0.00399669
896 13 -0.00420153
0 14 520.69
1 14 -53.988
2 14 323.646
3 14 -2211.9
4 14 -2001.48
5 14 3968.7
12 14 -2824.21
13 14 1270.32
14 14 76443.9
15 14 -2356.1
16 14 2392.21
17 14 3969.89
27 14 2277.64
28 14 -18081.8
29 14 -2062.63
30 14 2301.22
31 14 18065.7
32 14 -3329.74
45 14 21545.9
46 14 -413.274
47 14 -30092.3
126 14 -17092.2
127 14 -787.423
128 14 -39434
129 14 -221.795
130 14 -43.0762
131 14 -230.87
141 14 -39.6436
142 14 7.52965
143 14 -34.7018
156 14 -1051.89
157 14 312.896
158 14 -2173.2
162 14 -871.769
163 14 -734.538
164 14 -2885.7
186 14 -27.947
187 14 -192.106
188 14 -220.199
195 14 -53.116
196 14 276.147
197 14 -2748.72
207 14 -44.86
208 14 197.634
209 14 -329.506
216 14 90.8739
217 14 -224.961
218 14 -940.592
255 14 45.495
256 14 -3.27088
257 14 -194.709
258 14 7.18864
259 14 13.4523
260 14 -26.7839
702 14 1.37822
703 14 0.189267
704 14 -0.426834
705 14 1.2825
706 14 -0.217516
707 14 -0.389894
708 14 1.03174
709 14 -0.532543
710 14 -0.340261
717 14 0.355169
718 14 -0.118689
719 14 -0.107301
723 14 0.122778
724 14 -0.0906594
725 14 -0.0426241
885 14 1.17032
886 14 0.603221
887 14 -0.414525
888 14 0.134213
889 14 0.0958649
890 14 -0.0506994
891 14 0.357524
892 14 0.112819
893 14 -0.112096
894 14 0.50383
895 14 -0.00420153
896 14 -0.147472
0 15 259.805
1 15 -1368.79
2 15 1384.6
9 15 -5849.22
10 15 -1761.9
11 15 3354.94
12 15 -1528.46
13 15 3009.34
14 15 -2356.1
15 15 18057.9
16 15 -377.751
17 15 -869.564
21 15 -3375.65
22 15 3822.01
23 15 -5137.9
30 15 -5563.48
31 15 -194.155
32 15 4363.15
39 15 85.1867
40 15 -1821.93
41 15 1885.8
126 15 -643.566
127 15 -986.353
128 15 -2208.34
144 15 -112.037
145 15 -22.3823
146 15 -117.054
162 15 -123.023
163 15 -43.0557
164 15 -153.596
183 15 -25.3221
184 15 -18.2752
185 15 -27.8988
186 15 -423.321
187 15 -322.47
188 15 -691.607
195 15 -0.761539
196 15 -3.50631
197 15 7.83025
216 15 -282.505
217 15 -59.4063
218 15 -272.126
228 15 -41.5575
229 15 -16.2193
230 15 -47.1844
252 15 -316.947
253 15 175.659
254 15 488.586
255 15 -21.3642
256 15 -34.6292
257 15 91.7244
282 15 -64.2526
283 15 -27.6066
284 15 238.564
309 15 -5.66554
310 15 26.5747
311 15 28.4191
327 15 -20.6528
328 15 30.2878
329 15 35.611
852 15 -0.147698
853 15 0.754584
854 15 -0.242489
861 15 -0.167256
862 15 -0.839582
863 15 0.26991
864 15 -0.057459
865 15 0.171841
866 15 -0.0558308
870 15 -1.0228
871 15 -1.93155
872 15 0.682176
873 15 -2.1651
874 15 -2.13055
875 15 0.93337
876 15 -0.00364869
877 15 -0.0033638
878 15 0.00104296
879 15 -0.185853
880 15 -0.547484
881 15 0.178029
882 15 -0.486228
883 15 -0.654826
884 15 0.24821
888 15 -0.385382
889 15 -0.274242
890 15 0.141128
0 16 -1384.41
1 16 -3525.3
2 16 4019.01
9 16 -2474.66
10 16 171.558
11 16 463.275
12 16 3746.18
13 16 -3683.73
14 16 2392.21
15 16 -377.751
16 16 16459
17 16 -1832.2
21 16 2644.71
22 16 -744.493
23 16 625.978
30 16 908.966
31 16 1355.31
32 16 -2357.73
39 16 -1808.72
40 16 -4670.1
41 16 5273.81
126 16 -933.816
127 16 -3292.48
128 16 -6381.59
144 16 -22.3823
145 16 -4.4677
146 16 -23.3837
162 16 -43.0557
163 16 -15.0613
164 16 -53.7526
183 16 -18.2752
184 16 -13.1881
185 16 -20.1342
186 16 -322.47
187 16 -500.683
188 16 -827.289
195 16 -3.50631
196 16 -16.1455
197 16 36.0559
216 16 -59.4063
217 16 -243.859
218 16 8.36594
228 16 -16.2193
229 16 -250.49
230 16 -304.749
252 16 175.659
253 16 -711.394
254 16 -1090.92
255 16 -34.6292
256 16 -56.1348
257 16 148.684
282 16 -27.6066
283 16 -69.0232
284 16 103.056
309 16 26.5747
310 16 -124.569
311 16 -133.218
327 16 30.2878
328 16 -44.4751
329 16 -52.2703
852 16 0.754584
853 16 -4.47324
854 16 1.43112
861 16 -0.839582
862 16 -4.84026
863 16 1.54931
864 16 0.171841
865 16 -0.531568
866 16 0.172144
870 16 -1.93155
871 16 -3.73943
872 16 1.31369
873 16 -2.13055
874 16 -2.13001
875 16 0.925714
876 16 -0.0033638
877 16 -1.36904
878 16 0.423347
879 16 -0.547484
880 16 -1.66441
881 16 0.539537
882 16 -0.654826
883 16 -0.892777
884 16 0.336945
888 16 -0.274242
889 16 -0.19732
890 16 0.100803
0 17 229.705
1 17 517.417
2 17 291.592
9 17 -2911.97
10 17 -1541.93
11 17 4105.25
12 17 1241.08
13 17 -2618.52
14 17 3969.89
15 17 -869.564
16 17 -1832.2
17 17 77486.4
21 17 -17004
22 17 7950.54
23 17 -3055.77
30 17 17972.4
31 17 -3486.8
32 17 -2554.44
39 17 7264.77
40 17 20227.7
41 17 -30902.8
126 17 -5505.79
127 17 -17013.5
128 17 -39516.2
144 17 -117.054
145 17 -23.3837
146 17 -122.287
162 17 -153.596
163 17 -53.7526
164 17 -191.749
183 17 -27.8988
184 17 -20.1342
185 17 -30.7357
186 17 -691.607
187 17 -827.289
188 17 -2046.23
195 17 7.83025
196 17 36.0559
197 17 -80.5199
216 17 -272.126
217 17 8.36594
218 17 -2717.1
228 17 -47.1844
229 17 -304.749
230 17 -389.348
252 17 488.586
253 17 -1090.92
254 17 -2759.41
255 17 91.7244
256 17 148.684
257 17 -393.83
282 17 238.564
283 17 103.056
284 17 -885.805
309 17 28.4191
310 17 -133.218
311 17 -142.461
327 17 35.611
328 17 -52.2703
329 17 -61.4752
852 17 -0.242489
853 17 1.43112
854 17 -0.47974
861 17 0.26991
862 17 1.54931
863 17 -0.519063
864 17 -0.0558308
865 17 0.172144
866 17 -0.0576559
870 17 0.682176
871 17 1.31369
872 17 -0.483737
873 17 0.93337
874 17 0.925714
875 17 -0.42248
876 17 0.00104296
877 17 0.423347
878 17 -0.134901
879 17 0.178029
880 17 0.539537
881 17 -0.180646
882 17 0.24821
883 17 0.336945
884 17 -0.13157
888 17 0.141128
889 17 0.100803
890 17 -0.0533113
3 18 -3411.22
4 18 -3346.44
5 18 -17334.6
6 18 784.866
7 18 1912.35
8 18 9198.8
18 18 59573.4
19 18 -5727.45
20 18 -5001.88
33 18 -19191.2
34 18 4319.5
35 18 -5176.97
42 18 -12583
43 18 7560.12
44 18 5453.44
48 18 -12404.5
49 18 -4158.97
50 18 -24198.2
54 18 -9623.52
55 18 4970.63
56 18 28312.4
126 18 -1452.27
127 18 -5158.17
128 18 7149.69
207 18 -0.0767695
208 18 0.0233069
209 18 -0.0975487
246 18 -108.983
247 18 67.1691
248 18 -150.334
258 18 -3.31193
259 18 9.66549
260 18 77.1367
279 18 -133.706
280 18 83.0965
281 18 -107.453
285 18 -99.1248
286 18 128.4
287 18 -103.292
315 18 -172.181
316 18 118.866
317 18 -133.101
330 18 -120.088
331 18 -6.10072
332 18 265.305
360 18 -60.8888
361 18 -145.415
362 18 137.718
363 18 -618.883
364 18 -276.285
365 18 1024.85
393 18 -88.0081
394 18 -220.593
395 18 152.777
411 18 -192.285
412 18 -27.4499
413 18 351.394
438 18 -59.5462
439 18 -85.2409
440 18 96.409
564 18 -30.7393
565 18 -10.4707
566 18 -13.7928
732 18 0.00254483
733 18 0.00201277
734 18 -0.00235017
735 18 -0.0317484
736 18 0.182589
737 18 0.0495545
738 18 -0.435481
739 18 -0.720045
740 18 1.00764
750 18 -0.538251
751 18 -0.577026
752 18 0.615608
753 18 -0.0977149
754 18 -0.544099
755 18 -0.147572
756 18 -0.737863
757 18 -1.4671
758 18 -0.442009
762 18 -0.00480983
763 18 -0.00617045
764 18 -0.0016155
765 18 -0.360451
766 18 -1.08092
767 18 -0.298252
768 18 -0.599485
769 18 -0.582439
770 18 -0.228673
771 18 -0.00846427
772 18 0.0480133
773 18 0.0131646
819 18 -0.00589448
820 18 -0.00429092
821 18 -0.00196813
960 18 -0.0640443
961 18 -0.351613
962 18 -0.0963442
969 18 -0.445408
970 18 -0.862421
971 18 -0.26248
1041 18 -0.235994
1042 18 -0.237632
1043 18 -0.091924
1050 18 -0.750685
1051 18 -1.02932
1052 18 -0.337346
3 19 -4044.42
4 19 -941.559
5 19 -8125.2
6 19 2682.75
7 19 -5621.42
8 19 -16956.3
18 19 -5727.45
19 19 45328.2
20 19 -11933.4
33 19 -2148.88
34 19 3685.22
35 19 1685.06
42 19 14133.9
43 19 -4251.56
44 19 -1513.99
48 19 149.091
49 19 -8251.13
50 19 14212
54 19 504.744
55 19 -11778.9
56 19 -3792.96
126 19 -5178.21
127 19 -15035.3
128 19 22265.8
207 19 0.0233069
208 19 -0.00707405
209 19 0.0296147
246 19 67.1691
247 19 -41.3943
248 19 92.653
258 19 9.66549
259 19 -11.2147
260 19 -56.4944
279 19 83.0965
280 19 -319.471
281 19 550.735
285 19 128.4
286 19 -166.315
287 19 133.795
315 19 118.866
316 19 -760.699
317 19 1047.93
330 19 -6.10072
331 19 -60.5858
332 19 121.927
360 19 -145.415
361 19 -347.253
362 19 328.876
363 19 -276.285
364 19 -722.18
365 19 1376.06
393 19 -220.593
394 19 -552.836
395 19 382.886
411 19 -27.4499
412 19 -3.92583
413 19 50.1656
438 19 -85.2409
439 19 -121.8
440 19 137.841
564 19 -10.4707
565 19 -3.56668
566 19 -4.69822
732 19 0.00201277
733 19 -0.146929
734 19 0.174562
735 19 0.182589
736 19 -1.20709
737 19 -0.326507
738 19 -0.720045
739 19 -1.46687
740 19 1.96108
750 19 -0.577026
751 19 -0.702372
752 19 0.709349
753 19 -0.544099
754 19 -3.45663
755 19 -0.934321
756 19 -1.4671
757 19 -2.97838
758 19 -0.893647
762 19 -0.00617045
763 19 -2.18511
764 19 -0.570836
765 19 -1.08092
766 19 -3.31943
767 19 -0.913796
768 19 -0.582439
769 19 -0.573798
770 19 -0.223686
771 19 0.0480133
772 19 -0.287357
773 19 -0.0786719
819 19 -0.00429092
820 19 -0.00315591
821 19 -0.00143786
960 19 -0.351613
961 19 -2.03393
962 19 -0.556443
969 19 -0.862421
970 19 -1.6846
971 19 -0.511774
1041 19 -0.237632
1042 19 -0.240775
1043 19 -0.0928532
1050 19 -1.02932
1051 19 -1.42312
1052 19 -0.465078
3 20 -5034.51
4 20 -698.745
5 20 -2433.87
6 20 3620.16
7 20 -3501.08
8 20 -2475.47
18 20 -5001.88
19 20 -11933.4
20 20 276776
33 20 20456.3
34 20 -776.004
35 20 36630.6
42 20 -17129.9
43 20 12576.3
44 20 36519
48 20 -46299.6
49 20 -8588.12
50 20 -136046
54 20 33192.8
55 20 -35654.8
56 20 -136854
126 20 14599.4
127 20 44416.9
128 20 -62312
207 20 -0.0975487
208 20 0.0296147
209 20 -0.123948
246 20 -150.334
247 20 92.653
248 20 -207.368
258 20 77.1367
259 20 -56.4944
260 20 -123.535
279 20 -107.453
280 20 550.735
281 20 -1252.93
285 20 -103.292
286 20 133.795
287 20 -107.63
315 20 -133.101
316 20 1047.93
317 20 -1668.09
330 20 265.305
331 20 121.927
332 20 -1035.65
360 20 137.718
361 20 328.876
362 20 -311.464
363 20 1024.85
364 20 1376.06
365 20 -4022.25
393 20 152.777
394 20 382.886
395 20 -265.165
411 20 351.394
412 20 50.1656
413 20 -642.19
438 20 96.409
439 20 137.841
440 20 -155.827
564 20 -13.7928
565 20 -4.69822
566 20 -6.18893
732 20 -0.00235017
733 20 0.174562
734 20 -0.201252
735 20 0.0495545
736 20 -0.326507
737 20 -0.0926503
738 20 1.00764
739 20 1.96108
740 20 -2.80987
750 20 0.615608
751 20 0.709349
752 20 -0.794259
753 20 -0.147572
754 20 -0.934321
755 20 -0.265186
756 20 -0.442009
757 20 -0.893647
758 20 -0.281455
762 20 -0.0016155
763 20 -0.570836
764 20 -0.154245
765 20 -0.298252
766 20 -0.913796
767 20 -0.25979
768 20 -0.228673
769 20 -0.223686
770 20 -0.0918826
771 20 0.0131646
772 20 -0.0786719
773 20 -0.0220008
819 20 -0.00196813
820 20 -0.00143786
821 20 -0.000680597
960 20 -0.0963442
961 20 -0.556443
962 20 -0.155634
969 20 -0.26248
970 20 -0.511774
971 20 -0.158846
1041 20 -0.091924
1042 20 -0.0928532
1043 20 -0.0366596
1050 20 -0.337346
1051 20 -0.465078
1052 20 -0.156485
9 21 888.524
10 21 -1618.29
11 21 8939.87
15 21 -3375.65
16 21 2644.71
17 21 -17004
21 21 57362.5
22 21 5075.49
23 21 -4508.49
36 21 -12924.7
37 21 -6950.29
38 21 4993.79
39 21 -19415.1
40 21 -4166.22
41 21 -4557.24
51 21 -11402.6
52 21 3132.7
53 21 -23486.8
63 21 -8899.1
64 21 -3801.86
65 21 27644.7
126 21 -755.955
127 21 5236.37
128 21 6730.59
228 21 -64.7634
229 21 -90.1143
230 21 -149.564
240 21 -55.3904
241 21 -69.3582
242 21 -49.4145
252 21 -84.9867
253 21 -33.9417
254 21 -3.20116
282 21 -7.92304
283 21 -4.2866
284 21 -2.75003
303 21 -2.647
304 21 15.3377
305 21 13.3473
309 21 -328.604
310 21 -101.252
311 21 -43.304
327 21 -345.632
328 21 136.214
329 21 576.489
351 21 -3.40067
352 21 -1.75859
353 21 5.141
372 21 -88.7131
373 21 231.174
374 21 141.755
384 21 -491.905
385 21 359.284
386 21 761.275
663 21 0.00768671
664 21 0.000570537
665 21 0.000627026
798 21 0.00317928
799 21 0.000967264
800 21 0.00131273
834 21 -0.651335
835 21 0.646508
836 21 -0.282502
846 21 -0.813608
847 21 1.55194
848 21 -0.547456
849 21 0.00168904
850 21 -0.00145785
851 21 -0.00117112
852 21 -0.12585
853 21 0.642965
854 21 -0.20662
855 21 -0.801098
856 21 1.08956
857 21 -0.41219
861 21 -0.0402904
862 21 -0.202248
863 21 0.0650189
864 21 -0.381198
865 21 1.14004
866 21 -0.370396
876 21 -0.00602848
877 21 -0.00555777
878 21 0.0017232
915 21 -0.011785
916 21 -0.0684298
917 21 0.0219951
993 21 -0.0537582
994 21 0.321488
995 21 -0.103293
996 21 -0.428152
997 21 0.856777
998 21 -0.302386
1002 21 -0.126737
1003 21 0.122434
1004 21 -0.0547425
9 22 -2657.66
10 22 -4478.49
11 22 16029.3
15 22 3822.01
16 22 -744.493
17 22 7950.54
21 22 5075.49
22 22 43430.3
23 22 19381.9
36 22 -14096.7
37 22 -3914.6
38 22 2519.87
39 22 3151.11
40 22 2982.53
41 22 -948.996
51 22 -1792.59
52 22 -8087.5
53 22 -17419.3
63 22 733.008
64 22 -9813.87
65 22 -1388.57
126 22 5317.97
127 22 -16418.7
128 22 -22126.1
228 22 -90.1143
229 22 -125.382
230 22 -208.102
240 22 -69.3582
241 22 -86.8464
242 22 -61.8745
252 22 -33.9417
253 22 -119.981
254 22 -252.733
282 22 -4.2866
283 22 -2.57569
284 22 2.70276
303 22 15.3377
304 22 -88.0917
305 22 -76.6798
309 22 -101.252
310 22 -1158.68
311 22 -1845.27
327 22 136.214
328 22 -217.685
329 22 -404.207
351 22 -1.75859
352 22 -0.909402
353 22 2.65855
372 22 231.174
373 22 -602.334
374 22 -369.355
384 22 359.284
385 22 -531.728
386 22 -792.485
663 22 0.000570537
664 22 0.00429862
665 22 -0.00382629
798 22 0.000967264
799 22 0.00289685
800 22 -0.00151829
834 22 0.646508
835 22 -0.653044
836 22 0.282875
846 22 1.55194
847 22 -3.04039
848 22 1.06652
849 22 -0.00145785
850 22 -0.150711
851 22 -0.122437
852 22 0.642965
853 22 -3.81155
854 22 1.21943
855 22 1.08956
856 22 -1.50194
857 22 0.565551
861 22 -0.202248
862 22 -1.16598
863 22 0.373214
864 22 1.14004
865 22 -3.52656
866 22 1.14205
876 22 -0.00555777
877 22 -2.26198
878 22 0.699468
915 22 -0.0684298
916 22 -0.430231
917 22 0.138005
993 22 0.321488
994 22 -2.09488
995 22 0.671689
996 22 0.856777
997 22 -1.73744
998 22 0.6116
1002 22 0.122434
1003 22 -0.119269
1004 22 0.0530984
9 23 3606.76
10 23 3474.34
11 23 -2879.2
15 23 -5137.9
16 23 625.978
17 23 -3055.77
21 23 -4508.49
22 23 19381.9
23 23 254297
36 23 -16144.7
37 23 -9804.37
38 23 33416.2
39 23 19869.1
40 23 1237.84
41 23 33805.9
51 23 -44248.9
52 23 3820.14
53 23 -126317
63 23 32079.8
64 23 28189.1
65 23 -127814
126 23 13236.7
127 23 -42926.3
128 23 -53129.2
228 23 -149.564
229 23 -208.102
230 23 -345.387
240 23 -49.4145
241 23 -61.8745
242 23 -44.082
252 23 -3.20116
253 23 -252.733
254 23 -797.065
282 23 -2.75003
283 23 2.70276
284 23 -69.4456
303 23 13.3473
304 23 -76.6798
305 23 -66.7061
309 23 -43.304
310 23 -1845.27
311 23 -3850.35
327 23 576.489
328 23 -404.207
329 23 -1356.75
351 23 5.141
352 23 2.65855
353 23 -7.77192
372 23 141.755
373 23 -369.355
374 23 -226.478
384 23 761.275
385 23 -792.485
386 23 -1556.9
663 23 0.000627026
664 23 -0.00382629
665 23 0.00357508
798 23 0.00131273
799 23 -0.00151829
800 23 0.00195503
834 23 -0.282502
835 23 0.282875
836 23 -0.129288
846 23 -0.547456
847 23 1.06652
848 23 -0.3932
849 23 -0.00117112
850 23 -0.122437
851 23 -0.096653
852 23 -0.20662
853 23 1.21943
854 23 -0.408776
855 23 -0.41219
856 23 0.565551
857 23 -0.220951
861 23 0.0650189
862 23 0.373214
863 23 -0.125038
864 23 -0.370396
865 23 1.14205
866 23 -0.382504
876 23 0.0017232
877 23 0.699468
878 23 -0.222887
915 23 0.0219951
916 23 0.138005
917 23 -0.0452369
993 23 -0.103293
994 23 0.671689
995 23 -0.22013
996 23 -0.302386
997 23 0.6116
998 23 -0.2204
1002 23 -0.0547425
1003 23 0.0530984
1004 23 -0.0242534
6 24 -3089.85
7 24 3538.6
8 24 -12591.7
9 24 -3150.52
10 24 -3876.25
11 24 -12170.5
24 24 39953.6
25 24 -782.237
26 24 -14952
36 24 1246
37 24 -8824.75
38 24 201.59
42 24 1666.35
43 24 9102.22
44 24 -587.319
57 24 -8070.53
58 24 17.6762
59 24 7014.1
60 24 -8194
61 24 75.6407
62 24 7029.66
126 24 -16564.3
127 24 700.095
128 24 21749.1
312 24 -13.2179
313 24 -0.868984
314 24 -44.7585
351 24 -75.8071
352 24 44.8016
353 24 124.747
381 24 -251.339
382 24 -112.766
383 24 426.721
405 24 -85.3352
406 24 62.6709
407 24 111.902
411 24 -12.5303
412 24 -17.42
413 24 23.1302
432 24 -909.741
433 24 292.137
434 24 1423.87
456 24 -1.4604
457 24 1.36946
458 24 1.01031
459 24 -773.591
460 24 -272.872
461 24 1009.63
483 24 -233.444
484 24 147.917
485 24 238.614
492 24 -109.479
493 24 -89.577
494 24 76.4711
510 24 -1223.53
511 24 41.0314
512 24 834.843
528 24 -83.4636
529 24 -47.5297
530 24 87.5601
780 24 0.0022255
781 24 -0.000609997
782 24 0.00170331
786 24 0.00412949
787 24 0.000524255
788 24 0.0036358
801 24 -0.270596
802 24 0.0971401
803 24 0.232287
810 24 -3.89181
811 24 0.55101
812 24 -1.1575
813 24 -1.06254
814 24 -0.538902
815 24 -0.33249
816 24 -3.77164
817 24 -0.618068
818 24 -1.09453
822 24 -1.01497
823 24 0.526513
824 24 -0.345745
825 24 -2.13464
826 24 -0.699876
827 24 -0.62223
828 24 -3.99123
829 24 -0.0151819
830 24 -1.13502
831 24 -2.13981
832 24 0.684668
833 24 -0.656183
837 24 -0.0576639
838 24 0.0414456
839 24 -0.021236
1011 24 -0.410791
1012 24 0.205354
1013 24 -0.139324
1020 24 -2.15431
1021 24 0.337328
1022 24 -0.64561
1029 24 -2.12686
1030 24 -0.318174
1031 24 -0.622676
1035 24 -0.265067
1036 24 -0.140196
1037 24 -0.0843929
6 25 3034.18
7 25 -918.836
8 25 13525.1
9 25 -2907.79
10 25 -1396.82
11 25 -12712.7
24 25 -782.237
25 25 55377.3
26 25 5063.29
36 25 -2287.17
37 25 -15654.5
38 25 -3763.25
42 25 2543.59
43 25 -17377.9
44 25 5818.65
57 25 3713.72
58 25 -8392.67
59 25 22505.6
60 25 -4774.2
61 25 -10748.2
62 25 -27972.8
126 25 1410.91
127 25 126.451
128 25 -2225.13
312 25 -0.868984
313 25 -0.0581751
314 25 -2.94278
351 25 44.8016
352 25 -26.6072
353 25 -82.681
381 25 -112.766
382 25 -102.113
383 25 263.38
405 25 62.6709
406 25 -46.0202
407 25 -82.1778
411 25 -17.42
412 25 -24.2138
413 25 32.1528
432 25 292.137
433 25 -324.854
434 25 -700.983
456 25 1.36946
457 25 -1.28414
458 25 -0.947378
459 25 -272.872
460 25 -186.467
461 25 400.268
483 25 147.917
484 25 -93.6025
485 25 -151.137
492 25 -89.577
493 25 -73.2882
494 25 62.5678
510 25 41.0314
511 25 -107.233
512 25 -26.1348
528 25 -47.5297
529 25 -27.0641
530 25 49.8614
780 25 -0.000609997
781 25 0.00344337
782 25 0.000706406
786 25 0.000524255
787 25 0.00731306
788 25 -0.000583315
801 25 0.0971401
802 25 -0.0353147
803 25 -0.0835086
810 25 0.55101
811 25 -0.094479
812 25 0.164564
813 25 -0.538902
814 25 -0.279693
815 25 -0.169441
816 25 -0.618068
817 25 -0.117251
818 25 -0.180106
822 25 0.526513
823 25 -0.280009
824 25 0.180318
825 25 -0.699876
826 25 -0.236479
827 25 -0.204615
828 25 -0.0151819
829 25 -0.010848
830 25 -0.00432913
831 25 0.684668
832 25 -0.225733
833 25 0.210551
837 25 0.0414456
838 25 -0.0301708
839 25 0.0153301
1011 25 0.205354
1012 25 -0.103919
1013 25 0.0698196
1020 25 0.337328
1021 25 -0.057164
1022 25 0.101291
1029 25 -0.318174
1030 25 -0.0518886
1031 25 -0.0933355
1035 25 -0.140196
1036 25 -0.0749347
1037 25 -0.0447394
6 26 -2201.35
7 26 4245.47
8 26 -2804.67
9 26 -2015.88
10 26 -4270.4
11 26 -2402.49
24 26 -14952
25 26 5063.29
26 26 239197
36 26 5295.86
37 26 17808.4
38 26 31043.5
42 26 4848.94
43 26 -17246.7
44 26 33441.9
57 26 -18740.1
58 26 35022
59 26 -119643
60 26 -19253.5
61 26 -38179.8
62 26 -119495
126 26 42710.9
127 26 -2203.41
128 26 -50742.3
312 26 -44.7585
313 26 -2.94278
314 26 -151.574
351 26 124.747
352 26 -82.681
353 26 -909.532
381 26 426.721
382 26 263.38
383 26 -1333.29
405 26 111.902
406 26 -82.1778
407 26 -146.728
411 26 23.1302
412 26 32.1528
413 26 -42.691
432 26 1423.87
433 26 -700.983
434 26 -3359.25
456 26 1.01031
457 26 -0.947378
458 26 -0.698895
459 26 1009.63
460 26 400.268
461 26 -1689.15
483 26 238.614
484 26 -151.137
485 26 -243.722
492 26 76.4711
493 26 62.5678
494 26 -53.4108
510 26 834.843
511 26 -26.1348
512 26 -569.649
528 26 87.5601
529 26 49.8614
530 26 -91.8537
780 26 0.00170331
781 26 0.000706406
782 26 0.00172383
786 26 0.0036358
787 26 -0.000583315
788 26 0.00335179
801 26 0.232287
802 26 -0.0835086
803 26 -0.200082
810 26 -1.1575
811 26 0.164564
812 26 -0.36184
813 26 -0.33249
814 26 -0.169441
815 26 -0.109603
816 26 -1.09453
817 26 -0.180106
818 26 -0.334494
822 26 -0.345745
823 26 0.180318
824 26 -0.123824
825 26 -0.62223
826 26 -0.204615
827 26 -0.188245
828 26 -1.13502
829 26 -0.00432913
830 26 -0.334442
831 26 -0.656183
832 26 0.210551
833 26 -0.207833
837 26 -0.021236
838 26 0.0153301
839 26 -0.00810635
1011 26 -0.139324
1012 26 0.0698196
1013 26 -0.0483803
1020 26 -0.64561
1021 26 0.101291
1022 26 -0.1981
1029 26 -0.622676
1030 26 -0.0933355
1031 26 -0.186856
1035 26 -0.0843929
1036 26 -0.0447394
1037 26 -0.0275438
3 27 -5729.39
4 27 -158.131
5 27 18438
12 27 901.696
13 27 2475.8
14 27 2277.64
27 27 46535.7
28 27 7860.3
29 27 12630.3
33 27 -10586.4
34 27 -13896.4
35 27 3178.59
45 27 518.687
46 27 -3807.16
47 27 -2595.65
69 27 -7175.36
70 27 -2709.92
71 27 -21633.6
72 27 -11002.6
73 27 1068.8
74 27 9330.9
126 27 -10848.1
127 27 7997.54
128 27 -18127.1
135 27 -75.6975
136 27 0.0517228
137 27 -37.6465
141 27 -762.743
142 27 29.6801
143 27 -930.234
150 27 -108.926
151 27 20.5145
152 27 -94.5358
156 27 -344.653
157 27 -5.97734
158 27 -601.776
171 27 -808.876
172 27 591.676
173 27 -668.232
177 27 -433.098
178 27 374.448
179 27 -920.281
195 27 -1.08856
196 27 3.50386
197 27 11.2556
207 27 -16.0092
208 27 14.6446
209 27 -115.392
222 27 -42.3013
223 27 97.114
224 27 -107.67
246 27 -4.16281
247 27 26.0631
248 27 -33.4825
285 27 -0.41663
286 27 6.65248
287 27 -3.90403
678 27 -0.882521
679 27 0.715066
680 27 -1.326
681 27 -0.0983131
682 27 0.0348506
683 27 -0.119492
705 27 -1.23541
706 27 0.208789
707 27 0.359321
708 27 -2.85315
709 27 1.46645
710 27 0.898826
711 27 -0.466073
712 27 0.531937
713 27 -0.587511
714 27 -1.8491
715 27 1.81754
716 27 0.713072
717 27 -2.0109
718 27 0.670298
719 27 0.588689
723 27 -2.39977
724 27 1.76642
725 27 0.808173
726 27 -0.221033
727 27 0.446337
728 27 0.134639
729 27 -0.730103
730 27 1.01314
731 27 0.332273
759 27 -0.00147025
760 27 0.0044971
761 27 0.00124232
777 27 -0.0943568
778 27 0.185265
779 27 0.0564439
783 27 -1.0208
784 27 1.03878
785 27 0.401609
789 27 -1.62583
790 27 0.870013
791 27 0.52079
900 27 -0.287742
901 27 0.0443935
902 27 0.0843601
3 28 409.403
4 28 1543.79
5 28 3453.73
12 28 1527.45
13 28 -5488.65
14 28 -18081.8
27 28 7860.3
28 28 51666
29 28 -6550.24
33 28 -7405.84
34 28 -5228.15
35 28 4640.15
45 28 -10398.4
46 28 -16190.9
47 28 -2994.83
69 28 2004.13
70 28 -12673.9
71 28 -18769.2
72 28 -2793.88
73 28 -6615.71
74 28 23168.6
126 28 7627.7
127 28 -4631.39
128 28 12498.3
135 28 0.0517228
136 28 0.000824071
137 28 0.0257229
141 28 29.6801
142 28 -39.5593
143 28 -51.3598
150 28 20.5145
151 28 -3.86123
152 28 17.804
156 28 -5.97734
157 28 -99.8558
158 28 -74.0606
171 28 591.676
172 28 -616.797
173 28 608.048
177 28 374.448
178 28 -907.695
179 28 1470.13
195 28 3.50386
196 28 -11.2823
197 28 -36.2417
207 28 14.6446
208 28 -116.815
209 28 109.566
222 28 97.114
223 28 -305.922
224 28 321.357
246 28 26.0631
247 28 -163.013
248 28 209.424
285 28 6.65248
286 28 -106.033
287 28 62.2263
678 28 0.715066
679 28 -0.64337
680 28 1.12268
681 28 0.0348506
682 28 -0.00902194
683 28 0.0411161
705 28 0.208789
706 28 -0.0397692
707 28 -0.0609418
708 28 1.46645
709 28 -0.768991
710 28 -0.463938
711 28 0.531937
712 28 -0.697821
713 28 0.729269
714 28 1.81754
715 28 -1.80904
716 28 -0.705257
717 28 0.670298
718 28 -0.229073
719 28 -0.196726
723 28 1.76642
724 28 -1.31186
725 28 -0.596754
726 28 0.446337
727 28 -0.919431
728 28 -0.276286
729 28 1.01314
730 28 -1.41645
731 28 -0.463366
759 28 0.0044971
760 28 -0.0140818
761 28 -0.00388153
777 28 0.185265
778 28 -0.366681
779 28 -0.111533
783 28 1.03878
784 28 -1.06267
785 28 -0.409783
789 28 0.870013
790 28 -0.469617
791 28 -0.279227
900 28 0.0443935
901 28 -0.00733076
902 28 -0.0130366
3 29 4395
4 29 2311.08
5 29 -3015.79
12 29 -839.951
13 29 -4683.84
14 29 -2062.63
27 29 12630.3
28 29 -6550.24
29 29 248546
33 29 -14642.3
34 29 -10705.1
35 29 33097.1
45 29 7117.26
46 29 19221.6
47 29 32960.5
69 29 -7558.48
70 29 -44443.8
71 29 -122729
72 29 37814.1
73 29 17083
74 29 -125698
126 29 -35416.8
127 29 25132.2
128 29 -52182.3
135 29 -37.6465
136 29 0.0257229
137 29 -18.7216
141 29 -930.234
142 29 -51.3598
143 29 -1334.01
150 29 -94.5358
151 29 17.804
152 29 -82.043
156 29 -601.776
157 29 -74.0606
158 29 -1344.15
171 29 -668.232
172 29 608.048
173 29 -629.304
177 29 -920.281
178 29 1470.13
179 29 -3907.83
195 29 11.2556
196 29 -36.2417
197 29 -116.422
207 29 -115.392
208 29 109.566
209 29 -832.36
222 29 -107.67
223 29 321.357
224 29 -340.1
246 29 -33.4825
247 29 209.424
248 29 -269.037
285 29 -3.90403
286 29 62.2263
287 29 -36.517
678 29 -1.326
679 29 1.12268
680 29 -2.11981
681 29 -0.119492
682 29 0.0411161
683 29 -0.138004
705 29 0.359321
706 29 -0.0609418
707 29 -0.109237
708 29 0.898826
709 29 -0.463938
710 29 -0.296427
711 29 -0.587511
712 29 0.729269
713 29 -0.842995
714 29 0.713072
715 29 -0.705257
716 29 -0.288109
717 29 0.588689
718 29 -0.196726
719 29 -0.17785
723 29 0.808173
724 29 -0.596754
725 29 -0.280568
726 29 0.134639
727 29 -0.276286
728 29 -0.0868676
729 29 0.332273
