0 0 1.99375499e+13
2 0 -9.33625211e+06
3 0 -2.18563001e+06
5 0 4.24492672e+06
6 0 3.20562615e+11
12 0 -5.06781211e+11
17 0 2.42062031e+10
1 1 1.96907140e+11
3 1 -3.17905537e+10
5 1 -2.46920347e+10
7 1 6.04333237e+05
12 1 -8.60657339e+04
19 1 -5.07420014e+01
0 2 -9.33625211e+06
2 2 3.75745579e+05
4 2 -1.77953831e+06
5 2 3.16799181e+07
6 2 -1.48311185e+05
12 2 2.38576353e+05
14 2 7.69365600e+03
17 2 -1.13955038e+04
0 3 -2.18563001e+06
1 3 -3.17905537e+10
3 3 4.44274716e+11
5 3 3.98651909e+09
6 3 1.22625558e+07
7 3 1.09206915e+10
8 3 2.35881005e+07
12 3 -1.55526334e+09
17 3 6.51774526e+08
19 3 -9.16940700e+05
2 4 -1.77953831e+06
4 4 1.10048048e+10
6 4 5.11613152e+07
8 4 -9.49563160e+02
12 4 -8.04558691e+05
13 4 4.20621650e+04
14 4 -1.14363624e+07
15 4 -7.07223000e+00
17 4 -1.03444192e+06
0 5 4.24492672e+06
1 5 -2.46920347e+10
2 5 3.16799181e+07
3 5 3.98651909e+09
5 5 8.42603784e+09
6 5 2.19864844e+05
9 5 2.80841820e+07
12 5 6.30629277e+01
17 5 2.13283184e+08
19 5 3.17780669e+05
0 6 3.20562615e+11
2 6 -1.48311185e+05
3 6 1.22625558e+07
4 6 5.11613152e+07
5 6 2.19864844e+05
6 6 5.18716908e+09
8 6 8.75457614e+06
12 6 -8.14821410e+09
13 6 3.25961150e+04
17 6 6.31269399e+08
1 7 6.04333237e+05
3 7 1.09206915e+10
7 7 2.64040036e+11
12 7 -3.75951527e+10
19 7 -2.21650732e+07
3 8 2.35881005e+07
4 8 -9.49563160e+02
6 8 8.75457614e+06
8 8 1.68521273e+07
13 8 -7.16164878e+00
17 8 4.65649466e+08
5 9 2.80841820e+07
9 9 2.97631490e+05
17 9 2.26024749e+06
19 9 3.36764928e+03
10 10 2.63169000e+05
11 11 2.98913693e+09
16 11 2.24877813e+08
0 12 -5.06781211e+11
1 12 -8.60657339e+04
2 12 2.38576353e+05
3 12 -1.55526334e+09
4 12 -8.04558691e+05
5 12 6.30629277e+01
6 12 -8.14821410e+09
7 12 -3.75951527e+10
12 12 1.82356914e+10
17 12 -6.15284526e+08
19 12 3.15662481e+06
4 13 4.20621650e+04
6 13 3.25961150e+04
8 13 -7.16164878e+00
13 13 1.26202794e+08
15 13 -2.40755854e+04
17 13 -3.52149109e+09
2 14 7.69365600e+03
4 14 -1.14363624e+07
14 14 4.94439696e+04
4 15 -7.07223000e+00
13 15 -2.40755854e+04
15 15 1.71537663e+07
17 15 6.71791663e+05
11 16 2.24877813e+08
16 16 1.71828532e+07
0 17 2.42062031e+10
2 17 -1.13955038e+04
3 17 6.51774526e+08
4 17 -1.03444192e+06
5 17 2.13283184e+08
6 17 6.31269399e+08
8 17 4.65649466e+08
9 17 2.26024749e+06
12 17 -6.15284526e+08
13 17 -3.52149109e+09
15 17 6.71791663e+05
17 17 1.11767655e+11
19 17 2.55753563e+04
18 18 2.99209000e+01
1 19 -5.07420014e+01
3 19 -9.16940700e+05
5 19 3.17780669e+05
7 19 -2.21650732e+07
9 19 3.36764928e+03
12 19 3.15662481e+06
17 19 2.55753563e+04
19 19 1.89916553e+03