0 0 0.334955
1 0 -0.0816958
2 0 0.0264516
54 0 -0.0460985
55 0 0.245074
56 0 -0.0795953
1608 0 0.00965995
1609 0 -0.00229998
1610 0 -0.00890303
1611 0 0.0147286
1612 0 0.0432133
1613 0 0.0731561
1623 0 -0.0830621
1624 0 -0.0983406
1625 0 -0.157681
1626 0 -0.21253
1627 0 -0.105034
1628 0 0.145881
0 1 -0.0816958
1 1 0.352416
2 1 -0.029429
54 1 0.244748
55 1 -0.0988558
56 1 0.0891899
1608 1 -0.158635
1609 1 -0.129342
1610 1 0.13612
1611 1 -0.0672118
1612 1 -0.162314
1613 1 -0.195563
1623 1 0.0123805
1624 1 0.0277927
1625 1 0.0505214
1626 1 0.0507669
1627 1 0.0272737
1628 1 -0.0496305
0 2 0.0264516
1 2 -0.029429
2 2 0.271053
54 2 -0.0798503
55 2 0.0883511
56 2 0.144954
1608 2 0.0961212
1609 2 0.076115
1610 2 -0.1054
1611 2 -0.0129672
1612 2 -0.0600736
1613 2 -0.080135
1623 2 -0.0709874
1624 2 -0.0855927
1625 2 -0.171656
1626 2 0.0415215
1627 2 0.0105869
1628 2 -0.0404998
3 3 0.336343
4 3 -0.0816036
5 3 0.0273912
57 3 -0.0504358
58 3 0.244858
59 3 -0.0821359
1611 3 0.0109771
1612 3 -0.0012296
1613 3 -0.00997097
1614 3 0.0148998
1615 3 0.0452242
1616 3 0.0747502
1626 3 -0.0819361
1627 3 -0.10008
1628 3 -0.157537
1629 3 -0.212125
1630 3 -0.10655
1631 3 0.146734
3 4 -0.0816036
4 4 0.350529
5 4 -0.0298754
57 4 0.244529
58 4 -0.0931095
59 4 0.0904459
1611 4 -0.157117
1612 4 -0.128974
1613 4 0.135887
1614 4 -0.0655913
1615 4 -0.163964
1616 4 -0.194704
1626 4 0.0107937
1627 4 0.0266542
1628 4 0.0477102
1629 4 0.0489774
1630 4 0.0266412
1631 4 -0.0487352
3 5 0.0273912
4 5 -0.0298754
5 5 0.271553
57 5 -0.0827547
58 5 0.0894486
59 5 0.143544
1611 5 0.0969203
1612 5 0.0770453
1613 5 -0.106802
1614 5 -0.011877
1615 5 -0.0593167
1616 5 -0.0783093
1626 5 -0.0700726
1627 5 -0.0874819
1628 5 -0.17184
1629 5 0.0408538
1630 5 0.0104614
1631 5 -0.040002
6 6 0.3379
7 6 -0.0816862
8 6 0.0277862
60 6 -0.0552006
61 6 0.244959
62 6 -0.0836992
1614 6 0.0124978
1615 6 8.36245e-05
1616 6 -0.0112986
1617 6 0.015225
1618 6 0.0469219
1619 6 0.0764615
1629 6 -0.0810193
1630 6 -0.101908
1631 6 -0.157628
1632 6 -0.211524
1633 6 -0.108159
1634 6 0.147641
6 7 -0.0816862
7 7 0.348891
8 7 -0.0297183
60 7 0.244828
61 7 -0.0879819
62 7 0.090048
1614 7 -0.15558
1615 7 -0.129682
1616 7 0.136217
1617 7 -0.06445
1618 7 -0.164323
1619 7 -0.193911
1629 7 0.00962516
1630 7 0.0258701
1631 7 0.045795
1632 7 0.046808
1633 7 0.025931
1634 7 -0.047546
6 8 0.0277862
7 8 -0.0297183
8 8 0.271634
60 8 -0.0839261
61 8 0.0891716
62 8 0.143182
1614 8 0.0964592
1615 8 0.0776978
1616 8 -0.107425
1617 8 -0.011399
1618 8 -0.0592108
1619 8 -0.0779109
1629 8 -0.0691069
1630 8 -0.0889679
1631 8 -0.171455
1632 8 0.0407518
1633 8 0.0107068
1634 8 -0.0400606
9 9 0.334101
10 9 -0.0819053
11 9 0.0253304
72 9 -0.043574
73 9 0.245827
74 9 -0.0758066
1620 9 0.0090136
1621 9 -0.00276025
1622 9 -0.00866328
1623 9 0.0148718
1624 9 0.0408792
1625 9 0.0715885
1638 9 -0.0849885
1639 9 -0.097156
1640 9 -0.158434
1641 9 -0.211719
1642 9 -0.104453
1643 9 0.145772
9 10 -0.0819053
10 10 0.353959
11 10 -0.0285865
72 10 0.245472
73 10 -0.103688
74 10 0.0861706
1620 10 -0.159136
1621 10 -0.129788
1622 10 0.137089
1623 10 -0.0695148
1624 10 -0.159805
1625 10 -0.19675
1638 10 0.0139368
1639 10 0.0286303
1640 10 0.0528448
1641 10 0.051889
1642 10 0.0279928
1643 10 -0.0505105
9 11 0.0253304
10 11 -0.0285865
11 11 0.270366
72 11 -0.0762594
73 11 0.0856358
74 11 0.147262
1620 11 0.094731
1621 11 0.0754746
1622 11 -0.104624
1623 11 -0.0143957
1624 11 -0.0604696
1625 11 -0.0823487
1638 11 -0.0719811
1639 11 -0.0833137
1640 11 -0.170441
1641 11 0.0429585
1642 11 0.0114351
1643 11 -0.0418863
12 12 0.335199
13 12 -0.0818507
14 12 0.0260935
75 12 -0.0469312
76 12 0.245584
77 12 -0.0783244
1623 12 0.0099889
1624 12 -0.00197868
1625 12 -0.00934222
1626 12 0.0149403
1627 12 0.0428478
1628 12 0.0731307
1641 12 -0.0838127
1642 12 -0.098367
1643 12 -0.158096
1644 12 -0.211762
1645 12 -0.105649
1646 12 0.146298
12 13 -0.0818507
13 13 0.35246
14 13 -0.0289895
75 13 0.245312
76 13 -0.0990202
77 13 0.0875692
1623 13 -0.158324
1624 13 -0.129869
1625 13 0.136609
1626 13 -0.0677314
1627 13 -0.161451
1628 13 -0.195741
1641 13 0.0126671
1642 13 0.0278384
1643 13 0.0508235
1644 13 0.0503424
1645 13 0.0273952
1646 13 -0.049579
12 14 0.0260935
13 14 -0.0289895
14 14 0.270767
75 14 -0.0786428
76 14 0.0869348
77 14 0.145951
1623 14 0.0953264
1624 14 0.07613
1625 14 -0.105237
1626 14 -0.0133927
1627 14 -0.0602621
1628 14 -0.0809711
1641 14 -0.0713023
1642 14 -0.0849533
1643 14 -0.170964
1644 14 0.0420968
1645 14 0.0111293
1646 14 -0.0411833
15 15 0.336525
16 15 -0.0818039
17 15 0.0268682
78 15 -0.0510324
79 15 0.245418
80 15 -0.0806587
1626 15 0.0112307
1627 15 -0.000956828
1628 15 -0.0103164
1629 15 0.015077
1630 15 0.0448428
1631 15 0.0747345
1644 15 -0.0826942
1645 15 -0.099832
1646 15 -0.157981
1647 15 -0.211516
1648 15 -0.10706
1649 15 0.147009
15 16 -0.0818039
16 16 0.35075
17 16 -0.0293058
78 16 0.245208
79 16 -0.0937502
80 16 0.0885633
1626 16 -0.15705
1627 16 -0.129906
1628 16 0.136381
1629 16 -0.0660209
1630 16 -0.162965
1631 16 -0.194767
1644 16 0.0112658
1645 16 0.0268639
1646 16 0.0484827
1647 16 0.0485614
1648 16 0.0267398
1649 16 -0.0485888
15 17 0.0268682
16 17 -0.0293058
17 17 0.27115
78 17 -0.0810443
79 17 0.0878305
80 17 0.144782
1626 17 0.0958076
1627 17 0.0769116
1628 17 -0.106184
1629 17 -0.0124094
1630 17 -0.0598723
1631 17 -0.0795637
1644 17 -0.0704594
1645 17 -0.0865813
1646 17 -0.171231
1647 17 0.0414626
1648 17 0.0109962
1649 17 -0.0406974
18 18 0.337929
19 18 -0.0817977
20 18 0.0274672
81 18 -0.0553607
82 18 0.245393
83 18 -0.0824014
1629 18 0.0125651
1630 18 0.000204427
1631 18 -0.0114526
1632 18 0.0153604
1633 18 0.0465936
1634 18 0.0763351
1647 18 -0.081693
1648 18 -0.101458
1649 18 -0.157969
1650 18 -0.211132
1651 18 -0.108412
1652 18 0.147796
18 19 -0.0817977
19 19 0.349097
20 19 -0.0294062
81 19 0.245272
82 19 -0.0887376
83 19 0.0886842
1629 19 -0.155451
1630 19 -0.130401
1631 19 0.136406
1632 19 -0.0648136
1633 19 -0.163791
1634 19 -0.193957
1647 19 0.00999123
1648 19 0.0259566
1649 19 0.0463357
1650 19 0.0466772
1651 19 0.0260529
1652 19 -0.0475469
18 20 0.0274672
19 20 -0.0294062
20 20 0.271399
81 20 -0.0827604
82 20 0.0880943
83 20 0.144098
1629 20 0.0957667
1630 20 0.0777878
1631 20 -0.107031
1632 20 -0.0117488
1633 20 -0.0595076
1634 20 -0.0786262
1647 20 -0.069566
1648 20 -0.0881098
1649 20 -0.171166
1650 20 0.0411051
1651 20 0.0110356
1652 20 -0.0404927
21 21 0.339307
22 21 -0.0818586
23 21 0.0277771
84 21 -0.0595143
85 21 0.245614
86 21 -0.0832059
1632 21 0.0139298
1633 21 0.00144842
1634 21 -0.0127331
1635 21 0.0157101
1636 21 0.0479536
1637 21 0.0775991
1650 21 -0.0811872
1651 21 -0.102869
1652 21 -0.158336
1653 21 -0.210529
1654 21 -0.109739
1655 21 0.148495
21 22 -0.0818586
22 22 0.347674
23 22 -0.029233
84 22 0.245477
85 22 -0.0845119
86 22 0.0880567
1632 22 -0.153899
1633 22 -0.131126
1634 22 0.136512
1635 22 -0.0640711
1636 22 -0.16425
1637 22 -0.193203
1650 22 0.00900469
1651 22 0.0251349
1652 22 0.0445943
1653 22 0.044919
1654 22 0.0254608
1655 22 -0.0465896
21 23 0.0277771
22 23 -0.029233
23 23 0.271444
84 23 -0.0836477
85 23 0.0875062
86 23 0.144025
1632 23 0.0953881
1633 23 0.0786401
1634 23 -0.107643
1635 23 -0.0114004
1636 23 -0.0593477
1637 23 -0.0781813
1650 23 -0.0688279
1651 23 -0.0889741
1652 23 -0.170716
1653 23 0.0412654
1654 23 0.0113835
1655 23 -0.0407181
24 24 0.33552
25 24 -0.0819959
26 24 0.0257972
96 24 -0.0479341
97 24 0.246099
98 24 -0.0771633
1641 24 0.0104184
1642 24 -0.00157432
1643 24 -0.00986798
1644 24 0.0152228
1645 24 0.0425439
1646 24 0.0731015
1656 24 -0.0842168
1657 24 -0.0986411
1658 24 -0.158678
1659 24 -0.211115
1660 24 -0.105994
1661 24 0.146722
24 25 -0.0819959
25 25 0.352386
26 25 -0.0285864
96 25 0.245807
97 25 -0.0989053
98 25 0.0860783
1641 25 -0.157783
1642 25 -0.130372
1643 25 0.13708
1644 25 -0.0683949
1645 25 -0.160731
1646 25 -0.195843
1656 25 0.0127344
1657 25 0.0278098
1658 25 0.0508999
1659 25 0.0499269
1660 25 0.0274054
1661 25 -0.0495218
24 26 0.0257972
25 26 -0.0285864
26 26 0.270519
96 26 -0.0776363
97 26 0.0855904
98 26 0.146839
1641 26 0.0946268
1642 26 0.0762744
1643 26 -0.105257
1644 26 -0.013818
1645 26 -0.0603378
1646 26 -0.081604
1656 26 -0.0712008
1657 26 -0.0844926
1658 26 -0.170314
1659 26 0.0427386
1660 26 0.0116247
1661 26 -0.0418737
27 27 0.336714
28 27 -0.0819737
29 27 0.0264308
99 27 -0.0516683
100 27 0.245967
101 27 -0.079183
1644 27 0.0115559
1645 27 -0.000617577
1646 27 -0.0107826
1647 27 0.0152778
1648 27 0.0442835
1649 27 0.0744681
1659 27 -0.083511
1660 27 -0.0998913
1661 27 -0.1586
1662 27 -0.210818
1663 27 -0.107313
1664 27 0.147339
27 28 -0.0819737
28 28 0.350895
29 28 -0.0288156
99 28 0.245762
100 28 -0.0941963
101 28 0.0869663
1644 28 -0.156587
1645 28 -0.130616
1646 28 0.13679
1647 28 -0.0667007
1648 28 -0.162143
1649 28 -0.194989
1659 28 0.0115794
1660 28 0.0269533
1661 28 0.0488557
1662 28 0.048355
1663 28 0.0268432
1664 28 -0.0486536
27 29 0.0264308
28 29 -0.0288156
29 29 0.270816
99 29 -0.0797065
100 29 0.0862582
101 29 0.145864
1644 29 0.094975
1645 29 0.0770871
1646 29 -0.106011
1647 29 -0.0128869
1648 29 -0.0600752
1649 29 -0.0804229
1659 29 -0.0706601
1660 29 -0.0857852
1661 29 -0.170403
1662 29 0.0422959
1663 29 0.0115839
1664 29 -0.0415312
30 30 0.337967
31 30 -0.0819547
32 30 0.02701
102 30 -0.0555334
103 30 0.24585
104 30 -0.0810346
1647 30 0.0127013
1648 30 0.000387819
1649 30 -0.0117269
1650 30 0.015517
1651 30 0.0460083
1652 30 0.0760201
1662 30 -0.0824802
1663 30 -0.101364
1664 30 -0.158414
1665 30 -0.210648
1666 30 -0.108559
1667 30 0.147916
30 31 -0.0819547
31 31 0.34939
32 31 -0.0289578
102 31 0.24578
103 31 -0.0895722
104 31 0.0872878
1647 31 -0.155233
1648 31 -0.131101
1649 31 0.136773
1650 31 -0.0654725
1651 31 -0.163
1652 31 -0.19415
1662 31 0.0104129
1663 31 0.0261705
1664 31 0.0469427
1665 31 0.0466382
1666 31 0.0261973
1667 31 -0.0476225
30 32 0.02701
31 32 -0.0289578
32 32 0.271069
102 32 -0.0813683
103 32 0.0867483
104 32 0.145105
1647 32 0.0949371
1648 32 0.0778284
1649 32 -0.106686
1650 32 -0.0122413
1651 32 -0.0598291
1652 32 -0.0795423
1662 32 -0.0698876
1663 32 -0.0873297
1664 32 -0.170478
1665 32 0.0418099
1666 32 0.0115255
1667 32 -0.0411795
33 33 0.761889
34 33 -0.0303974
35 33 -0.158524
36 33 0.0660554
37 33 0.0107929
38 33 0.168302
51 33 -0.0458546
52 33 -0.209474
53 33 -0.0771717
129 33 -0.0202315
130 33 0.200816
131 33 -0.0904363
1608 33 0.00879188
1609 33 -0.159307
1610 33 0.0966753
1668 33 0.0223389
1669 33 0.15274
1670 33 0.0726729
1683 33 -0.112435
1684 33 -0.00569344
1685 33 -0.247758
1686 33 -0.663553
1687 33 0.0443789
1688 33 0.238204
33 34 -0.0303974
34 34 0.29828
35 34 0.0103496
36 34 -0.000978749
37 34 0.0858105
38 34 -0.0206831
51 34 -0.0440585
52 34 -0.0345335
53 34 -0.0543994
129 34 0.0438955
130 34 -0.0517485
131 34 0.0745254
1608 34 -0.00301118
1609 34 -0.129204
1610 34 0.0761566
1668 34 -0.0130957
1669 34 -0.165586
1670 34 -0.0782132
1683 34 0.00172374
1684 34 -0.0171402
1685 34 0.0076377
1686 34 0.04554
1687 34 0.0318761
1688 34 -0.0155195
33 35 -0.158524
34 35 0.0103496
35 35 0.350268
36 35 -0.0276704
37 35 -0.0117742
38 35 -0.152241
51 35 0.0161675
52 35 -0.00428165
53 35 0.0798068
129 35 0.0121911
130 35 0.014433
131 35 0.0724468
1608 35 -0.00805332
1609 35 0.135406
1610 35 -0.105065
1668 35 -0.0193726
1669 35 -0.129033
1670 35 -0.083071
1683 35 -0.0527463
1684 35 -0.000563615
1685 35 -0.0977108
1686 35 0.237782
1687 35 -0.0151258
1688 35 -0.0463392
33 36 0.0660554
34 36 -0.000978749
35 36 -0.0276704
36 36 0.904475
37 36 -0.0071629
38 36 0.000398647
39 36 0.0658477
40 36 0.0118999
41 36 0.168629
54 36 -0.0871217
55 36 -0.253672
56 36 -0.059901
132 36 -0.0522485
133 36 0.228253
134 36 -0.0810544
1608 36 0.0105525
1609 36 -0.0594242
1610 36 -0.0167489
1611 36 0.00294175
1612 36 -0.156477
1613 36 0.10257
1668 36 0.0161895
1669 36 0.0522079
1670 36 -0.013923
1671 36 0.020632
1672 36 0.154652
1673 36 0.0724385
1686 36 -0.266061
1687 36 -0.00530436
1688 36 -0.37984
1689 36 -0.665219
1690 36 0.0388778
1691 36 0.236318
33 37 0.0107929
34 37 0.0858105
35 37 -0.0117742
36 37 -0.0071629
37 37 0.731754
38 37 0.00962922
39 37 -0.00149679
40 37 0.0856918
41 37 -0.0207865
54 37 -0.254107
55 37 -0.0731508
56 37 -0.0573717
132 37 0.0946239
133 37 -0.0942975
134 37 0.0458859
1608 37 0.144222
1609 37 -0.266861
1610 37 -0.138572
1611 37 0.0384232
1612 37 -0.217743
1613 37 0.210053
1668 37 -0.0480498
1669 37 -0.133612
1670 37 0.0656629
1671 37 -0.0110898
1672 37 -0.165761
1673 37 -0.0771532
1686 37 -0.00858944
1687 37 0.0346197
1688 37 -0.0108737
1689 37 0.0419933
1690 37 0.0324382
1691 37 -0.0142477
33 38 0.168302
34 38 -0.0206831
35 38 -0.152241
36 38 0.000398647
37 38 0.00962922
38 38 0.904236
39 38 -0.0273257
40 38 -0.0133256
41 38 -0.15187
54 38 -0.0591583
55 38 -0.0584567
56 38 0.16027
132 38 -0.0737445
133 38 0.084525
134 38 0.146706
1608 38 0.0669212
1609 38 -0.200646
1610 38 -0.0838742
1611 38 -0.0105478
1612 38 0.153696
1613 38 -0.123102
1668 38 0.0963206
1669 38 0.195484
1670 38 -0.10769
1671 38 -0.0176877
1672 38 -0.128759
1673 38 -0.0819066
1686 38 -0.381207
1687 38 -0.00669243
1688 38 -0.446555
1689 38 0.236959
1690 38 -0.0130901
1691 38 -0.045228
36 39 0.0658477
37 39 -0.00149679
38 39 -0.0273257
39 39 0.904599
40 39 -0.00547388
41 39 0.000337091
42 39 0.0660715
43 39 0.0122753
44 39 0.1688
57 39 -0.0820656
58 39 -0.254061
59 39 -0.0579852
135 39 -0.0559858
136 39 0.227907
137 39 -0.0830151
1611 39 0.00947472
1612 39 -0.056664
1613 39 -0.0149445
1614 39 0.00406252
1615 39 -0.153941
1616 39 0.101365
1671 39 0.0160992
1672 39 0.0534205
1673 39 -0.0147352
1674 39 0.0192474
1675 39 0.156965
1676 39 0.072423
1689 39 -0.264523
1690 39 -0.010549
1691 39 -0.379997
1692 39 -0.666097
1693 39 0.0325364
1694 39 0.236569
36 40 0.0118999
37 40 0.0856918
38 40 -0.0133256
39 40 -0.00547388
40 40 0.731751
41 40 0.0106549
42 40 -0.00187155
43 40 0.0856414
44 40 -0.0203219
57 40 -0.254485
58 40 -0.0787916
59 40 -0.0568217
135 40 0.0947911
136 40 -0.0900517
137 40 0.0466055
1611 40 0.146666
1612 40 -0.26853
1613 40 -0.137348
1614 40 0.0404862
1615 40 -0.216937
1616 40 0.211377
1671 40 -0.0462455
1672 40 -0.131997
1673 40 0.0655049
1674 40 -0.00940155
1675 40 -0.165506
1676 40 -0.0760414
1689 40 -0.0137699
1690 40 0.0342857
1691 40 -0.0174989
1692 40 0.0365067
1693 40 0.033076
1694 40 -0.0123902
36 41 0.168629
37 41 -0.0207865
38 41 -0.15187
39 41 0.000337091
40 41 0.0106549
41 41 0.904116
42 41 -0.0273964
43 41 -0.014602
44 41 -0.15151
57 41 -0.0573474
58 41 -0.0577707
59 41 0.160856
135 41 -0.0756494
136 41 0.0851338
137 41 0.145776
1611 41 0.0674923
1612 41 -0.199178
1613 41 -0.0817147
1614 41 -0.0122653
1615 41 0.154144
1616 41 -0.125024
1671 41 0.0950708
1672 41 0.196617
1673 41 -0.10892
1674 41 -0.0163778
1675 41 -0.128241
1676 41 -0.0807005
1689 41 -0.380051
1690 41 -0.0133794
1691 41 -0.447761
1692 41 0.23628
1693 41 -0.0109011
1694 41 -0.0449833
39 42 0.0660715
40 42 -0.00187155
41 42 -0.0273964
42 42 0.904689
43 42 -0.00379374
44 42 0.000246637
45 42 0.0659636
46 42 0.0121457
47 42 0.168698
60 42 -0.0773159
61 42 -0.254347
62 42 -0.056218
138 42 -0.0599769
139 42 0.227733
140 42 -0.0843536
1614 42 0.00871173
1615 42 -0.0544194
1616 42 -0.0135031
1617 42 0.00473098
1618 42 -0.15143
1619 42 0.0992926
1674 42 0.0161716
1675 42 0.0551082
1676 42 -0.0158528
1677 42 0.0180813
1678 42 0.158728
1679 42 0.0724338
1692 42 -0.265059
1693 42 -0.0158716
1694 42 -0.380419
1695 42 -0.665751
1696 42 0.0269628
1697 42 0.237945
39 43 0.0122753
40 43 0.0856414
41 43 -0.014602
42 43 -0.00379374
43 43 0.731736
44 43 0.0112493
45 43 -0.00183208
46 43 0.085658
47 43 -0.0193841
60 43 -0.254701
61 43 -0.0840769
62 43 -0.0563371
138 43 0.0951599
139 43 -0.0861859
140 43 0.0465152
1614 43 0.149586
1615 43 -0.268972
1616 43 -0.136442
1617 43 0.0420651
1618 43 -0.21734
1619 43 0.21216
1674 43 -0.0444805
1675 43 -0.130901
1676 43 0.0656978
1677 43 -0.007998
1678 43 -0.164752
1679 43 -0.0750505
1692 43 -0.0179796
1693 43 0.0338188
1694 43 -0.0228402
1695 43 0.0305841
1696 43 0.0335935
1697 43 -0.0104662
39 44 0.1688
40 44 -0.0203219
41 44 -0.15151
42 44 0.000246637
43 44 0.0112493
44 44 0.904041
45 44 -0.0274151
46 44 -0.0153728
47 44 -0.151714
60 44 -0.0556583
61 44 -0.0570348
62 44 0.161392
138 44 -0.076418
139 44 0.0849813
140 44 0.145507
1614 44 0.0688964
1615 44 -0.197906
1616 44 -0.0802543
1617 44 -0.0135252
1618 44 0.15491
1619 44 -0.126102
1674 44 0.0932584
1675 44 0.197296
1676 44 -0.110185
1677 44 -0.0154479
1678 44 -0.128371
1679 44 -0.0801075
1692 44 -0.379527
1693 44 -0.0200629
1694 44 -0.446768
1695 44 0.237345
1696 44 -0.00905782
1697 44 -0.0458485
42 45 0.0659636
43 45 -0.00183208
44 45 -0.0274151
45 45 0.496298
46 45 0.0137481
47 45 0.253223
63 45 -0.0365577
64 45 -0.176655
65 45 0.0259256
141 45 -0.0307654
142 45 0.177742
143 45 0.00146419
1617 45 0.0149498
1618 45 -0.0631208
1619 45 -0.010623
1677 45 0.0158809
1678 45 0.0559587
1679 45 -0.016462
1695 45 -0.265603
1696 45 -0.0199478
1697 45 -0.379612
1698 45 -0.243174
1699 45 0.0115875
1700 45 0.155216
42 46 0.0121457
43 46 0.085658
44 46 -0.0153728
45 46 0.0137481
46 46 0.29724
47 46 0.0174064
63 46 -0.077754
64 46 -0.043994
65 46 0.0379997
141 46 0.0667163
142 46 -0.0412352
143 46 -0.0223722
1617 46 0.0475727
1618 46 -0.164952
1619 46 -0.0585721
1677 46 -0.0428496
1678 46 -0.130362
1679 46 0.0659352
1695 46 -0.0206461
1696 46 0.0333989
1697 46 -0.0260312
1698 46 0.000964174
1699 46 -0.0173178
1700 46 0.00106089
42 47 0.168698
43 47 -0.0193841
44 47 -0.151714
45 47 0.253223
46 47 0.0174064
47 47 0.616899
63 47 -0.0807169
64 47 -0.0946916
65 47 0.0809756
141 47 -0.0885274
142 47 0.1122
143 47 0.0711369
1617 47 0.0770915
1618 47 -0.194062
1619 47 -0.0769189
1677 47 0.0912638
1678 47 0.19802
1679 47 -0.111219
1695 47 -0.380267
1696 47 -0.025315
1697 47 -0.445813
1698 47 -0.0423861
1699 47 0.00380908
1700 47 0.0356385
48 48 0.804977
49 48 -0.0452427
50 48 -0.125515
51 48 0.0668475
52 48 0.00962789
53 48 0.166097
69 48 -0.0478278
70 48 -0.209046
71 48 -0.0778513
150 48 -0.0388244
151 48 0.245853
152 48 -0.0733339
1620 48 0.00829653
1621 48 -0.159881
1622 48 0.0948326
1680 48 0.00751337
1681 48 -0.00396298
1682 48 -0.00744301
1683 48 0.0121165
1684 48 0.138839
1685 48 0.0652187
1704 48 -0.138368
1705 48 -0.0218494
1706 48 -0.284993
1707 48 -0.657929
1708 48 0.0478126
1709 48 0.243801
48 49 -0.0452427
49 49 0.546462
50 49 -0.0655976
51 49 -0.000769187
52 49 0.0859723
53 49 -0.0202788
69 49 -0.0443632
70 49 -0.0319367
71 49 -0.0542316
150 49 0.245082
151 49 -0.109466
152 49 0.0850314
1620 49 -0.00334492
1621 49 -0.129471
1622 49 0.0750956
1680 49 -0.160474
1681 49 -0.129322
1682 49 0.137287
1683 49 -0.0645826
1684 49 -0.263878
1685 49 -0.203061
1704 49 0.0250263
1705 49 0.0169772
1706 49 0.0628468
1707 49 0.0497857
1708 49 0.0313339
1709 49 -0.0175308
48 50 -0.125515
49 50 -0.0655976
50 50 0.511009
51 50 -0.0294407
52 50 -0.00973236
53 50 -0.15416
69 50 0.0169096
70 50 -0.00289316
71 50 0.0800458
150 50 -0.0741207
151 50 0.0851611
152 50 0.148292
1620 50 -0.00804171
1621 50 0.136995
1622 50 -0.104276
1680 50 0.0945052
1681 50 0.0746188
1682 50 -0.103886
1683 50 -0.0201428
1684 50 -0.14151
1685 50 -0.0881401
1704 50 -0.0981337
1705 50 -0.0601395
1706 50 -0.218991
1707 50 0.244883
1708 50 -0.0168942
1709 50 -0.0514182
33 51 -0.0458546
34 51 -0.0440585
35 51 0.0161675
48 51 0.0668475
49 51 -0.000769187
50 51 -0.0294407
51 51 1.03713
52 51 0.0435115
53 51 0.122951
54 51 0.133657
55 51 0.010452
56 51 0.138446
72 51 -0.0919458
73 51 -0.253477
74 51 -0.0607223
153 51 -0.041671
154 51 0.245463
155 51 -0.076309
1608 51 -0.134902
1609 51 0.0215339
1610 51 -0.0968695
1620 51 0.0115528
1621 51 -0.0628103
1622 51 -0.0190411
1623 51 -0.0040179
1624 51 -0.118228
1625 51 0.100688
1683 51 -0.00446333
1684 51 0.0376552
1685 51 -0.00255777
1686 51 0.0231893
1687 51 0.0793739
1688 51 0.0479108
1707 51 -0.271885
1708 51 0.000210731
1709 51 -0.380246
1710 51 -0.661429
1711 51 0.043188
1712 51 0.240628
33 52 -0.209474
34 52 -0.0345335
35 52 -0.00428165
48 52 0.00962789
49 52 0.0859723
50 52 -0.00973236
51 52 0.0435115
52 52 1.29922
53 52 0.0669982
54 52 0.00736867
55 52 0.171868
56 52 -0.0309167
72 52 -0.253853
73 52 -0.0682414
74 52 -0.056768
153 52 0.244606
154 52 -0.104739
155 52 0.0875897
1608 52 -0.0259608
1609 52 0.0168732
1610 52 -0.0638892
1620 52 0.140518
1621 52 -0.264666
1622 52 -0.141149
1623 52 0.039288
1624 52 -0.310715
1625 52 0.226165
1683 52 -0.119962
1684 52 -0.311734
1685 52 0.28534
1686 52 0.0823718
1687 52 -0.529792
1688 52 -0.340293
1707 52 -0.00317023
1708 52 0.0347732
1709 52 -0.00392863
1710 52 0.0458736
1711 52 0.0319247
1712 52 -0.0158699
33 53 -0.0771717
34 53 -0.0543994
35 53 0.0798068
48 53 0.166097
49 53 -0.0202788
50 53 -0.15416
51 53 0.122951
52 53 0.0669982
53 53 1.33415
54 53 0.139151
55 53 -0.0306354
56 53 -0.305537
72 53 -0.0598125
73 53 -0.0582663
74 53 0.160183
153 53 -0.077494
154 53 0.0872766
155 53 0.14641
1608 53 -0.28482
1609 53 0.0569493
1610 53 -0.222396
1620 53 0.0657796
1621 53 -0.202104
1622 53 -0.0870744
1623 53 -0.00409663
1624 53 0.285976
1625 53 -0.136601
1683 53 0.101565
1684 53 0.225381
1685 53 -0.135226
1686 53 0.0498392
1687 53 -0.342052
1688 53 -0.171403
1707 53 -0.383594
1708 53 0.000263009
1709 53 -0.440877
1710 53 0.240942
1711 53 -0.014932
1712 53 -0.0485072
0 54 -0.0460985
1 54 0.244748
2 54 -0.0798503
36 54 -0.0871217
37 54 -0.254107
38 54 -0.0591583
51 54 0.133657
52 54 0.00736867
53 54 0.139151
54 54 1.82618
55 54 1.42247e-16
56 54 -1.80411e-15
57 54 0.132989
58 54 0.0113553
59 54 0.139522
75 54 -0.0875824
76 54 -0.25382
77 54 -0.0597059
156 54 -0.0457133
157 54 0.245111
158 54 -0.0789522
1608 54 -0.662897
1609 54 0.0440945
1610 54 0.239149
1611 54 -0.267631
1612 54 -0.0112664
1613 54 -0.381282
1623 54 0.0226839
1624 54 0.0843204
1625 54 0.0508007
1626 54 0.00564194
1627 54 -0.118519
1628 54 0.0914539
1686 54 0.00428702
1687 54 -0.119125
1688 54 0.0907372
1689 54 0.0214402
1690 54 0.0848156
1691 54 0.0505155
1710 54 -0.268948
1711 54 -0.00428004
1712 54 -0.380497
1713 54 -0.663429
1714 54 0.0377653
1715 54 0.238757
0 55 0.245074
1 55 -0.0988558
2 55 0.0883511
36 55 -0.253672
37 55 -0.0731508
38 55 -0.0584567
51 55 0.010452
52 55 0.171868
53 55 -0.0306354
54 55 2.15106e-16
55 55 1.82618
56 55 -9.71445e-16
57 55 0.00758783
58 55 0.171645
59 55 -0.0326665
75 55 -0.254119
76 55 -0.072872
77 55 -0.0568451
156 55 0.244502
157 55 -0.0991088
158 55 0.0896427
1608 55 0.0421496
1609 55 0.0321063
1610 55 -0.0144143
1611 55 -0.00794996
1612 55 0.0344744
1613 55 -0.0100906
1623 55 0.0811149
1624 55 -0.53112
1625 55 -0.341302
1626 55 -0.116289
1627 55 -0.43839
1628 55 0.364847
1686 55 -0.121395
1687 55 -0.439625
1688 55 0.361684
1689 55 0.089119
1690 55 -0.532248
1691 55 -0.337528
1710 55 -0.00772555
1711 55 0.0346618
1712 55 -0.0096117
1713 55 0.0418622
1714 55 0.0325065
1715 55 -0.0143547
0 56 -0.0795953
1 56 0.0891899
2 56 0.144954
36 56 -0.059901
37 56 -0.0573717
38 56 0.16027
51 56 0.138446
52 56 -0.0309167
53 56 -0.305537
54 56 -1.83187e-15
55 56 -9.15934e-16
56 56 1.82618
57 56 0.140099
58 56 -0.0321671
59 56 -0.304653
75 56 -0.0586613
76 56 -0.0581437
77 56 0.16045
156 56 -0.0807258
157 56 0.0883961
158 56 0.144815
1608 56 0.239198
1609 56 -0.0151519
1610 56 -0.0472231
1611 56 -0.380388
1612 56 -0.0141045
1613 56 -0.444841
1623 56 0.0486186
1624 56 -0.338797
1625 56 -0.169566
1626 56 0.0891901
1627 56 0.363163
1628 56 -0.24526
1686 56 0.093205
1687 56 0.363896
1688 56 -0.242668
1689 56 0.0532972
1690 56 -0.339274
1691 56 -0.167189
1710 56 -0.381929
1711 56 -0.00544841
1712 56 -0.443709
1713 56 0.239358
1714 56 -0.0129071
1715 56 -0.0470808
3 57 -0.0504358
4 57 0.244529
5 57 -0.0827547
39 57 -0.0820656
40 57 -0.254485
41 57 -0.0573474
54 57 0.132989
55 57 0.00758783
56 57 0.140099
57 57 1.82618
58 57 4.51028e-16
59 57 1.45717e-16
60 57 0.13275
61 57 0.0115059
62 57 0.140059
78 57 -0.0826279
79 57 -0.254108
80 57 -0.0582031
159 57 -0.0508577
160 57 0.244844
161 57 -0.0815583
1611 57 -0.664121
1612 57 0.0408922
1613 57 0.238306
1614 57 -0.266933
1615 57 -0.0160213
1616 57 -0.38056
1626 57 0.0210084
1627 57 0.0903296
1628 57 0.0537991
1629 57 0.00766007
1630 57 -0.114244
1631 57 0.0888098
1689 57 0.00626273
1690 57 -0.114764
1691 57 0.0882471
1692 57 0.0195444
1693 57 0.0908554
1694 57 0.0534644
1713 57 -0.267248
1714 57 -0.00944808
1715 57 -0.380559
1716 57 -0.664491
1717 57 0.0317531
1718 57 0.238667
3 58 0.244858
4 58 -0.0931095
5 58 0.0894486
39 58 -0.254061
40 58 -0.0787916
41 58 -0.0577707
54 58 0.0113553
55 58 0.171645
56 58 -0.0321671
57 58 5.13478e-16
58 58 1.82618
59 58 9.02056e-16
60 58 0.0080617
61 58 0.171512
62 58 -0.033826
78 58 -0.254504
79 58 -0.0783057
80 58 -0.0564701
159 58 0.244572
160 58 -0.0926468
161 58 0.0907025
1611 58 0.0370648
1612 58 0.032602
1613 58 -0.0125731
1614 58 -0.0132367
1615 58 0.0340678
1616 58 -0.0167116
1626 58 0.0866217
1627 58 -0.533774
1628 58 -0.338459
1629 58 -0.111833
1630 58 -0.436499
1631 58 0.366233
1689 58 -0.117321
1690 58 -0.437533
1691 58 0.36327
1692 58 0.0953771
1693 58 -0.534328
1694 58 -0.335215
1713 58 -0.0130015
1714 58 0.0343637
1715 58 -0.0162848
1716 58 0.036636
1717 58 0.0331073
1718 58 -0.0125093
3 59 -0.0821359
4 59 0.0904459
5 59 0.143544
39 59 -0.0579852
40 59 -0.0568217
41 59 0.160856
54 59 0.139522
55 59 -0.0326665
56 59 -0.304653
57 59 2.35922e-16
58 59 9.71445e-16
59 59 1.82618
60 59 0.140275
61 59 -0.0329209
62 59 -0.30428
78 59 -0.0569226
79 59 -0.0576815
80 59 0.160929
159 59 -0.0836063
160 59 0.0891654
161 59 0.143496
1611 59 0.238306
1612 59 -0.0140084
1613 59 -0.0464867
1614 59 -0.380465
1615 59 -0.0201886
1616 59 -0.445138
1626 59 0.0511624
1627 59 -0.335966
1628 59 -0.165233
1629 59 0.0866764
1630 59 0.365376
1631 59 -0.249171
1689 59 0.0909382
1690 59 0.365994
1691 59 -0.246732
1692 59 0.0563835
1693 59 -0.336117
1694 59 -0.163212
1713 59 -0.380842
1714 59 -0.0120116
1715 59 -0.445112
1716 59 0.238447
1717 59 -0.0108229
1718 59 -0.0466149
6 60 -0.0552006
7 60 0.244828
8 60 -0.0839261
42 60 -0.0773159
43 60 -0.254701
44 60 -0.0556583
57 60 0.13275
58 60 0.0080617
59 60 0.140275
60 60 1.82618
61 60 1.59595e-16
62 60 1.38778e-16
63 60 0.132947
64 60 0.0112125
65 60 0.139871
81 60 -0.0779555
82 60 -0.254311
83 60 -0.0565425
162 60 -0.0563588
163 60 0.244767
164 60 -0.0833325
1614 60 -0.664629
1615 60 0.035304
1616 60 0.238177
1617 60 -0.267163
1618 60 -0.0186474
1619 60 -0.380585
1629 60 0.0192823
1630 60 0.0956706
1631 60 0.0564762
1632 60 0.00978763
1633 60 -0.109456
1634 60 0.0853229
1692 60 0.00871012
1693 60 -0.109696
1694 60 0.0851317
1695 60 0.0179083
1696 60 0.0961205
1697 60 0.0561638
1716 60 -0.26723
1717 60 -0.0144514
1718 60 -0.380721
1719 60 -0.664385
1720 60 0.0259413
1721 60 0.240057
6 61 0.244959
7 61 -0.0879819
8 61 0.0891716
42 61 -0.254347
43 61 -0.0840769
44 61 -0.0570348
57 61 0.0115059
58 61 0.171512
59 61 -0.0329209
60 61 1.70003e-16
61 61 1.82618
62 61 6.93889e-17
63 61 0.00830344
64 61 0.171516
65 61 -0.0338521
81 61 -0.254763
82 61 -0.0834506
83 61 -0.0560887
162 61 0.245044
163 61 -0.0866928
164 61 0.0901961
1614 61 0.0311544
1615 61 0.0331981
1616 61 -0.0105938
1617 61 -0.0173586
1618 61 0.033698
1619 61 -0.0219441
1629 61 0.0922173
1630 61 -0.534845
1631 61 -0.335808
1632 61 -0.107528
1633 61 -0.43634
1634 61 0.367368
1692 61 -0.111993
1693 61 -0.436644
1694 61 0.365668
1695 61 0.0999459
1696 61 -0.534941
1697 61 -0.333435
1716 61 -0.0172379
1717 61 0.0339455
1718 61 -0.021656
1719 61 0.0307035
1720 61 0.0336317
1721 61 -0.0105424
6 62 -0.0836992
7 62 0.090048
8 62 0.143182
42 62 -0.056218
43 62 -0.0563371
44 62 0.161392
57 62 0.140059
58 62 -0.033826
59 62 -0.30428
60 62 2.22045e-16
61 62 1.80411e-16
62 62 1.82618
63 62 0.139856
64 62 -0.0328909
65 62 -0.304476
81 62 -0.055421
82 62 -0.0570901
83 62 0.161403
162 62 -0.0850766
163 62 0.0889643
164 62 0.143048
1614 62 0.238858
1615 62 -0.0120729
1616 62 -0.046572
1617 62 -0.380263
1618 62 -0.0234213
1619 62 -0.44455
1629 62 0.0540824
1630 62 -0.33452
1631 62 -0.162441
1632 62 0.0838093
1633 62 0.367061
1634 62 -0.251461
1692 62 0.0871968
1693 62 0.367219
1694 62 -0.250075
1695 62 0.0587653
1696 62 -0.334442
1697 62 -0.160969
1716 62 -0.380346
1717 62 -0.0182758
1718 62 -0.44472
1719 62 0.238867
1720 62 -0.00886303
1721 62 -0.0472455
45 63 -0.0365577
46 63 -0.077754
47 63 -0.0807169
60 63 0.132947
61 63 0.00830344
62 63 0.139856
63 63 1.23287
64 63 0.0471842
65 63 -0.194708
66 63 0.0674881
67 63 0.011977
68 63 0.167504
84 63 -0.074034
85 63 -0.254395
86 63 -0.055073
165 63 -0.0614774
166 63 0.244763
167 63 -0.0843882
1617 63 -0.33172
1618 63 0.0559271
1619 63 0.0185089
1632 63 0.00182138
1633 63 0.0515125
1634 63 -0.019696
1635 63 0.0062085
1636 63 -0.149179
1637 63 0.0968667
1695 63 0.0109696
1696 63 -0.104898
1697 63 0.0819336
1698 63 0.000376663
1699 63 0.163746
1700 63 0.0692959
1719 63 -0.268425
1720 63 -0.0185627
1721 63 -0.380715
1722 63 -0.663351
1723 63 0.0208643
1724 63 0.242792
45 64 -0.176655
46 64 -0.043994
47 64 -0.0946916
60 64 0.0112125
61 64 0.171516
62 64 -0.0328909
63 64 0.0471842
64 64 1.28789
65 64 -0.0536651
66 64 -0.00241925
67 64 0.0857398
68 64 -0.0180392
84 64 -0.254966
85 64 -0.0878156
86 64 -0.0555329
165 64 0.245672
166 64 -0.0816693
167 64 0.0888317
1617 64 -0.027878
1618 64 0.0171705
1619 64 0.0344104
1632 64 0.161183
1633 64 -0.371044
1634 64 -0.140858
1635 64 0.0452388
1636 64 -0.218384
1637 64 0.212305
1695 64 -0.106927
1696 64 -0.436498
1697 64 0.367803
1698 64 0.053824
1699 64 -0.370312
1700 64 -0.274261
1719 64 -0.0205878
1720 64 0.0335097
1721 64 -0.0257854
1722 64 0.0251951
1723 64 0.0340178
1724 64 -0.00875902
45 65 0.0259256
46 65 0.0379997
47 65 0.0809756
60 65 0.139871
61 65 -0.0338521
62 65 -0.304476
63 65 -0.194708
64 65 -0.0536651
65 65 1.14974
66 65 -0.0291254
67 65 -0.0156182
68 65 -0.152148
84 65 -0.0540175
85 65 -0.0565492
86 65 0.161847
165 65 -0.0856088
166 65 0.0883059
167 65 0.14315
1617 65 0.220422
1618 65 -0.0449436
1619 65 -0.0232725
1632 65 0.0677953
1633 65 -0.275096
1634 65 -0.0837643
1635 65 -0.0156476
1636 65 0.155675
1637 65 -0.126273
1695 65 0.0834446
1696 65 0.36806
1697 65 -0.252484
1698 65 -0.0188467
1699 65 -0.140445
1700 65 -0.0829964
1719 65 -0.380564
1720 65 -0.0233657
1721 65 -0.443095
1722 65 0.239903
1723 65 -0.00717401
1724 65 -0.0486629
63 66 0.0674881
64 66 -0.00241925
65 66 -0.0291254
66 66 0.614627
67 66 -0.0461992
68 66 0.194763
87 66 -0.0355837
88 66 -0.177418
89 66 0.0260281
168 66 -0.066532
169 66 0.245375
170 66 -0.0842137
1635 66 0.0157362
1636 66 -0.0632655
1637 66 -0.0109958
1698 66 0.00719253
1699 66 0.0474826
1700 66 -0.0172629
1701 66 0.0161446
1702 66 0.0499846
1703 66 0.0793971
1722 66 -0.271999
1723 66 -0.0218458
1724 66 -0.381999
1725 66 -0.330159
1726 66 -0.0322787
1727 66 0.223692
63 67 0.011977
64 67 0.0857398
65 67 -0.0156182
66 67 -0.0461992
67 67 0.55571
68 67 0.0557451
87 67 -0.0776562
88 67 -0.0462632
89 67 0.038451
168 67 0.246249
169 67 -0.0775107
170 67 0.0866436
1635 67 0.0487391
1636 67 -0.164952
1637 67 -0.0591446
1698 67 -0.146965
1699 67 -0.218655
1700 67 0.156084
1701 67 -0.0627877
1702 67 -0.165081
1703 67 -0.191996
1722 67 -0.0236111
1723 67 0.033089
1724 67 -0.0294103
1725 67 0.0499529
1726 67 0.0173994
1727 67 -0.0417279
63 68 0.167504
64 68 -0.0180392
65 68 -0.152148
66 68 0.194763
67 68 0.0557451
68 68 0.692111
87 68 -0.0795479
88 68 -0.0935112
89 68 0.0808518
168 68 -0.0850749
169 68 0.0864656
170 68 0.144046
1635 68 0.0781782
1636 68 -0.19276
1637 68 -0.0775955
1698 68 0.0950961
1699 68 0.212992
1700 68 -0.126998
1701 68 -0.0108505
1702 68 -0.0591601
1703 68 -0.0774988
1722 68 -0.380548
1723 68 -0.0270912
1724 68 -0.4391
1725 68 0.0207122
1726 68 0.034959
1727 68 -0.0252405
48 69 -0.0478278
49 69 -0.0443632
50 69 0.0169096
69 69 0.922157
70 69 1.17961e-16
71 69 1.38778e-17
72 69 0.13586
73 69 0.00907574
74 69 0.134967
90 69 -0.0476097
91 69 -0.208863
92 69 -0.0779863
177 69 -0.0401513
178 69 0.246328
179 69 -0.0725445
1620 69 -0.13789
1621 69 0.0238918
1622 69 -0.097613
1638 69 0.00229644
1639 69 -0.118799
1640 69 0.0932169
1704 69 0.00182033
1705 69 -0.00304404
1706 69 -0.000978267
1707 69 0.0250144
1708 69 0.0732593
1709 69 0.0450988
1728 69 -0.138956
1729 69 -0.021512
1730 69 -0.285322
1731 69 -0.656947
1732 69 0.0460341
1733 69 0.245958
48 70 -0.209046
49 70 -0.0319367
50 70 -0.00289316
69 70 9.02056e-17
70 70 0.922157
71 70 6.38378e-16
72 70 0.00676759
73 70 0.172195
74 70 -0.0282823
90 70 -0.0445731
91 70 -0.0323107
92 70 -0.0544932
177 70 0.245524
178 70 -0.108761
179 70 0.0838459
1620 70 -0.023686
1621 70 0.0170559
1622 70 -0.0615221
1638 70 -0.00221811
1639 70 -0.222123
1640 70 0.0931846
1704 70 -0.119843
1705 70 -0.222732
1706 70 0.267766
1707 70 0.0746381
1708 70 -0.525723
1709 70 -0.344371
1728 70 0.0249327
1729 70 0.0169055
1730 70 0.0625814
1731 70 0.0478962
1732 70 0.0315827
1733 70 -0.0170171
48 71 -0.0778513
49 71 -0.0542316
50 71 0.0800458
69 71 -5.55112e-17
70 71 6.52256e-16
71 71 0.922157
72 71 0.135635
73 71 -0.0281506
74 71 -0.308061
90 71 0.0171037
91 71 -0.00277702
92 71 0.0800402
177 71 -0.0735571
178 71 0.0840527
179 71 0.148914
1620 71 -0.285319
1621 71 0.060812
1622 71 -0.219221
1638 71 -0.00195684
1639 71 0.268063
1640 71 -0.119229
1704 71 0.0931912
1705 71 0.0924969
1706 71 -0.11827
1707 71 0.0458771
1708 71 -0.345172
1709 71 -0.177306
1728 71 -0.0980604
1729 71 -0.0596999
1730 71 -0.218468
1731 71 0.245856
1732 71 -0.0163755
1733 71 -0.0526502
9 72 -0.043574
10 72 0.245472
11 72 -0.0762594
51 72 -0.0919458
52 72 -0.253853
53 72 -0.0598125
69 72 0.13586
70 72 0.00676759
71 72 0.135635
72 72 1.82618
73 72 3.67761e-16
74 72 -1.8735e-16
75 72 0.134896
76 72 0.0099456
77 72 0.136399
93 72 -0.091873
94 72 -0.253835
95 72 -0.0600011
180 72 -0.0428386
181 72 0.246062
182 72 -0.0747582
1620 72 -0.658434
1621 72 0.04703
1622 72 0.244498
1623 72 -0.272722
1624 72 -0.00535717
1625 72 -0.383215
1638 72 0.0244138
1639 72 0.0773749
1640 72 0.0473159
1641 72 0.00518148
1642 72 -0.119853
1643 72 0.0913621
1707 72 0.00393016
1708 72 -0.120468
1709 72 0.0906134
1710 72 0.0235499
1711 72 0.0776566
1712 72 0.0472922
1731 72 -0.275042
1732 72 0.000534827
1733 72 -0.381591
1734 72 -0.659186
1735 72 0.0420597
1736 72 0.243373
9 73 0.245827
10 73 -0.103688
11 73 0.0856358
51 73 -0.253477
52 73 -0.0682414
53 73 -0.0582663
69 73 0.00907574
70 73 0.172195
71 73 -0.0281506
72 73 3.81639e-16
73 73 1.82618
74 73 -2.17881e-15
75 73 0.00688098
76 73 0.172026
77 73 -0.0297579
93 73 -0.253779
94 73 -0.0685763
95 73 -0.0565321
180 73 0.245299
181 73 -0.104704
182 73 0.0859144
1620 73 0.0452735
1621 73 0.0316987
1622 73 -0.0159224
1623 73 -0.00271334
1624 73 0.0347234
1625 73 -0.00338062
1638 73 0.0752368
1639 73 -0.527339
1640 73 -0.344136
1641 73 -0.117815
1642 73 -0.442453
1643 73 0.363307
1707 73 -0.122457
1708 73 -0.443569
1709 73 0.3604
1710 73 0.0812989
1711 73 -0.527904
1712 73 -0.341884
1731 73 -0.00249051
1732 73 0.0347748
1733 73 -0.00300291
1734 73 0.0450651
1735 73 0.0320391
1736 73 -0.015832
9 74 -0.0758066
10 74 0.0861706
11 74 0.147262
51 74 -0.0607223
52 74 -0.056768
53 74 0.160183
69 74 0.134967
70 74 -0.0282823
71 74 -0.308061
72 74 -2.35922e-16
73 74 -2.27596e-15
74 74 1.82618
75 74 0.137283
76 74 -0.0293643
77 74 -0.306935
93 74 -0.0593504
94 74 -0.0574675
95 74 0.160448
180 74 -0.0762496
181 74 0.0852993
182 74 0.14754
1620 74 0.243969
1621 74 -0.0165977
1622 74 -0.0512792
1623 74 -0.380958
1624 74 -0.00663706
1625 74 -0.440003
1638 74 0.0459348
1639 74 -0.342777
1640 74 -0.175086
1641 74 0.0892256
1642 74 0.361895
1643 74 -0.240739
1707 74 0.0929603
1708 74 0.362523
1709 74 -0.238369
1710 74 0.0494541
1711 74 -0.343018
1712 74 -0.17365
1731 74 -0.383623
1732 74 0.000598371
1733 74 -0.437731
1734 74 0.244173
1735 74 -0.0147714
1736 74 -0.0508624
12 75 -0.0469312
13 75 0.245312
14 75 -0.0786428
54 75 -0.0875824
55 75 -0.254119
56 75 -0.0586613
72 75 0.134896
73 75 0.00688098
74 75 0.137283
75 75 1.82618
76 75 -7.84095e-16
77 75 -7.28584e-16
78 75 0.134017
79 75 0.0106019
80 75 0.137905
96 75 -0.0877125
97 75 -0.253947
98 75 -0.0592083
183 75 -0.046651
184 75 0.245682
185 75 -0.0776483
1623 75 -0.660863
1624 75 0.0436451
1625 75 0.242055
1626 75 -0.270372
1627 75 -0.0100229
1628 75 -0.382222
1641 75 0.0229528
1642 75 0.0832077
1643 75 0.0504082
1644 75 0.00651604
1645 75 -0.117099
1646 75 0.0898327
1710 75 0.00515121
1711 75 -0.117681
1712 75 0.089158
1713 75 0.0217481
1714 75 0.0836297
1715 75 0.0502438
1734 75 -0.272145
1735 75 -0.00381223
1736 75 -0.381074
1737 75 -0.6615
1738 75 0.0369011
1739 75 0.241439
12 76 0.245584
13 76 -0.0990202
14 76 0.0869348
54 76 -0.25382
55 76 -0.072872
56 76 -0.0581437
72 76 0.0099456
73 76 0.172026
74 76 -0.0293643
75 76 -8.39606e-16
76 76 1.82618
77 76 1.54043e-15
78 76 0.0071363
79 76 0.171867
80 76 -0.0310675
96 76 -0.254189
97 76 -0.0729402
98 76 -0.0564216
183 76 0.245138
184 76 -0.0992876
185 76 0.0878848
1623 76 0.0410216
1624 76 0.0321966
1625 76 -0.0142049
1626 76 -0.00708522
1627 76 0.0345379
1628 76 -0.00891638
1641 76 0.0801193
1642 76 -0.529353
1643 76 -0.342166
1644 76 -0.114747
1645 76 -0.440792
1646 76 0.364591
1710 76 -0.119985
1711 76 -0.441942
1712 76 0.3615
1713 76 0.0879592
1714 76 -0.530091
1715 76 -0.339084
1734 76 -0.00688018
1735 76 0.0346851
1736 76 -0.00849527
1737 76 0.0407079
1738 76 0.0326132
1739 76 -0.0141569
12 77 -0.0783244
13 77 0.0875692
14 77 0.145951
54 77 -0.0597059
55 77 -0.0568451
56 77 0.16045
72 77 0.136399
73 77 -0.0297579
74 77 -0.306935
75 77 -7.91034e-16
76 77 1.59595e-15
77 77 1.82618
78 77 0.13854
79 77 -0.0304998
80 77 -0.305901
96 77 -0.0583078
97 77 -0.0577278
98 77 0.160649
183 77 -0.0792616
184 77 0.0867522
185 77 0.145933
1623 77 0.241735
1624 77 -0.0152359
1625 77 -0.049345
1626 77 -0.380757
1627 77 -0.0124646
1628 77 -0.442167
1641 77 0.0483847
1642 77 -0.340247
1643 77 -0.171605
1644 77 0.0875946
1645 77 0.363271
1646 77 -0.243732
1710 77 0.091684
1711 77 0.363942
1712 77 -0.241214
1713 77 0.0529874
1714 77 -0.340539
1715 77 -0.169654
1734 77 -0.382812
1735 77 -0.00480161
1736 77 -0.440539
1737 77 0.241923
1738 77 -0.0127804
1739 77 -0.0491193
15 78 -0.0510324
16 78 0.245208
17 78 -0.0810443
57 78 -0.0826279
58 78 -0.254504
59 78 -0.0569226
75 78 0.134017
76 78 0.0071363
77 78 0.13854
78 78 1.82618
79 78 5.86337e-16
80 78 3.53884e-16
81 78 0.133648
82 78 0.0108002
83 78 0.138659
99 78 -0.0830494
100 78 -0.254144
101 78 -0.0579064
186 78 -0.0514849
187 78 0.245415
188 78 -0.0801269
1626 78 -0.662549
1627 78 0.0396328
1628 78 0.240434
1629 78 -0.269234
1630 78 -0.0147051
1631 78 -0.381446
1644 78 0.0213288
1645 78 0.0890948
1646 78 0.0534981
1647 78 0.00828478
1648 78 -0.113234
1649 78 0.0874462
1713 78 0.00697584
1714 78 -0.11371
1715 78 0.0869403
1716 78 0.0199075
1717 78 0.0895869
1718 78 0.0532233
1737 78 -0.270148
1738 78 -0.00854073
1739 78 -0.380987
1740 78 -0.662792
1741 78 0.0313296
1742 78 0.240989
15 79 0.245418
16 79 -0.0937502
17 79 0.0878305
57 79 -0.254108
58 79 -0.0783057
59 79 -0.0576815
75 79 0.0106019
76 79 0.171867
77 79 -0.0304998
78 79 4.82253e-16
79 79 1.82618
80 79 4.02456e-16
81 79 0.00752858
82 79 0.171753
83 79 -0.0320157
99 79 -0.254549
100 79 -0.0779721
101 79 -0.0561693
186 79 0.245239
187 79 -0.0932489
188 79 0.0888586
1626 79 0.0359528
1627 79 0.0327272
1628 79 -0.0123399
1629 79 -0.0118305
1630 79 0.0341984
1631 79 -0.0148701
1644 79 0.0853946
1645 79 -0.531236
1646 79 -0.339934
1647 79 -0.110885
1648 79 -0.439293
1649 79 0.366015
1713 79 -0.116106
1714 79 -0.44023
1715 79 0.36326
1716 79 0.0939953
1717 79 -0.531765
1718 79 -0.336824
1737 79 -0.0116194
1738 79 0.0344451
1739 79 -0.0144614
1740 79 0.0355485
1741 79 0.0331742
1742 79 -0.0123177
15 80 -0.0806587
16 80 0.0885633
17 80 0.144782
57 80 -0.0582031
58 80 -0.0564701
59 80 0.160929
75 80 0.137905
76 80 -0.0310675
77 80 -0.305901
78 80 2.15106e-16
79 80 3.05311e-16
80 80 1.82618
81 80 0.138926
82 80 -0.0312749
83 80 -0.305417
99 80 -0.0569194
100 80 -0.057516
101 80 0.161018
186 80 -0.0818809
187 80 0.0875246
188 80 0.144727
1626 80 0.240589
