0 0 0.338172
1 0 0.00942074
2 0 0.00688499
27 0 0.217051
28 0 -0.0289866
29 0 -0.0208757
984 0 -0.0262426
985 0 0.0201247
986 0 -0.0328738
987 0 -0.254187
988 0 -0.0292238
989 0 0.00999841
996 0 -0.221339
997 0 0.0204042
998 0 0.0422518
999 0 -0.0226649
1000 0 0.00809498
1001 0 -0.00500321
0 1 0.00942074
1 1 0.47992
2 1 0.10405
27 1 -0.0292857
28 1 -0.208155
29 1 -0.312003
984 1 -0.0092857
985 1 0.0491292
986 1 -0.0653901
987 1 -0.227781
988 1 -0.0268356
989 1 0.0273364
996 1 0.21853
997 1 -0.0166428
998 1 -0.0258267
999 1 0.0372608
1000 1 -0.246807
1001 1 0.271739
0 2 0.00688499
1 2 0.10405
2 2 0.413591
27 2 -0.0216897
28 2 -0.312085
29 2 -0.00889524
984 2 -0.0378534
985 2 0.180393
986 2 -0.307849
987 2 -0.137003
988 2 0.000294774
989 2 -0.00305216
996 2 0.188733
997 2 0.00116296
998 2 -0.0467147
999 2 0.000228912
1000 2 0.0263605
1001 2 -0.0158906
3 3 0.338081
4 3 0.00869306
5 3 0.00639427
45 3 0.217449
46 3 -0.0262328
47 3 -0.0188604
993 3 -0.0262619
994 3 0.0196888
995 3 -0.0323779
996 3 -0.253026
997 3 -0.029627
998 3 0.00934409
1011 3 -0.222709
1012 3 0.0188295
1013 3 0.0417667
1014 3 -0.02286
1015 3 0.0090927
1016 3 -0.00627972
3 4 0.00869306
4 4 0.479338
5 4 0.104295
45 4 -0.0257503
46 4 -0.206145
47 4 -0.313035
993 4 -0.0095288
994 4 0.0487874
995 4 -0.0644129
996 4 -0.228486
997 4 -0.0274994
998 4 0.0269082
1011 4 0.217108
1012 4 -0.0150036
1013 4 -0.0248587
1014 4 0.0374716
1015 4 -0.247643
1016 4 0.270997
3 5 0.00639427
4 5 0.104295
5 5 0.414264
45 5 -0.0194011
46 5 -0.312864
47 5 -0.0113045
993 5 -0.0386551
994 5 0.181297
995 5 -0.30755
996 5 -0.137884
997 5 -6.97631e-05
998 5 -0.00319928
1011 5 0.189421
1012 5 0.00256468
1013 5 -0.0461656
1014 5 0.000249342
1015 5 0.0256363
1016 5 -0.0149328
6 6 0.338261
7 6 0.0100478
8 6 0.00739561
48 6 0.216879
49 6 -0.0304315
50 6 -0.021994
996 6 -0.0263909
997 6 0.0207683
998 6 -0.0337448
999 6 -0.255238
1000 6 -0.0283886
1001 6 0.0106682
1014 6 -0.220238
1015 6 0.0202248
1016 6 0.0422608
1017 6 -0.0225537
1018 6 0.00749414
1019 6 -0.00425716
6 7 0.0100478
7 7 0.479156
8 7 0.104229
48 7 -0.0301307
49 7 -0.205635
50 7 -0.312789
996 7 -0.00915013
997 7 0.0486273
998 7 -0.0641108
999 7 -0.226623
1000 7 -0.0260017
1001 7 0.0278493
1014 7 0.21849
1015 7 -0.0166271
1016 7 -0.0259676
1017 7 0.0370949
1018 7 -0.247934
1019 7 0.270909
6 8 0.00739561
7 8 0.104229
8 8 0.414265
48 8 -0.0226028
49 8 -0.312653
50 8 -0.011244
996 8 -0.0380849
997 8 0.181329
998 8 -0.307474
999 8 -0.137159
1000 8 0.000789197
1001 8 -0.00261284
1014 8 0.189991
1015 8 0.00121121
1016 8 -0.0470073
1017 8 0.000430691
1018 8 0.0255558
1019 8 -0.0148607
9 9 0.338479
10 9 0.0114761
11 9 0.00844855
51 9 0.216155
52 9 -0.0351127
53 9 -0.0251729
999 9 -0.0267034
1000 9 0.0222729
1001 9 -0.0358229
1002 9 -0.257496
1003 9 -0.0265616
1004 9 0.0122768
1017 9 -0.217562
1018 9 0.0214725
1019 9 0.0426159
1020 9 -0.0223106
1021 9 0.00637536
1022 9 -0.00263185
9 10 0.0114761
10 10 0.478995
11 10 0.104131
51 10 -0.0348136
52 10 -0.205017
53 10 -0.312538
999 10 -0.00900095
1000 10 0.0485171
1001 10 -0.0638186
1002 10 -0.225149
1003 10 -0.0241314
1004 10 0.0290675
1017 10 0.219515
1018 10 -0.0180921
1019 10 -0.0269937
1020 10 0.0372737
1021 10 -0.248502
1022 10 0.270444
9 11 0.00844855
10 11 0.104131
11 11 0.414209
51 11 -0.026345
52 11 -0.312304
53 11 -0.0111387
999 11 -0.0382728
1000 11 0.181402
1001 11 -0.307122
1002 11 -0.135678
1003 11 0.00200048
1004 11 -0.00188491
1017 11 0.191163
1018 11 -8.63763e-05
1019 11 -0.0479521
1020 11 0.000650994
1021 11 0.0254808
1022 11 -0.0147702
12 12 0.3383
13 12 0.0103179
14 12 0.00758821
69 12 0.216842
70 12 -0.0308152
71 12 -0.0223921
1014 12 -0.0264568
1015 12 0.0211301
1016 12 -0.0340346
1017 12 -0.255658
1018 12 -0.0283056
1019 12 0.0105167
1026 12 -0.219711
1027 12 0.0207201
1028 12 0.0423676
1029 12 -0.0225163
1030 12 0.00717336
1031 12 -0.00402903
12 13 0.0103179
13 13 0.479213
14 13 0.104186
69 13 -0.0302061
70 13 -0.204902
71 13 -0.313321
1014 13 -0.00916608
1015 13 0.0489045
1016 13 -0.0640084
1017 13 -0.226402
1018 13 -0.0259363
1019 13 0.0276725
1026 13 0.218757
1027 13 -0.0171651
1028 13 -0.0262167
1029 13 0.0369312
1030 13 -0.247688
1031 13 0.271157
12 14 0.00758821
13 14 0.104186
14 14 0.41417
69 14 -0.0226502
70 14 -0.312524
71 14 -0.0119385
1014 14 -0.0382123
1015 14 0.1824
1016 14 -0.306739
1017 14 -0.136816
1018 14 0.000918076
1019 14 -0.00267227
1026 14 0.19009
1027 14 0.00075589
1028 14 -0.0471938
1029 14 0.000419445
1030 14 0.0256363
1031 14 -0.0149736
15 15 0.469704
16 15 -0.0690597
17 15 0.0819314
27 15 -0.177964
28 15 0.207134
29 15 -0.245445
984 15 -0.18862
985 15 -0.276468
986 15 0.00671449
987 15 0.0394096
988 15 -0.0391698
989 15 -0.106279
1038 15 -0.155128
1039 15 0.0861824
1040 15 0.260607
1041 15 0.0437219
1042 15 0.0903652
1043 15 0.00228056
15 16 -0.0690597
16 16 0.373636
17 16 -0.0428144
27 16 0.207208
28 16 0.110928
29 16 0.128264
984 16 -0.0586457
985 16 -0.0795611
986 16 -0.00966099
987 16 -0.0284068
988 16 -0.00401811
989 16 0.0440005
1038 16 0.0759852
1039 16 -0.0709309
1040 16 -0.146053
1041 16 -0.127851
1042 16 -0.298503
1043 16 0.0266639
15 17 0.0819314
16 17 -0.0428144
17 17 0.388343
27 17 -0.24586
28 17 0.128118
29 17 0.067036
984 17 -0.058926
985 17 -0.109782
986 17 -0.0158672
987 17 0.110008
988 17 -0.0756732
989 17 -0.320509
1038 17 0.0443872
1039 17 -0.0262648
1040 17 -0.0590837
1041 17 0.0690968
1042 17 0.125844
1043 17 -0.0289997
18 18 0.384458
19 18 -0.0427817
20 18 0.0140929
21 18 -0.0182789
22 18 0.00367205
23 18 0.0958111
39 18 -0.0905117
40 18 -0.0073766
41 18 -0.0930247
102 18 0.109066
103 18 0.00406345
104 18 -0.00265728
990 18 -0.0258633
991 18 -0.00982162
992 18 -0.0383962
1032 18 -0.182936
1033 18 -0.0604641
1034 18 -0.0585814
1050 18 -0.184264
1051 18 0.048777
1052 18 0.10392
1053 18 0.0392003
1054 18 0.0641619
1055 18 -0.0210865
18 19 -0.0427817
19 19 0.971345
20 19 -0.194351
21 19 -0.184609
22 19 0.0456989
23 19 0.165668
39 19 0.208651
40 19 0.0587615
41 19 0.1144
102 19 -0.0230846
103 19 -0.104192
104 19 -0.279457
990 19 0.0177295
991 19 0.049036
992 19 0.180578
1032 19 -0.277047
1033 19 -0.0851319
1034 19 -0.112868
1050 19 0.238217
1051 19 -0.0626129
1052 19 -0.164391
1053 19 0.0635701
1054 19 -0.841475
1055 19 0.290796
18 20 0.0140929
19 20 -0.194351
20 20 0.445378
21 20 0.168327
22 20 0.0215187
23 20 -0.027075
39 20 -0.156761
40 20 0.0112575
41 20 0.0315542
102 20 -0.0115337
103 20 -0.0333239
104 20 -0.00493686
990 20 -0.0298098
991 20 -0.065263
992 20 -0.30819
1032 20 0.00505606
1033 20 -0.010151
1034 20 -0.016496
1050 20 0.0316614
1051 20 -0.0213767
1052 20 -0.0375866
1053 20 -0.0209276
1054 20 0.291588
1055 20 -0.0519727
18 21 -0.0182789
19 21 -0.184609
20 21 0.168327
21 21 1.07414
22 21 -0.0370398
23 21 -0.0966961
24 21 -0.0179675
25 21 0.00409936
26 21 0.0962698
42 21 -0.114546
43 21 0.109179
44 21 -0.2483
105 21 0.217983
106 21 -0.0216042
107 21 -0.0152714
990 21 -0.249549
991 21 -0.230916
992 21 -0.139274
993 21 -0.0261515
994 21 -0.00963547
995 21 -0.0385258
1032 21 0.0154123
1033 21 0.0386808
1034 21 0.020228
1035 21 -0.321413
1036 21 -0.0694812
1037 21 -0.0619404
1053 21 -0.568617
1054 21 0.339052
1055 21 0.335098
1056 21 0.0396276
1057 21 0.0623179
1058 21 -0.0205236
18 22 0.00367205
19 22 0.0456989
20 22 0.0215187
21 22 -0.0370398
22 22 1.12941
23 22 -0.0484988
24 22 -0.183516
25 22 0.0474059
26 22 0.166076
42 22 0.22152
43 22 0.0622245
44 22 0.107572
105 22 -0.020861
106 22 -0.208295
107 22 -0.31262
990 22 -0.0322127
991 22 -0.0304045
992 22 -0.00183597
993 22 0.0190631
994 22 0.0488273
995 22 0.180617
1032 22 -0.036585
1033 22 0.021652
1034 22 -0.109885
1035 22 -0.334695
1036 22 -0.0965431
1037 22 -0.105956
1053 22 0.341237
1054 22 -0.145109
1055 22 -0.186666
1056 22 0.0594201
1057 22 -0.842012
1058 22 0.290654
18 23 0.0958111
19 23 0.165668
20 23 -0.027075
21 23 -0.0966961
22 23 -0.0484988
23 23 1.02138
24 23 0.168441
25 23 0.0200598
26 23 -0.0279903
42 23 -0.171348
43 23 -0.00204369
44 23 0.0519819
105 23 -0.0157961
106 23 -0.312654
107 23 -0.0096881
990 23 0.00771497
991 23 0.0257067
992 23 -0.00396497
993 23 -0.0317654
994 23 -0.0648426
995 23 -0.307979
1032 23 -0.130978
1033 23 0.125691
1034 23 -0.464734
1035 23 -0.141984
1036 23 -0.0137046
1037 23 -0.00838508
1053 23 0.336873
1054 23 -0.186548
1055 23 -0.140518
1056 23 -0.0194813
1057 23 0.291557
1058 23 -0.0518578
21 24 -0.0179675
22 24 -0.183516
23 24 0.168441
24 24 1.46584
25 24 -0.0181396
26 24 -0.103438
27 24 -0.038077
28 24 -0.17829
29 24 0.266418
45 24 -0.179748
46 24 0.205872
47 24 -0.246215
108 24 0.21748
109 24 -0.0263738
110 24 -0.0184924
984 24 -0.178921
985 24 0.238947
986 24 0.0321108
993 24 -0.323949
994 24 -0.333851
995 24 -0.141585
996 24 0.0561467
997 24 -0.0176364
998 24 -0.0831026
1035 24 0.0148286
1036 24 0.0393026
1037 24 0.0173945
1038 24 -0.464431
1039 24 -0.123357
1040 24 -0.20811
1056 24 -0.561441
1057 24 0.340348
1058 24 0.33462
1059 24 0.0404959
1060 24 0.0559815
1061 24 -0.0184172
21 25 0.00409936
22 25 0.0474059
23 25 0.0200598
24 25 -0.0181396
25 25 1.22896
26 25 0.0497402
27 25 -0.177481
28 25 0.0959644
29 25 0.185706
45 25 0.204899
46 25 0.113257
47 25 0.127515
108 25 -0.0252326
109 25 -0.208565
110 25 -0.312191
984 25 0.0501008
985 25 -0.0667248
986 25 -0.0221225
993 25 -0.0683113
994 25 -0.0944677
995 25 -0.0129318
996 25 0.0115376
997 25 -0.00590993
998 25 0.0818366
1035 25 -0.0369872
1036 25 0.0214875
1037 25 -0.110445
1038 25 -0.34255
1039 25 -0.10528
1040 25 -0.106858
1056 25 0.344927
1057 25 -0.150154
1058 25 -0.190645
1059 25 0.0524461
1060 25 -0.842643
1061 25 0.290827
21 26 0.0962698
22 26 0.166076
23 26 -0.0279903
24 26 -0.103438
25 26 0.0497402
26 26 1.38438
27 26 0.267252
28 26 0.18352
29 26 -0.0578908
45 26 -0.247075
46 26 0.126544
47 26 0.0664887
108 26 -0.0191871
109 26 -0.312223
110 26 -0.00891662
984 26 0.102397
985 26 -0.167781
986 26 -0.0383264
993 26 -0.061339
994 26 -0.10454
995 26 -0.00785813
996 26 -0.0785537
997 26 -0.162666
998 26 -0.620332
1035 26 -0.131439
1036 26 0.12557
1037 26 -0.464562
1038 26 -0.14345
1039 26 -0.00572332
1040 26 0.00103441
1056 26 0.337235
1057 26 -0.189689
1058 26 -0.142637
1059 26 -0.0172429
1060 26 0.292305
1061 26 -0.0520919
0 27 0.217051
1 27 -0.0292857
2 27 -0.0216897
15 27 -0.177964
16 27 0.207208
17 27 -0.24586
24 27 -0.038077
25 27 -0.177481
26 27 0.267252
27 27 2.30889
28 27 -7.59809e-16
29 27 -2.31759e-15
30 27 -0.0385023
31 27 -0.177035
32 27 0.267487
48 27 -0.178414
49 27 0.208378
50 27 -0.244541
111 27 0.21684
112 27 -0.0310466
113 27 -0.021346
984 27 0.0407382
985 27 0.0514595
986 27 -0.0169177
987 27 -0.552678
988 27 0.345173
989 27 0.335825
996 27 -0.655379
997 27 -0.400769
998 27 -0.202668
999 27 0.029138
1000 27 0.00223188
1001 27 -0.117857
1038 27 0.0298083
1039 27 0.00189948
1040 27 -0.117695
1041 27 -0.659754
1042 27 -0.394997
1043 27 -0.199785
1059 27 -0.554144
1060 27 0.343927
1061 27 0.334686
1062 27 0.0411628
1063 27 0.0511212
1064 27 -0.0169156
0 28 -0.0289866
1 28 -0.208155
2 28 -0.312085
15 28 0.207134
16 28 0.110928
17 28 0.128118
24 28 -0.17829
25 28 0.0959644
26 28 0.18352
27 28 -7.87564e-16
28 28 2.30889
29 28 -7.63278e-16
30 28 -0.175341
31 28 0.0984948
32 28 0.185015
48 28 0.207313
49 28 0.110346
50 28 0.128332
111 28 -0.0302042
112 28 -0.20822
113 28 -0.311926
984 28 0.0528478
985 28 -0.842197
986 28 0.292798
987 28 0.345757
988 28 -0.156274
989 28 -0.194744
996 28 -0.398348
997 28 -0.184523
998 28 -0.115348
999 28 0.00218898
1000 28 0.0434754
1001 28 0.0168398
1038 28 0.00192192
1039 28 0.0435472
1040 28 0.0166862
1041 28 -0.400411
1042 28 -0.180992
1043 28 -0.11379
1059 28 0.346577
1060 28 -0.155535
1061 28 -0.193876
1062 28 0.0459146
1063 28 -0.843413
1064 28 0.290458
0 29 -0.0208757
1 29 -0.312003
2 29 -0.00889524
15 29 -0.245445
16 29 0.128264
17 29 0.067036
24 29 0.266418
25 29 0.185706
26 29 -0.0578908
27 29 -2.23432e-15
28 29 -7.77156e-16
29 29 2.30889
30 29 0.26865
31 29 0.181779
32 29 -0.0600041
48 29 -0.245369
49 29 0.127865
50 29 0.068068
111 29 -0.0233648
112 29 -0.311834
113 29 -0.00862541
984 29 -0.0175229
985 29 0.292299
986 29 -0.0527886
987 29 0.335881
988 29 -0.194286
989 29 -0.145295
996 29 -0.200608
997 29 -0.115105
998 29 -0.0143412
999 29 -0.120819
1000 29 0.0191495
1001 29 -0.926854
1038 29 -0.115545
1039 29 0.0151601
1040 29 -0.9276
1041 29 -0.201757
1042 29 -0.113183
1043 29 -0.0134839
1059 29 0.336545
1060 29 -0.193682
1061 29 -0.144563
1062 29 -0.0149614
1063 29 0.292586
1064 29 -0.0519794
27 30 -0.0385023
28 30 -0.175341
29 30 0.26865
30 30 1.26874
31 30 0.0795667
32 30 0.0137793
33 30 -0.0186392
34 30 0.00573383
35 30 0.100035
51 30 -0.177807
52 30 0.211435
53 30 -0.24193
114 30 0.215887
115 30 -0.0369782
116 30 -0.0253244
987 30 0.0208014
988 30 -0.0487618
989 30 -0.0151549
999 30 -0.405148
1000 30 -0.370594
1001 30 -0.211644
1002 30 0.0135713
1003 30 -0.0377068
1004 30 -0.134695
1041 30 -0.0107665
1042 30 0.0422134
1043 30 -0.0145317
1044 30 -0.333638
1045 30 -0.0617539
1046 30 -0.0601637
1062 30 -0.544606
1063 30 0.346471
1064 30 0.335046
1065 30 0.0418259
1066 30 0.0451428
1067 30 -0.0149603
27 31 -0.177035
28 31 0.0984948
29 31 0.181779
30 31 0.0795667
31 31 1.45668
32 31 -0.112291
33 31 -0.179403
34 31 0.0516312
35 31 0.166417
51 31 0.210609
52 31 0.106826
53 31 0.129125
114 31 -0.0362637
115 31 -0.206967
116 31 -0.31175
987 31 0.140604
988 31 -0.296525
989 31 -0.00606696
999 31 -0.169379
1000 31 -0.153082
1001 31 -0.139601
1002 31 0.0408793
1003 31 0.0213447
1004 31 0.128389
1041 31 0.0310338
1042 31 0.0468774
1043 31 -0.0268191
1044 31 -0.331267
1045 31 -0.0848604
1046 31 -0.100232
1062 31 0.348546
1063 31 -0.161424
1064 31 -0.198348
1065 31 0.0390221
1066 31 -0.844689
1067 31 0.289724
27 32 0.267487
28 32 0.185015
29 32 -0.0600041
30 32 0.0137793
31 32 -0.112291
32 32 1.35376
33 32 0.168806
34 32 0.0156904
35 32 -0.0315872
51 32 -0.242862
52 32 0.128664
53 32 0.0709801
114 32 -0.028253
115 32 -0.311502
116 32 -0.00892598
987 32 -0.0855485
988 32 0.1398
989 32 -0.00772874
999 32 -0.0626887
1000 32 -0.112976
1001 32 -0.00971451
1002 32 0.00991531
1003 32 -0.108853
1004 32 -0.463304
1041 32 -0.227923
1042 32 0.0930348
1043 32 -0.606699
1044 32 -0.138262
1045 32 -0.00860785
1046 32 -0.00575551
1062 32 0.337231
1063 32 -0.198685
1064 32 -0.148213
1065 32 -0.0125769
1066 32 0.291848
1067 32 -0.0513597
30 33 -0.0186392
31 33 -0.179403
32 33 0.168806
33 33 1.06814
34 33 -0.0357266
35 33 -0.0991842
36 33 -0.0191973
37 33 0.00636457
38 33 0.101763
54 33 -0.111109
55 33 0.115032
56 33 -0.241183
117 33 0.21472
118 33 -0.0431174
119 33 -0.0301308
1002 33 -0.259026
1003 33 -0.224207
1004 33 -0.134972
1005 33 -0.0270194
1006 33 -0.00829643
1007 33 -0.0373264
1044 33 0.0133973
1045 33 0.0411976
1046 33 0.00793165
1047 33 -0.338653
1048 33 -0.0608049
1049 33 -0.0598754
1065 33 -0.533286
1066 33 0.348586
1067 33 0.335598
1068 33 0.0424115
1069 33 0.03719
1070 33 -0.0122833
30 34 0.00573383
31 34 0.0516312
32 34 0.0156904
33 34 -0.0357266
34 34 1.132
35 34 -0.0443797
36 34 -0.178557
37 34 0.0521479
38 34 0.166152
54 34 0.229613
55 34 0.0509093
56 34 0.11141
117 34 -0.0424549
118 34 -0.205195
119 34 -0.311486
1002 34 -0.0242295
1003 34 -0.0218733
1004 34 0.00333801
1005 34 0.0249071
1006 34 0.048552
1007 34 0.181831
1044 34 -0.0378686
1045 34 0.0213978
1046 34 -0.109298
1047 34 -0.328244
1048 34 -0.0822378
1049 34 -0.0982139
1065 34 0.351032
1066 34 -0.168229
1067 34 -0.204097
1068 34 0.0334155
1069 34 -0.846167
1070 34 0.288994
30 35 0.100035
31 35 0.166417
32 35 -0.0315872
33 35 -0.0991842
34 35 -0.0443797
35 35 1.02478
36 35 0.168559
37 35 0.0150291
38 35 -0.0325709
54 35 -0.167969
55 35 0.00150715
56 35 0.0598835
117 35 -0.0326804
118 35 -0.311295
119 35 -0.00952971
1002 35 0.0129438
1003 35 0.0294693
1004 35 -0.00167033
1005 35 -0.0389929
1006 35 -0.0635822
1007 35 -0.306432
1044 35 -0.133945
1045 35 0.129405
1046 35 -0.463133
1047 35 -0.136938
1048 35 -0.00763629
1049 35 -0.0049712
1065 35 0.337961
1066 35 -0.204179
1067 35 -0.152727
1068 35 -0.0106953
1069 35 0.290372
1070 35 -0.0504831
33 36 -0.0191973
34 36 -0.178557
35 36 0.168559
36 36 0.760946
37 36 -0.233589
38 36 -0.225348
57 36 -0.0881687
58 36 0.102888
59 36 -0.225569
120 36 0.107953
121 36 0.0750775
122 36 0.0574837
1005 36 -0.262301
1006 36 -0.221393
1007 36 -0.133319
1047 36 0.0374752
1048 36 -0.0289557
1049 36 0.102889
1068 36 -0.525523
1069 36 0.350987
1070 36 0.337479
1071 36 0.02134
1072 36 0.132893
1073 36 -0.081725
33 37 0.00636457
34 37 0.0521479
35 37 0.0150291
36 37 -0.233589
37 37 0.525099
38 37 0.138672
57 37 0.114617
58 37 0.0496801
59 37 0.127441
120 37 -0.122051
121 37 -0.10075
122 37 -0.1427
1005 37 -0.023301
1006 37 -0.0206589
1007 37 0.0040835
1047 37 -0.0406988
1048 37 -0.00238621
1049 37 -0.0765235
1068 37 0.350406
1069 37 -0.172215
1070 37 -0.207632
1071 37 -0.0542695
1072 37 -0.299425
1073 37 0.141186
33 38 0.101763
34 38 0.166152
35 38 -0.0325709
36 38 -0.225348
37 38 0.138672
38 38 0.515136
57 38 -0.0119252
58 38 0.0029747
59 38 0.0378608
120 38 -0.0920724
121 38 -0.167819
122 38 -0.00515357
1005 38 0.0143052
1006 38 0.0302112
1007 38 -0.00120948
1047 38 -0.109894
1048 38 0.0476386
1049 38 -0.32094
1068 38 0.337937
1069 38 -0.208411
1070 38 -0.156509
1071 38 -0.015939
1072 38 -0.00891675
1073 38 -0.00575563
18 39 -0.0905117
19 39 0.208651
20 39 -0.156761
39 39 1.11017
40 39 0.023276
41 39 0.0794495
42 39 0.00561239
43 39 -0.112594
44 39 0.251743
60 39 -0.0904661
61 39 -0.00705653
62 39 -0.0930708
129 39 0.218192
130 39 -0.0192784
131 39 -0.0138999
990 39 -0.226455
991 39 0.215432
992 39 0.187802
1008 39 -0.0258526
1009 39 -0.00965639
1010 39 -0.0383378
1050 39 0.0159518
1051 39 -0.00900438
1052 39 -0.121913
1053 39 -0.63927
1054 39 -0.405048
1055 39 -0.205587
1074 39 -0.285759
1075 39 0.0512512
1076 39 0.131714
1077 39 0.0393051
1078 39 0.0641109
1079 39 -0.0208906
18 40 -0.0073766
19 40 0.0587615
20 40 0.0112575
39 40 0.023276
40 40 1.13366
41 40 -0.0488935
42 40 -0.19703
43 40 0.0406979
44 40 0.172884
60 40 0.209
61 40 0.05819
62 40 0.114489
129 40 -0.0187063
130 40 -0.207265
131 40 -0.313084
990 40 0.0173684
991 40 -0.0132625
992 40 0.0040003
1008 40 0.0177791
1009 40 0.0486011
1010 40 0.181282
1050 40 0.0109518
1051 40 0.0216065
1052 40 -0.119395
1053 40 -0.405567
1054 40 -0.196684
1055 40 -0.122106
1074 40 0.288017
1075 40 -0.071346
1076 40 -0.169007
1077 40 0.0622667
1078 40 -0.842781
1079 40 0.288903
18 41 -0.0930247
19 41 0.1144
20 41 0.0315542
39 41 0.0794495
40 41 -0.0488935
41 41 0.981097
42 41 0.182977
43 41 0.0350672
44 41 -0.0459827
60 41 -0.156402
61 41 0.0115335
62 41 0.0317282
129 41 -0.0139985
130 41 -0.313126
131 41 -0.0109266
990 41 0.0410528
991 41 -0.0233169
992 41 -0.044843
1008 41 -0.0297581
1009 41 -0.0642395
1010 41 -0.308076
1050 41 0.0133321
1051 41 0.136608
1052 41 -0.464841
1053 41 -0.206337
1054 41 -0.122311
1055 41 -0.018294
1074 41 0.204019
1075 41 -0.0157126
1076 41 -0.0696056
1077 41 -0.0203843
1078 41 0.290238
1079 41 -0.0507692
21 42 -0.114546
22 42 0.22152
23 42 -0.171348
39 42 0.00561239
40 42 -0.19703
41 42 0.182977
42 42 1.75402
43 42 -0.0376023
44 42 -0.0896153
45 42 -0.0373774
46 42 -0.181206
47 42 0.264283
63 42 -0.11396
64 42 0.109953
65 42 -0.248126
132 42 0.217976
133 42 -0.0217575
134 42 -0.0152515
990 42 -0.0232861
991 42 0.0381869
992 42 -0.000145207
993 42 -0.281604
994 42 0.28908
995 42 0.205297
1008 42 -0.249816
1009 42 -0.230207
1010 42 -0.140038
1011 42 0.0156228
1012 42 0.0104833
1013 42 0.0123074
1053 42 0.0313172
1054 42 0.00205132
1055 42 -0.111167
1056 42 -0.644094
1057 42 -0.402268
1058 42 -0.204159
1077 42 -0.568437
1078 42 0.338927
1079 42 0.335303
1080 42 0.0397471
1081 42 0.0618413
1082 42 -0.0200774
21 43 0.109179
22 43 0.0622245
23 43 -0.00204369
39 43 -0.112594
40 43 0.0406979
41 43 0.0350672
42 43 -0.0376023
43 43 1.44823
44 43 -0.159722
45 43 -0.18005
46 43 0.0917915
47 43 0.187833
63 43 0.222003
64 43 0.0616361
65 43 0.107963
132 43 -0.0207534
133 43 -0.206578
134 43 -0.313154
990 43 0.0110311
991 43 -0.246581
992 43 0.026011
993 43 0.0517698
994 43 -0.0728682
995 43 -0.016855
1008 43 -0.0321431
1009 43 -0.0303086
1010 43 -0.00185316
1011 43 -0.00790799
1012 43 0.0214858
1013 43 0.137681
1053 43 0.00203122
1054 43 0.0434746
1055 43 0.0190023
1056 43 -0.404721
1057 43 -0.192863
1058 43 -0.120218
1077 43 0.340604
1078 43 -0.144744
1079 43 -0.186467
1080 43 0.0582989
1081 43 -0.843989
1082 43 0.287707
21 44 -0.2483
22 44 0.107572
23 44 0.0519819
39 44 0.251743
40 44 0.172884
41 44 -0.0459827
42 44 -0.0896153
43 44 -0.159722
44 44 1.73118
45 44 0.265307
46 44 0.185237
47 44 -0.0544204
63 44 -0.17083
64 44 -0.00175503
65 44 0.052009
132 44 -0.0160284
133 44 -0.313192
134 44 -0.0113989
990 44 -0.00896375
991 44 0.27162
992 44 -0.0154001
993 44 0.131316
994 44 -0.1713
995 44 -0.0712739
1008 44 0.00759318
1009 44 0.025562
1010 44 -0.00393027
1011 44 -0.125377
1012 44 -0.117119
1013 44 -0.464257
1053 44 -0.109306
1054 44 0.0170443
1055 44 -0.929036
1056 44 -0.205853
1057 44 -0.120275
1058 44 -0.0172867
1077 44 0.337564
1078 44 -0.186937
1079 44 -0.141063
1080 44 -0.0189709
1081 44 0.289459
1082 44 -0.0499966
3 45 0.217449
4 45 -0.0257503
5 45 -0.0194011
24 45 -0.179748
25 45 0.204899
26 45 -0.247075
42 45 -0.0373774
43 45 -0.18005
44 45 0.265307
45 45 2.30889
46 45 -5.37764e-16
47 45 1.48492e-15
48 45 -0.0381
49 45 -0.179546
50 45 0.265546
66 45 -0.179524
67 45 0.206797
68 45 -0.245652
135 45 0.217503
136 45 -0.0261424
137 45 -0.0182305
993 45 0.0400081
994 45 0.0568436
995 45 -0.0185317
996 45 -0.557467
997 45 0.34477
998 45 0.337758
1011 45 -0.648553
1012 45 -0.402708
1013 45 -0.205309
1014 45 0.0299515
1015 45 0.00245033
1016 45 -0.114828
1056 45 0.03059
1057 45 0.00225183
1058 45 -0.114663
1059 45 -0.652013
1060 45 -0.398329
1061 45 -0.202878
1080 45 -0.561921
1081 45 0.339804
1082 45 0.335402
1083 45 0.0404814
1084 45 0.0565716
1085 45 -0.018335
3 46 -0.0262328
4 46 -0.206145
5 46 -0.312864
24 46 0.205872
25 46 0.113257
26 46 0.126544
42 46 -0.181206
43 46 0.0917915
44 46 0.185237
45 46 -5.41234e-16
46 46 2.30889
47 46 3.81639e-16
48 46 -0.178401
49 46 0.0944628
50 46 0.186611
66 46 0.205815
67 46 0.112248
68 46 0.127532
135 46 -0.0249139
136 46 -0.206005
137 46 -0.313064
993 46 0.0593174
994 46 -0.843592
995 46 0.290165
996 46 0.341042
997 46 -0.151745
998 46 -0.191621
1011 46 -0.400464
1012 46 -0.18912
1013 46 -0.118662
1014 46 0.00259238
1015 46 0.0433491
1016 46 0.0201451
1056 46 0.00214171
1057 46 0.0434431
1058 46 0.019995
1059 46 -0.402113
1060 46 -0.186385
1061 46 -0.117405
1080 46 0.343273
1081 46 -0.148763
1082 46 -0.189969
1083 46 0.0522741
1084 46 -0.845118
1085 46 0.287061
3 47 -0.0188604
4 47 -0.313035
5 47 -0.0113045
24 47 -0.246215
25 47 0.127515
26 47 0.0664887
42 47 0.264283
43 47 0.187833
44 47 -0.0544204
45 47 1.48492e-15
46 47 3.88578e-16
47 47 2.30889
48 47 0.266676
49 47 0.183835
50 47 -0.0563696
66 47 -0.246227
67 47 0.127079
68 47 0.0672757
135 47 -0.0193709
136 47 -0.312997
137 47 -0.0115013
993 47 -0.0193667
994 47 0.288906
995 47 -0.05066
996 47 0.336161
997 47 -0.192709
998 47 -0.145027
1011 47 -0.203613
1012 47 -0.11852
1013 47 -0.0165709
1014 47 -0.11721
1015 47 0.0220957
1016 47 -0.927544
1056 47 -0.112054
1057 47 0.0177093
1058 47 -0.928275
1059 47 -0.204577
1060 47 -0.116949
1061 47 -0.0158407
1080 47 0.33837
1081 47 -0.189926
1082 47 -0.143553
1083 47 -0.0169423
1084 47 0.289242
1085 47 -0.0495974
6 48 0.216879
7 48 -0.0301307
8 48 -0.0226028
27 48 -0.178414
28 48 0.207313
29 48 -0.245369
45 48 -0.0381
46 48 -0.178401
47 48 0.266676
48 48 2.30889
49 48 -6.38378e-16
50 48 1.01308e-15
51 48 -0.0382864
52 48 -0.177923
53 48 0.266968
69 48 -0.178367
70 48 0.209088
71 48 -0.243892
138 48 0.2168
139 48 -0.031282
140 48 -0.0217817
996 48 0.0407186
997 48 0.05092
998 48 -0.0165449
999 48 -0.550054
1000 48 0.345975
1001 48 0.338115
1014 48 -0.655958
1015 48 -0.400197
1016 48 -0.203855
1017 48 0.0291281
1018 48 0.00269434
1019 48 -0.1182
1059 48 0.0298349
1060 48 0.00235958
1061 48 -0.11803
1062 48 -0.660563
1063 48 -0.39416
1064 48 -0.200723
1083 48 -0.553724
1084 48 0.342255
1085 48 0.335904
1086 48 0.041212
1087 48 0.0505576
1088 48 -0.0164341
6 49 -0.0304315
7 49 -0.205635
8 49 -0.312653
27 49 0.208378
28 49 0.110346
29 49 0.127865
45 49 -0.179546
46 49 0.0944628
47 49 0.183835
48 49 -4.996e-16
49 49 2.30889
50 49 9.4369e-16
51 49 -0.176264
52 49 0.0971516
53 49 0.185601
69 49 0.208439
70 49 0.10937
71 49 0.128601
138 49 -0.030336
139 49 -0.205438
140 49 -0.312792
996 49 0.0538769
997 49 -0.844253
998 49 0.290664
999 49 0.343695
1000 49 -0.156424
1001 49 -0.195809
1014 49 -0.396975
1015 49 -0.183223
1016 49 -0.115546
1017 49 0.00270342
1018 49 0.0433118
1019 49 0.0211011
1059 49 0.00236184
1060 49 0.0434097
1061 49 0.0209403
1062 49 -0.399133
1063 49 -0.179543
1064 49 -0.113876
1083 49 0.345638
1084 49 -0.154167
1085 49 -0.194172
1086 49 0.0457009
1087 49 -0.846125
1088 49 0.286593
6 50 -0.021994
7 50 -0.312789
8 50 -0.011244
27 50 -0.244541
28 50 0.128332
29 50 0.068068
45 50 0.265546
46 50 0.186611
47 50 -0.0563696
48 50 9.02056e-16
49 50 8.46545e-16
50 50 2.30889
51 50 0.26786
52 50 0.182485
53 50 -0.0588749
69 50 -0.244481
70 50 0.127951
71 50 0.0689957
138 50 -0.0236151
139 50 -0.312666
140 50 -0.0113662
996 50 -0.0176399
997 50 0.288767
998 50 -0.0507068
999 50 0.336478
1000 50 -0.1959
1001 50 -0.147766
1014 50 -0.202073
1015 50 -0.115666
1016 50 -0.0150601
1017 50 -0.120528
1018 50 0.0228036
1019 50 -0.926684
1059 50 -0.114984
1060 50 0.0184563
1061 50 -0.927485
1062 50 -0.203294
1063 50 -0.113625
1064 50 -0.0141248
1083 50 0.338264
1084 50 -0.193879
1085 50 -0.146348
1086 50 -0.0146966
1087 50 0.289173
1088 50 -0.0493173
9 51 0.216155
10 51 -0.0348136
11 51 -0.026345
30 51 -0.177807
31 51 0.210609
32 51 -0.242862
48 51 -0.0382864
49 51 -0.176264
50 51 0.26786
51 51 2.30889
52 51 -1.20043e-15
53 51 2.63678e-16
54 51 -0.0380206
55 51 -0.175787
56 51 0.268211
72 51 -0.17794
73 51 0.212577
74 51 -0.241043
141 51 0.215838
142 51 -0.0371675
143 51 -0.0257205
999 51 0.0412162
1000 51 0.0459772
1001 51 -0.0148178
1002 51 -0.540777
1003 51 0.347455
1004 51 0.33919
1017 51 -0.663357
1018 51 -0.398209
1019 51 -0.202422
1020 51 0.0276348
1021 51 0.00308711
1022 51 -0.123768
1062 51 0.0285784
1063 51 0.00256997
1064 51 -0.123565
1065 51 -0.669932
1066 51 -0.389428
1067 51 -0.197801
1086 51 -0.544118
1087 51 0.344782
1088 51 0.336563
1089 51 0.0418157
1090 51 0.0454252
1091 51 -0.0148405
9 52 -0.0351127
10 52 -0.205017
11 52 -0.312304
30 52 0.211435
31 52 0.106826
32 52 0.128664
48 52 -0.177923
49 52 0.0971516
50 52 0.182485
51 52 -1.17961e-15
52 52 2.30889
53 52 1.22125e-15
54 52 -0.173886
55 52 0.100112
56 52 0.184763
72 52 0.211478
73 52 0.105791
74 52 0.129445
141 52 -0.0364328
142 52 -0.204531
143 52 -0.312472
999 52 0.050102
1000 52 -0.845009
1001 52 0.290637
1002 52 0.345347
1003 52 -0.161454
1004 52 -0.200476
1017 52 -0.393384
1018 52 -0.177709
1019 52 -0.112562
1020 52 0.00298059
1021 52 0.0432392
1022 52 0.0224189
1062 52 0.00268878
1063 52 0.0433545
1064 52 0.0222324
1065 52 -0.396422
1066 52 -0.172485
1067 52 -0.110004
1086 52 0.347207
1087 52 -0.159808
1088 52 -0.198574
1089 52 0.0390905
1090 52 -0.847218
1091 52 0.285856
9 53 -0.0251729
10 53 -0.312538
11 53 -0.0111387
30 53 -0.24193
31 53 0.129125
32 53 0.0709801
48 53 0.266968
49 53 0.185601
50 53 -0.0588749
51 53 1.52656e-16
52 53 1.11716e-15
53 53 2.30889
54 53 0.269433
55 53 0.180928
56 53 -0.0621057
72 53 -0.241915
73 53 0.128506
74 53 0.0721462
141 53 -0.0285556
142 53 -0.312241
143 53 -0.0113123
999 53 -0.0164631
1000 53 0.28823
1001 53 -0.0504422
1002 53 0.337493
1003 53 -0.200496
1004 53 -0.152014
1017 53 -0.199027
1018 53 -0.112114
1019 53 -0.0131624
1020 53 -0.126611
1021 53 0.0245696
1022 53 -0.925115
1062 53 -0.119551
1063 53 0.0197743
1064 53 -0.926169
1065 53 -0.200651
1066 53 -0.109336
1067 53 -0.0117998
1086 53 0.339104
1087 53 -0.199051
1088 53 -0.150315
1089 53 -0.0123978
1090 53 0.288713
1091 53 -0.048817
33 54 -0.111109
34 54 0.229613
35 54 -0.167969
51 54 -0.0380206
52 54 -0.173886
53 54 0.269433
54 54 1.76911
55 54 0.0666783
56 54 -0.0254734
57 54 0.00452402
58 54 -0.110605
59 54 0.256527
75 54 -0.111857
76 54 0.115966
77 54 -0.240601
144 54 0.214627
145 54 -0.043423
146 54 -0.0304743
1002 54 0.0214211
1003 54 -0.0391592
1004 54 -0.00795092
1005 54 -0.211825
1006 54 0.222548
1007 54 0.192015
1020 54 -0.335396
1021 54 -0.262046
1022 54 -0.209039
1023 54 -0.0272092
1024 54 -0.00828708
1025 54 -0.0380186
1065 54 0.0270429
1066 54 0.00295805
1067 54 -0.129565
1068 54 -0.679467
1069 54 -0.386158
1070 54 -0.195317
1089 54 -0.532294
1090 54 0.347049
1091 54 0.337994
1092 54 0.0423773
1093 54 0.03849
1094 54 -0.0126273
33 55 0.115032
34 55 0.0509093
35 55 0.00150715
51 55 -0.175787
52 55 0.100112
53 55 0.180928
54 55 0.0666783
55 55 1.59984
56 55 -0.216593
57 55 -0.191568
58 55 0.0521681
59 55 0.168594
75 55 0.230288
76 55 0.050166
77 55 0.110713
144 55 -0.0428876
145 55 -0.203396
146 55 -0.312054
1002 55 0.0816583
1003 55 -0.422819
1004 55 0.0121967
1005 55 0.0245235
1006 55 -0.0219167
1007 55 -0.00326106
1020 55 -0.129717
1021 55 -0.0847555
1022 55 -0.125017
1023 55 0.0254681
1024 55 0.0481726
1025 55 0.182681
1065 55 0.00302336
1066 55 0.0432745
1067 55 0.0238025
1068 55 -0.391645
1069 55 -0.165292
1070 55 -0.105871
1089 55 0.349233
1090 55 -0.166574
1091 55 -0.204719
1092 55 0.0331444
1093 55 -0.847731
1094 55 0.286697
33 56 -0.241183
34 56 0.11141
35 56 0.0598835
51 56 0.268211
52 56 0.184763
53 56 -0.0621057
54 56 -0.0254734
55 56 -0.216593
56 56 1.56447
57 56 0.182548
58 56 0.0305144
59 56 -0.0558195
75 56 -0.167034
76 56 0.00161987
77 56 0.0609561
144 56 -0.0332495
145 56 -0.311718
146 56 -0.011235
1002 56 -0.00669132
1003 56 0.27682
1004 56 -0.02518
1005 56 0.0438968
1006 56 -0.0299119
1007 56 -0.0501474
1020 56 0.0106895
1021 56 0.0179945
1022 56 -0.00484325
1023 56 -0.0396402
1024 56 -0.062543
1025 56 -0.305969
1065 56 -0.125301
1066 56 0.0216886
1067 56 -0.924553
1068 56 -0.197293
1069 56 -0.105225
1070 56 -0.00947065
1089 56 0.339504
1090 56 -0.204693
1091 56 -0.155377
1092 56 -0.0104645
1093 56 0.288216
1094 56 -0.048876
36 57 -0.0881687
37 57 0.114617
38 57 -0.0119252
54 57 0.00452402
55 57 -0.191568
56 57 0.182548
57 57 1.09239
58 57 -0.0951794
59 57 0.00525189
78 57 -0.0880572
79 57 0.10336
80 57 -0.225127
147 57 0.213656
148 57 -0.0475437
149 57 -0.0340538
1005 57 -0.021663
1006 57 0.0358922
1007 57 0.00104831
1023 57 -0.263141
1024 57 -0.220328
1025 57 -0.133375
1068 57 0.0257647
1069 57 0.00324806
1070 57 -0.133527
1071 57 -0.342579
1072 57 -0.127516
1073 57 0.0127437
1092 57 -0.523254
1093 57 0.349989
1094 57 0.33897
1095 57 0.0217054
1096 57 0.075055
1097 57 -0.00271017
36 58 0.102888
37 58 0.0496801
38 58 0.0029747
54 58 -0.110605
55 58 0.0521681
56 58 0.0305144
57 58 -0.0951794
58 58 0.985043
59 58 0.00899119
78 58 0.114863
79 58 0.0492512
80 58 0.127706
147 58 -0.0477247
148 58 -0.202478
149 58 -0.311753
1005 58 0.00301712
1006 58 -0.248564
1007 58 0.0257433
1023 58 -0.023008
1024 58 -0.0203519
1025 58 0.00426
1068 58 0.00333352
1069 58 0.0432075
1070 58 0.0246619
1071 58 -0.258241
1072 58 -0.0796585
1073 58 0.0191987
1092 58 0.34998
1093 58 -0.172199
1094 58 -0.209084
1095 58 -0.0429529
1096 58 -0.423977
1097 58 0.276496
36 59 -0.225569
37 59 0.127441
38 59 0.0378608
54 59 0.256527
55 59 0.168594
56 59 -0.0558195
57 59 0.00525189
58 59 0.00899119
59 59 1.14749
78 59 -0.0115563
79 59 0.00279945
80 59 0.0385101
147 59 -0.0363505
148 59 -0.311265
149 59 -0.0111762
1005 59 0.0016481
1006 59 0.270643
1007 59 -0.0151955
1023 59 0.0148705
1024 59 0.0305844
1025 59 -0.000887684
1068 59 -0.130671
1069 59 0.0235316
1070 59 -0.923215
1071 59 -0.20755
1072 59 -0.121157
1073 59 -0.00388375
1092 59 0.338933
1093 59 -0.209311
1094 59 -0.158795
1095 59 -0.00822325
1096 59 0.0109812
1097 59 -0.0245888
39 60 -0.0904661
40 60 0.209
41 60 -0.156402
60 60 0.837246
61 60 0.269498
62 60 0.138227
63 60 -0.0188673
64 60 -0.100888
65 60 0.23682
156 60 0.10944
157 60 -0.108698
158 60 -0.0805714
1008 60 -0.226224
1009 60 0.21516
1010 60 0.188361
1074 60 0.0170732
1075 60 0.0402678
1076 60 -0.185303
1077 60 -0.640157
1078 60 -0.404021
1079 60 -0.207384
1098 60 0.0427029
1099 60 -0.121242
1100 60 0.066108
39 61 -0.00705653
40 61 0.05819
41 61 0.0115335
60 61 0.269498
61 61 0.540669
62 61 0.0817124
63 61 -0.0814308
64 61 0.0447713
65 61 0.158794
156 61 0.0894494
157 61 -0.102824
158 61 -0.169962
1008 61 0.0176088
1009 61 -0.0135754
1010 61 0.00377402
1074 61 0.0218914
1075 61 -0.000550938
1076 61 -0.0894972
1077 61 -0.4043
1078 61 -0.195014
1079 61 -0.12263
1098 61 0.0943232
1099 61 -0.301053
1100 61 0.126316
39 62 -0.0930708
40 62 0.114489
41 62 0.0317282
60 62 0.138227
61 62 0.0817124
62 62 0.423266
63 62 0.0268033
64 62 0.0286143
65 62 -0.0258125
156 62 0.0663493
157 62 -0.143144
158 62 -0.00590419
1008 62 0.04104
1009 62 -0.0232335
1010 62 -0.0448592
1074 62 0.0253164
1075 62 0.0399294
1076 62 -0.3012
1077 62 -0.207398
1078 62 -0.122468
1079 62 -0.0190772
1098 62 0.00324133
1099 62 0.023717
1100 62 -0.0272816
42 63 -0.11396
43 63 0.222003
44 63 -0.17083
60 63 -0.0188673
61 63 -0.0814308
62 63 0.0268033
63 63 1.08838
64 63 0.097077
65 63 0.00889803
66 63 -0.0186572
67 63 -0.1009
68 63 0.237216
159 63 0.21797
160 63 -0.0218857
161 63 -0.015276
1008 63 -0.0232132
1009 63 0.0375945
1010 63 6.35842e-06
1011 63 -0.223887
1012 63 0.216328
1013 63 0.189523
1077 63 0.0315577
1078 63 0.00231367
1079 63 -0.110029
1080 63 -0.644484
1081 63 -0.400987
1082 63 -0.206596
1098 63 -0.283627
1099 63 0.0902806
1100 63 0.0567815
1101 63 0.0196477
1102 63 -0.0589668
1103 63 -0.01548
42 64 0.109953
43 64 0.0616361
44 64 -0.00175503
60 64 -0.100888
61 64 0.0447713
62 64 0.0286143
63 64 0.097077
64 64 0.989885
65 64 -0.0144917
66 64 -0.0803505
67 64 0.0453854
68 64 0.158544
159 64 -0.0206467
160 64 -0.204766
161 64 -0.313803
1008 64 0.0107515
1009 64 -0.247372
1010 64 0.0253299
1011 64 0.0181752
1012 64 -0.0143174
1013 64 0.00315995
1077 64 0.0022891
1078 64 0.0433758
1079 64 0.0214899
1080 64 -0.40345
1081 64 -0.191235
1082 64 -0.121141
1098 64 0.249592
1099 64 -0.0725839
1100 64 -0.0430878
1101 64 0.117584
1102 64 -0.423349
1103 64 0.257544
42 65 -0.248126
43 65 0.107963
44 65 0.052009
60 65 0.23682
61 65 0.158794
62 65 -0.0258125
63 65 0.00889803
64 65 -0.0144917
65 65 1.14666
66 65 0.0268015
67 65 0.0286783
68 65 -0.0260531
159 65 -0.0162096
160 65 -0.313653
161 65 -0.0132063
1008 65 -0.00860692
1009 65 0.271123
1010 65 -0.0145489
1011 65 0.0410499
1012 65 -0.0238023
1013 65 -0.0453554
1077 65 -0.108326
1078 65 0.0195464
1079 65 -0.929178
1080 65 -0.207667
1081 65 -0.120941
1082 65 -0.0185251
1098 65 0.279572
1099 65 -0.143607
1100 65 -0.070232
1101 65 -0.00407211
1102 65 0.0292594
1103 65 -0.0245395
45 66 -0.179524
46 66 0.205815
47 66 -0.246227
63 66 -0.0186572
64 66 -0.0803505
65 66 0.0268015
66 66 1.25259
67 66 -0.0369982
68 66 -0.0593732
69 66 -0.0383408
70 66 -0.180229
71 66 0.265263
162 66 0.217507
163 66 -0.0261911
164 66 -0.0183665
1011 66 0.0196887
1012 66 0.117735
1013 66 -0.00426381
1014 66 -0.334622
1015 66 0.323185
1016 66 0.296522
1026 66 0.0166708
1027 66 0.0209025
1028 66 0.0232969
1080 66 0.0307689
1081 66 0.00269156
1082 66 -0.114322
1083 66 -0.652384
1084 66 -0.39738
1085 66 -0.205056
1101 66 -0.280156
1102 66 0.0900301
1103 66 0.0567635
1104 66 -0.00315401
1105 66 -0.036877
1106 66 -0.0211795
45 67 0.206797
46 67 0.112248
47 67 0.127079
63 67 -0.1009
64 67 0.0453854
65 67 0.0286783
66 67 -0.0369982
67 67 1.30609
68 67 -0.0547122
69 67 -0.179409
70 67 0.0934033
71 67 0.186744
162 67 -0.0246576
163 67 -0.20348
164 67 -0.313934
1011 67 -0.060175
1012 67 -0.42335
1013 67 0.0296976
1014 67 0.123762
1015 67 -0.13422
1016 67 -0.166628
1026 67 0.041293
1027 67 -0.00108527
1028 67 0.0405648
1080 67 0.00252242
1081 67 0.0432866
1082 67 0.0235879
1083 67 -0.400728
1084 67 -0.184924
1085 67 -0.118133
1101 67 0.25082
1102 67 -0.0738543
1103 67 -0.0439165
1104 67 0.177834
1105 67 -0.546727
1106 67 0.261924
45 68 -0.245652
46 68 0.127532
47 68 0.0672757
63 68 0.237216
64 68 0.158544
65 68 -0.0260531
66 68 -0.0593732
67 68 -0.0547122
68 68 1.52049
69 68 0.265951
70 68 0.184396
71 68 -0.0550654
162 68 -0.0193996
163 68 -0.313677
164 68 -0.0140296
1011 68 -0.0148955
1012 68 0.257166
1013 68 -0.0245992
1014 68 0.147377
1015 68 -0.193895
1016 68 -0.0995966
1026 68 -0.189615
1027 68 -0.0865045
1028 68 -0.299416
1080 68 -0.110871
1081 68 0.0214622
1082 68 -0.928295
1083 68 -0.206221
1084 68 -0.117606
1085 68 -0.0169329
1101 68 0.280594
1102 68 -0.145031
1103 68 -0.0712821
1104 68 -0.083943
1105 68 0.162001
1106 68 -0.0207085
12 69 0.216842
13 69 -0.0302061
14 69 -0.0226502
48 69 -0.178367
49 69 0.208439
50 69 -0.244481
66 69 -0.0383408
67 69 -0.179409
68 69 0.265951
69 69 2.30889
70 69 1.36696e-15
71 69 8.32667e-17
72 69 -0.0383943
73 69 -0.179171
74 69 0.266104
81 69 -0.177841
82 69 0.20881
83 69 -0.244548
165 69 0.216829
166 69 -0.0309939
167 69 -0.0216888
1014 69 0.0406914
1015 69 0.0513153
1016 69 -0.0165123
1017 69 -0.550211
1018 69 0.345188
1019 69 0.339351
1026 69 -0.656825
1027 69 -0.398463
1028 69 -0.203357
1029 69 0.0295049
1030 69 0.00267429
1031 69 -0.117876
1083 69 0.0298999
1084 69 0.00288069
1085 69 -0.117772
1086 69 -0.660432
1087 69 -0.39287
1088 69 -0.202556
1104 69 -0.554196
1105 69 0.341579
1106 69 0.336508
1107 69 0.0411695
1108 69 0.0509884
1109 69 -0.0163389
12 70 -0.0308152
13 70 -0.204902
14 70 -0.312524
48 70 0.209088
49 70 0.10937
50 70 0.127951
66 70 -0.180229
67 70 0.0934033
68 70 0.184396
69 70 1.25941e-15
70 70 2.30889
71 70 -1.04777e-15
72 70 -0.177125
73 70 0.0957445
74 70 0.186195
81 70 0.20871
82 70 0.109229
83 70 0.128687
165 70 -0.0300284
166 70 -0.20291
167 70 -0.313898
1014 70 0.0540404
1015 70 -0.846039
1016 70 0.287712
1017 70 0.342496
1018 70 -0.155219
1019 70 -0.195716
1026 70 -0.397289
1027 70 -0.182137
1028 70 -0.115327
1029 70 0.00285948
1030 70 0.0432729
1031 70 0.0234901
1083 70 0.00268457
1084 70 0.0432507
1085 70 0.0235515
1086 70 -0.398971
1087 70 -0.178763
1088 70 -0.114796
1104 70 0.34459
1105 70 -0.153022
1106 70 -0.19376
1107 70 0.0461429
1108 70 -0.847799
1109 70 0.28388
12 71 -0.0223921
13 71 -0.313321
14 71 -0.0119385
48 71 -0.243892
49 71 0.128601
50 71 0.0689957
66 71 0.265263
67 71 0.186744
68 71 -0.0550654
69 71 -1.38778e-17
70 71 -1.00614e-15
71 71 2.30889
72 71 0.267378
73 71 0.182998
74 71 -0.0573652
81 71 -0.244128
82 71 0.128359
83 71 0.0686119
165 71 -0.0236524
166 71 -0.313146
167 71 -0.0139232
1014 71 -0.0174915
1015 71 0.286716
1016 71 -0.0488956
1017 71 0.337172
1018 71 -0.195877
1019 71 -0.148812
1026 71 -0.203592
1027 71 -0.115772
1028 71 -0.0152844
1029 71 -0.117798
1030 71 0.0221019
1031 71 -0.927025
1083 71 -0.11469
1084 71 0.0229589
1085 71 -0.927394
1086 71 -0.204565
1087 71 -0.114076
1088 71 -0.0150302
1104 71 0.339122
1105 71 -0.193852
1106 71 -0.147022
1107 71 -0.014752
1108 71 0.287088
1109 71 -0.0475987
51 72 -0.17794
52 72 0.211478
53 72 -0.241915
69 72 -0.0383943
70 72 -0.177125
71 72 0.267378
72 72 1.48177
73 72 0.0957744
74 72 -0.0314314
75 72 -0.0181486
76 72 -0.0990427
77 72 0.240474
168 72 0.215793
169 72 -0.0370935
170 72 -0.0260086
1017 72 0.0634722
1018 72 0.0405785
1019 72 -0.0127233
1020 72 -0.269927
1021 72 0.253371
1022 72 0.280242
1029 72 -0.213582
1030 72 -0.0934097
1031 72 -0.219287
1086 72 0.0286475
1087 72 0.00313743
1088 72 -0.123002
1089 72 -0.67024
1090 72 -0.388048
1091 72 -0.198558
1107 72 -0.392334
1108 72 0.259689
1109 72 0.076588
1110 72 0.0198072
1111 72 -0.0681398
1112 72 -0.0109527
51 73 0.212577
52 73 0.105791
53 73 0.128506
69 73 -0.179171
70 73 0.0957445
71 73 0.182998
72 73 0.0957744
73 73 1.37992
74 73 -0.00762554
75 73 -0.0758388
76 73 0.0494832
77 73 0.155008
168 73 -0.0367584
169 73 -0.201302
170 73 -0.313592
1017 73 0.0123039
1018 73 -0.599202
1019 73 0.0167524
1020 73 0.0916611
1021 73 -0.0798479
1022 73 -0.151063
1029 73 -0.111217
1030 73 -0.0757654
1031 73 -0.130648
1086 73 0.00322071
1087 73 0.0431413
1088 73 0.0263901
1089 73 -0.395953
