0 0 0.932842
1 0 -0.208283
2 0 0.0400501
15 0 -0.0549508
16 0 0.62485
17 0 -0.12015
195 0 0.0138132
196 0 -0.0125301
197 0 -0.0235876
198 0 0.0382854
199 0 0.0553811
200 0 0.125371
201 0 -0.280266
202 0 -0.231682
203 0 -0.408809
204 0 -0.49453
205 0 -0.227736
206 0 0.387126
0 1 -0.208283
1 1 1.03247
2 1 -0.0507585
15 1 0.62485
16 1 -0.353845
17 1 0.152276
195 1 -0.394516
196 1 -0.314122
197 1 0.382999
198 1 -0.251636
199 1 -0.375031
200 1 -0.491008
201 1 0.0753351
202 1 0.0860628
203 1 0.167294
204 1 0.15425
205 1 0.0796549
206 1 -0.160802
0 2 0.0400501
1 2 -0.0507585
2 2 0.77826
15 2 -0.12015
16 2 0.152276
17 2 0.408796
195 2 0.214011
196 2 0.174962
197 2 -0.26919
198 2 -0.0775398
199 2 -0.159024
200 2 -0.232754
201 2 -0.205898
202 2 -0.16469
203 2 -0.375295
204 2 0.149527
205 2 0.0472348
206 2 -0.154624
3 3 1.9219
4 3 -0.134797
5 3 -0.496603
6 3 0.19849
7 3 0.0131638
8 3 0.360376
12 3 -0.171014
13 3 -0.516582
14 3 -0.181501
33 3 -0.0274754
34 3 0.503418
35 3 -0.178874
195 3 0.0138132
196 3 -0.394516
197 3 0.214011
207 3 0.0861317
208 3 0.310479
209 3 0.149292
213 3 -0.355588
214 3 0.0166383
215 3 -0.611605
216 3 -1.51107
217 3 0.202196
218 3 0.744905
3 4 -0.134797
4 4 0.873164
5 4 0.0628086
6 4 -0.00166265
7 4 0.217429
8 4 -0.0596447
12 4 -0.11977
13 4 -0.0405063
14 4 -0.120511
33 4 0.121432
34 4 -0.176922
35 4 0.180156
195 4 -0.0125301
196 4 -0.314122
197 4 0.174962
207 4 -0.0863332
208 4 -0.420503
209 4 -0.208573
213 4 0.0314647
214 4 -0.0453876
215 4 0.065015
216 4 0.202196
217 4 0.0620422
218 4 -0.0942129
3 5 -0.496603
4 5 0.0628086
5 5 1.08751
6 5 -0.131926
7 5 -0.00428845
8 5 -0.415918
12 5 0.0732024
13 5 0.0321691
14 5 0.211521
33 5 0.058724
34 5 -0.0278806
35 5 0.204398
195 5 -0.0235876
196 5 0.382999
197 5 -0.26919
207 5 -0.105412
208 5 -0.361253
209 5 -0.235128
213 5 -0.119302
214 5 0.00965879
215 5 -0.168523
216 5 0.744905
217 5 -0.0942129
218 5 -0.259473
3 6 0.19849
4 6 -0.00166265
5 6 -0.131926
6 6 2.38392
7 6 -0.0486003
8 6 0.00146368
9 6 0.19849
10 6 0.0131638
11 6 0.360376
15 6 -0.342029
16 6 -0.636352
17 6 -0.108299
36 6 -0.102797
37 6 0.586901
38 6 -0.126847
195 6 0.0436905
196 6 -0.253061
197 6 -0.104232
198 6 0.00698207
199 6 -0.403741
200 6 0.248863
207 6 0.0616595
208 6 0.152772
209 6 -0.0514593
210 6 0.0861317
211 6 0.310479
212 6 0.149292
216 6 -0.868274
217 6 0.0779051
218 6 -0.982136
219 6 -1.51107
220 6 0.202196
221 6 0.744905
3 7 0.0131638
4 7 0.217429
5 7 -0.00428845
6 7 -0.0486003
7 7 1.95716
8 7 0.013017
9 7 -0.00166265
10 7 0.217429
11 7 -0.0596447
15 7 -0.636352
16 7 -0.0810126
17 7 -0.0883424
36 7 0.242399
37 7 -0.308373
38 7 0.0811857
195 7 0.271104
196 7 -0.651007
197 7 -0.389136
198 7 0.105597
199 7 -0.559645
200 7 0.489181
207 7 -0.139418
208 7 -0.359594
209 7 0.180769
210 7 -0.0863332
211 7 -0.420503
212 7 -0.208573
216 7 0.0779051
217 7 0.0812659
218 7 0.0800442
219 7 0.202196
220 7 0.0620422
221 7 -0.0942129
3 8 0.360376
4 8 -0.0596447
5 8 -0.415918
6 8 0.00146368
7 8 0.013017
8 8 2.38899
9 8 -0.131926
10 8 -0.00428845
11 8 -0.415918
15 8 -0.108299
16 8 -0.0883424
17 8 0.423041
36 8 -0.109503
37 8 0.143159
38 8 0.41117
195 8 0.115904
196 8 -0.509774
197 8 -0.246932
198 8 -0.0233035
199 8 0.423898
200 8 -0.301586
207 8 0.237932
208 8 0.457397
209 8 -0.271564
210 8 -0.105412
211 8 -0.361253
212 8 -0.235128
216 8 -0.982136
217 8 0.0800442
218 8 -0.921488
219 8 0.744905
220 8 -0.0942129
221 8 -0.259473
6 9 0.19849
7 9 -0.00166265
8 9 -0.131926
9 9 1.49338
10 9 -0.0519367
11 9 0.654757
18 9 -0.171014
19 9 -0.464271
20 9 0.0905462
39 9 -0.0274754
40 9 0.465934
41 9 0.0413803
198 9 0.0382854
199 9 -0.251636
200 9 -0.0775398
210 9 0.0616595
211 9 0.152772
212 9 -0.0514593
219 9 -0.868274
220 9 0.0779051
221 9 -0.982136
222 9 -0.569852
223 9 0.0728949
224 9 0.456378
6 10 0.0131638
7 10 0.217429
8 10 -0.00428845
9 10 -0.0519367
10 10 0.860348
11 10 -0.0533628
18 10 -0.172081
19 10 -0.0405063
20 10 0.0941427
39 10 0.158917
40 10 -0.176922
41 10 -0.0898543
198 10 0.0553811
199 10 -0.375031
200 10 -0.159024
210 10 -0.139418
211 10 -0.359594
212 10 0.180769
219 10 0.0779051
220 10 0.0812659
221 10 0.0800442
222 10 0.0580684
223 10 -0.0517955
224 10 -0.0484269
6 11 0.360376
7 11 -0.0596447
8 11 -0.415918
9 11 0.654757
10 11 -0.0533628
11 11 1.52885
18 11 -0.198845
19 11 -0.182485
20 11 0.211521
39 11 -0.16153
40 11 0.24213
41 11 0.204398
198 11 0.125371
199 11 -0.491008
200 11 -0.232754
210 11 0.237932
211 11 0.457397
212 11 -0.271564
219 11 -0.982136
220 11 0.0800442
221 11 -0.921488
222 11 -0.0359244
223 11 0.00692934
224 11 0.0521485
3 12 -0.171014
4 12 -0.11977
5 12 0.0732024
12 12 2.43319
13 12 2.91434e-16
14 12 -2.77556e-16
15 12 0.396979
16 12 0.0115012
17 12 0.228449
21 12 -0.171014
22 12 -0.516582
23 12 -0.181501
48 12 -0.0549508
49 12 0.62485
50 12 -0.12015
195 12 -0.434137
196 12 0.110042
197 12 -0.262201
201 12 0.00698207
202 12 -0.276388
203 12 0.214295
213 12 0.00698207
214 12 -0.0217554
215 12 0.0112649
216 12 0.0873809
217 12 0.0180433
218 12 0.0116717
225 12 -0.434137
226 12 -0.0321372
227 12 -0.719935
228 12 -1.51107
229 12 0.202196
230 12 0.744905
3 13 -0.516582
4 13 -0.0405063
5 13 0.0321691
12 13 2.77556e-16
13 13 2.43319
14 13 -2.77556e-16
15 13 0.0115012
16 13 0.434857
17 13 -0.0639331
21 13 -0.11977
22 13 -0.0405063
23 13 -0.120511
48 13 0.62485
49 13 -0.353845
50 13 0.152276
195 13 -0.0321372
196 13 0.040633
197 13 -0.124316
201 13 -0.0217554
202 13 -0.559645
203 13 0.215862
213 13 -0.276388
214 13 -0.559645
215 13 0.697217
216 13 0.0180433
217 13 -1.30201
218 13 -0.89891
225 13 0.110042
226 13 0.040633
227 13 0.20436
228 13 0.202196
229 13 0.0620422
230 13 -0.0942129
3 14 -0.181501
4 14 -0.120511
5 14 0.211521
12 14 -2.63678e-16
13 14 -1.66533e-16
14 14 2.43319
15 14 0.228449
16 14 -0.0639331
17 14 -0.831837
21 14 0.0732024
22 14 0.0321691
23 14 0.211521
48 14 -0.12015
49 14 0.152276
50 14 0.408796
195 14 -0.719935
196 14 0.20436
197 14 -0.460744
201 14 0.0112649
202 14 0.697217
203 14 -0.301586
213 14 0.214295
214 14 0.215862
215 14 -0.301586
216 14 0.0116717
217 14 -0.89891
218 14 -0.493863
225 14 -0.262201
226 14 -0.124316
227 14 -0.460744
228 14 0.744905
229 14 -0.0942129
230 14 -0.259473
0 15 -0.0549508
1 15 0.62485
2 15 -0.12015
6 15 -0.342029
7 15 -0.636352
8 15 -0.108299
12 15 0.396979
13 15 0.0115012
14 15 0.228449
15 15 4.71118
16 15 5.96745e-16
17 15 -1.94289e-16
18 15 0.396979
19 15 0.0115012
20 15 0.228449
24 15 -0.342029
25 15 -0.636352
26 15 -0.108299
51 15 -0.0549508
52 15 0.62485
53 15 -0.12015
195 15 -1.51107
196 15 0.202196
197 15 0.744905
198 15 -0.868274
199 15 0.0779051
200 15 -0.982136
201 15 0.0873809
202 15 0.0180433
203 15 0.0116717
204 15 0.0139641
205 15 -0.298144
206 15 0.22556
216 15 0.0139641
217 15 -0.298144
218 15 0.22556
219 15 0.0873809
220 15 0.0180433
221 15 0.0116717
228 15 -0.868274
229 15 0.0779051
230 15 -0.982136
231 15 -1.51107
232 15 0.202196
233 15 0.744905
0 16 0.62485
1 16 -0.353845
2 16 0.152276
6 16 -0.636352
7 16 -0.0810126
8 16 -0.0883424
12 16 0.0115012
13 16 0.434857
14 16 -0.0639331
15 16 6.245e-16
16 16 4.71118
17 16 2.498e-16
18 16 0.0115012
19 16 0.434857
20 16 -0.0639331
24 16 -0.636352
25 16 -0.0810126
26 16 -0.0883424
51 16 0.62485
52 16 -0.353845
53 16 0.152276
195 16 0.202196
196 16 0.0620422
197 16 -0.0942129
198 16 0.0779051
199 16 0.0812659
200 16 0.0800442
201 16 0.0180433
202 16 -1.30201
203 16 -0.89891
204 16 -0.298144
205 16 -1.11929
206 16 0.913079
216 16 -0.298144
217 16 -1.11929
218 16 0.913079
219 16 0.0180433
220 16 -1.30201
221 16 -0.89891
228 16 0.0779051
229 16 0.0812659
230 16 0.0800442
231 16 0.202196
232 16 0.0620422
233 16 -0.0942129
0 17 -0.12015
1 17 0.152276
2 17 0.408796
6 17 -0.108299
7 17 -0.0883424
8 17 0.423041
12 17 0.228449
13 17 -0.0639331
14 17 -0.831837
15 17 -2.63678e-16
16 17 2.22045e-16
17 17 4.71118
18 17 0.228449
19 17 -0.0639331
20 17 -0.831837
24 17 -0.108299
25 17 -0.0883424
26 17 0.423041
51 17 -0.12015
52 17 0.152276
53 17 0.408796
195 17 0.744905
196 17 -0.0942129
197 17 -0.259473
198 17 -0.982136
199 17 0.0800442
200 17 -0.921488
201 17 0.0116717
202 17 -0.89891
203 17 -0.493863
204 17 0.22556
205 17 0.913079
206 17 -0.603171
216 17 0.22556
217 17 0.913079
218 17 -0.603171
219 17 0.0116717
220 17 -0.89891
221 17 -0.493863
228 17 -0.982136
229 17 0.0800442
230 17 -0.921488
231 17 0.744905
232 17 -0.0942129
233 17 -0.259473
9 18 -0.171014
10 18 -0.172081
11 18 -0.198845
15 18 0.396979
16 18 0.0115012
17 18 0.228449
18 18 2.43319
19 18 2.08167e-16
20 18 5.55112e-17
27 18 -0.171014
28 18 -0.464271
29 18 0.0905462
54 18 -0.0549508
55 18 0.62485
56 18 -0.12015
198 18 -0.755533
199 18 0.202259
200 18 0.134914
204 18 0.0436905
205 18 -0.0359125
206 18 -0.0870072
219 18 0.0139641
220 18 -0.298144
221 18 0.22556
222 18 0.0436905
223 18 0.0539558
224 18 0.0986789
231 18 -0.868274
232 18 0.0779051
233 18 -0.982136
234 18 -0.755533
235 18 -6.32639e-05
236 18 0.609991
9 19 -0.464271
10 19 -0.0405063
11 19 -0.182485
15 19 0.0115012
16 19 0.434857
17 19 -0.0639331
18 19 2.498e-16
19 19 2.43319
20 19 9.99201e-16
27 19 -0.172081
28 19 -0.0405063
29 19 0.0941427
54 19 0.62485
55 19 -0.353845
56 19 0.152276
198 19 -6.32639e-05
199 19 0.0310211
200 19 0.0862444
204 19 0.0539558
205 19 -0.651007
206 19 -0.17779
219 19 -0.298144
220 19 -1.11929
221 19 0.913079
222 19 -0.0359125
223 19 -0.651007
224 19 -0.72112
231 19 0.0779051
232 19 0.0812659
233 19 0.0800442
234 19 0.202259
235 19 0.0310211
236 19 -0.180457
9 20 0.0905462
10 20 0.0941427
11 20 0.211521
15 20 0.228449
16 20 -0.0639331
17 20 -0.831837
18 20 1.249e-16
19 20 9.71445e-16
20 20 2.43319
27 20 -0.198845
28 20 -0.182485
29 20 0.211521
54 20 -0.12015
55 20 0.152276
56 20 0.408796
198 20 0.609991
199 20 -0.180457
200 20 -0.129736
204 20 0.0986789
205 20 -0.72112
206 20 -0.246932
219 20 0.22556
220 20 0.913079
221 20 -0.603171
222 20 -0.0870072
223 20 -0.17779
224 20 -0.246932
231 20 -0.982136
232 20 0.0800442
233 20 -0.921488
234 20 0.134914
235 20 0.0862444
236 20 -0.129736
12 21 -0.171014
13 21 -0.11977
14 21 0.0732024
21 21 0.856272
22 21 -0.0120289
23 21 -0.00778114
24 21 0.19849
25 21 -0.0391472
26 21 0.0883281
63 21 -0.0274754
64 21 0.158917
65 21 -0.16153
201 21 -0.280266
202 21 0.0753351
203 21 -0.205898
225 21 -0.0615085
226 21 -0.0564004
227 21 0.0630082
228 21 0.0873809
229 21 0.0180433
230 21 0.0116717
237 21 -0.446684
238 21 -0.0249491
239 21 0.138999
12 22 -0.516582
13 22 -0.0405063
14 22 0.0321691
21 22 -0.0120289
22 22 1.78253
23 22 0.599273
24 22 0.0506484
25 22 0.217429
26 22 -0.274299
63 22 0.465934
64 22 -0.176922
65 22 0.24213
201 22 -0.231682
202 22 0.0860628
203 22 -0.16469
225 22 -0.146196
226 22 -0.445573
227 22 0.557347
228 22 0.0180433
229 22 -1.30201
230 22 -0.89891
237 22 0.371863
238 22 0.0341828
239 22 -0.0930209
12 23 -0.181501
13 23 -0.120511
14 23 0.211521
21 23 -0.00778114
22 23 0.599273
23 23 1.24377
24 23 0.140121
25 23 0.210366
26 23 -0.415918
63 23 0.0413803
64 23 -0.0898543
65 23 0.204398
201 23 -0.408809
202 23 0.167294
203 23 -0.375295
225 23 0.0112151
226 23 0.0726829
227 23 -0.0624176
228 23 0.0116717
229 23 -0.89891
230 23 -0.493863
237 23 0.393703
238 23 0.0596597
239 23 -0.156998
15 24 -0.342029
16 24 -0.636352
17 24 -0.108299
21 24 0.19849
22 24 0.0506484
23 24 0.140121
24 24 1.97047
25 24 0.0447666
26 24 -0.0776134
27 24 0.19849
28 24 -0.0391472
29 24 0.0883281
66 24 -0.102797
67 24 0.242399
68 24 -0.109503
201 24 -0.755533
202 24 0.381923
203 24 0.372393
204 24 -0.434137
205 24 0.27488
206 24 -0.517024
228 24 0.0139641
229 24 -0.298144
230 24 0.22556
231 24 0.0873809
232 24 0.0180433
233 24 0.0116717
237 24 -0.23242
238 24 -0.0140682
239 24 -0.164633
240 24 -0.446684
241 24 -0.0249491
242 24 0.138999
15 25 -0.636352
16 25 -0.0810126
17 25 -0.0883424
21 25 -0.0391472
22 25 0.217429
23 25 0.210366
24 25 0.0447666
25 25 2.3846
26 25 0.00829407
27 25 0.0506484
28 25 0.217429
29 25 -0.274299
66 25 0.586901
67 25 -0.308373
68 25 0.143159
201 25 -0.179727
202 25 0.0310211
203 25 0.0275795
204 25 -0.196975
205 25 0.040633
206 25 -0.127624
228 25 -0.298144
229 25 -1.11929
230 25 0.913079
231 25 0.0180433
232 25 -1.30201
233 25 -0.89891
237 25 0.278122
238 25 0.0405907
239 25 0.179719
240 25 0.371863
241 25 0.0341828
242 25 -0.0930209
15 26 -0.108299
16 26 -0.0883424
17 26 0.423041
21 26 0.0883281
22 26 -0.274299
23 26 -0.415918
24 26 -0.0776134
25 26 0.00829407
26 26 2.375
27 26 0.140121
28 26 0.210366
29 26 -0.415918
66 26 -0.126847
67 26 0.0811857
68 26 0.41117
201 26 0.372512
202 26 -0.121792
203 26 -0.129736
204 26 -0.465112
205 26 0.207668
206 26 -0.460744
228 26 0.22556
229 26 0.913079
230 26 -0.603171
231 26 0.0116717
232 26 -0.89891
233 26 -0.493863
237 26 -0.454025
238 26 -0.0969088
239 26 -0.377669
240 26 0.393703
241 26 0.0596597
242 26 -0.156998
18 27 -0.171014
19 27 -0.172081
20 27 -0.198845
24 27 0.19849
25 27 0.0506484
26 27 0.140121
27 27 0.905216
28 27 0.198763
29 27 -0.150373
69 27 -0.0274754
70 27 0.121432
71 27 0.058724
204 27 -0.49453
205 27 0.15425
206 27 0.149527
231 27 0.0139641
232 27 -0.298144
233 27 0.22556
234 27 -0.0370363
235 27 -0.0408002
236 27 -0.0600809
240 27 -0.23242
241 27 -0.0140682
242 27 -0.164633
18 28 -0.464271
19 28 -0.0405063
20 28 -0.182485
24 28 -0.0391472
25 28 0.217429
26 28 0.210366
27 28 0.198763
28 28 1.66072
29 28 -0.608719
69 28 0.503418
70 28 -0.176922
71 28 -0.0278806
204 28 -0.227736
205 28 0.0796549
206 28 0.0472348
231 28 -0.298144
232 28 -1.11929
233 28 0.913079
234 28 0.0489954
235 28 -0.506481
236 28 -0.531314
240 28 0.278122
241 28 0.0405907
242 28 0.179719
18 29 0.0905462
19 29 0.0941427
20 29 0.211521
24 29 0.0883281
25 29 -0.274299
26 29 -0.415918
27 29 -0.150373
28 29 -0.608719
29 29 1.31664
69 29 -0.178874
70 29 0.180156
71 29 0.204398
204 29 0.387126
205 29 -0.160802
206 29 -0.154624
231 29 0.22556
232 29 0.913079
233 29 -0.603171
234 29 -0.00828776
235 29 -0.0466489
236 29 -0.0259817
240 29 -0.454025
241 29 -0.0969088
242 29 -0.377669
30 30 1.9219
31 30 -0.134797
32 30 -0.496603
33 30 0.19849
34 30 0.0131638
35 30 0.360376
45 30 -0.171014
46 30 -0.516582
47 30 -0.181501
75 30 -0.0274754
76 30 0.503418
77 30 -0.178874
213 30 0.0138132
214 30 -0.394516
215 30 0.214011
243 30 0.0861317
244 30 0.310479
245 30 0.149292
249 30 -0.355588
250 30 0.0166383
251 30 -0.611605
252 30 -1.51107
253 30 0.202196
254 30 0.744905
30 31 -0.134797
31 31 0.873164
32 31 0.0628086
33 31 -0.00166265
34 31 0.217429
35 31 -0.0596447
45 31 -0.11977
46 31 -0.0405063
47 31 -0.120511
75 31 0.121432
76 31 -0.176922
77 31 0.180156
213 31 -0.0125301
214 31 -0.314122
215 31 0.174962
243 31 -0.0863332
244 31 -0.420503
245 31 -0.208573
249 31 0.0314647
250 31 -0.0453876
251 31 0.065015
252 31 0.202196
253 31 0.0620422
254 31 -0.0942129
30 32 -0.496603
31 32 0.0628086
32 32 1.08751
33 32 -0.131926
34 32 -0.00428845
35 32 -0.415918
45 32 0.0732024
46 32 0.0321691
47 32 0.211521
75 32 0.058724
76 32 -0.0278806
77 32 0.204398
213 32 -0.0235876
214 32 0.382999
215 32 -0.26919
243 32 -0.105412
244 32 -0.361253
245 32 -0.235128
249 32 -0.119302
250 32 0.00965879
251 32 -0.168523
252 32 0.744905
253 32 -0.0942129
254 32 -0.259473
3 33 -0.0274754
4 33 0.121432
5 33 0.058724
30 33 0.19849
31 33 -0.00166265
32 33 -0.131926
33 33 2.2434
34 33 0.146826
35 33 0.504384
36 33 0.19849
37 33 0.0506484
38 33 0.140121
48 33 -0.342029
49 33 -0.636352
50 33 -0.108299
78 33 -0.0274754
79 33 0.465934
80 33 0.0413803
207 33 -0.23242
208 33 -0.0140682
209 33 -0.164633
213 33 0.00124917
214 33 -0.292436
215 33 -0.137621
216 33 0.0139641
217 33 -0.298144
218 33 0.22556
243 33 0.0616595
244 33 0.152772
245 33 -0.0514593
252 33 -0.868274
253 33 0.0779051
254 33 -0.982136
255 33 -1.06438
256 33 0.227145
257 33 0.605905
3 34 0.503418
4 34 -0.176922
5 34 -0.0278806
30 34 0.0131638
31 34 0.217429
32 34 -0.00428845
33 34 0.146826
34 34 2.36587
35 34 -0.662082
36 34 -0.0391472
37 34 0.217429
38 34 0.210366
48 34 -0.636352
49 34 -0.0810126
50 34 -0.0883424
78 34 0.158917
79 34 -0.176922
80 34 -0.0898543
207 34 0.278122
208 34 0.0405907
209 34 0.179719
213 34 0.104377
214 34 -0.881511
215 34 -0.690337
216 34 -0.298144
217 34 -1.11929
218 34 0.913079
243 34 -0.139418
244 34 -0.359594
245 34 0.180769
252 34 0.0779051
253 34 0.0812659
254 34 0.0800442
255 34 -0.169668
256 34 0.0278594
257 34 -0.00119206
3 35 -0.178874
4 35 0.180156
5 35 0.204398
30 35 0.360376
31 35 -0.0596447
32 35 -0.415918
33 35 0.504384
34 35 -0.662082
35 35 2.6903
36 35 0.0883281
37 35 -0.274299
38 35 -0.415918
48 35 -0.108299
49 35 -0.0883424
50 35 0.423041
78 35 -0.16153
79 35 0.24213
80 35 0.204398
207 35 -0.454025
208 35 -0.0969088
209 35 -0.377669
213 35 0.117083
214 35 -0.537657
215 35 -0.258735
216 35 0.22556
217 35 0.913079
218 35 -0.603171
243 35 0.237932
244 35 0.457397
245 35 -0.271564
252 35 -0.982136
253 35 0.0800442
254 35 -0.921488
255 35 0.351201
256 35 -0.153873
257 35 -0.102475
6 36 -0.102797
7 36 0.242399
8 36 -0.109503
33 36 0.19849
34 36 -0.0391472
35 36 0.0883281
36 36 1.97047
37 36 0.0447666
38 36 -0.0776134
39 36 0.19849
40 36 0.0506484
41 36 0.140121
51 36 -0.342029
52 36 -0.636352
53 36 -0.108299
207 36 -0.446684
208 36 -0.0249491
209 36 0.138999
210 36 -0.23242
211 36 -0.0140682
212 36 -0.164633
216 36 0.0873809
217 36 0.0180433
218 36 0.0116717
219 36 0.0139641
220 36 -0.298144
221 36 0.22556
255 36 -0.434137
256 36 0.27488
257 36 -0.517024
258 36 -0.755533
259 36 0.381923
260 36 0.372393
6 37 0.586901
7 37 -0.308373
8 37 0.143159
33 37 0.0506484
34 37 0.217429
35 37 -0.274299
36 37 0.0447666
37 37 2.3846
38 37 0.00829407
39 37 -0.0391472
40 37 0.217429
41 37 0.210366
51 37 -0.636352
52 37 -0.0810126
53 37 -0.0883424
207 37 0.371863
208 37 0.0341828
209 37 -0.0930209
210 37 0.278122
211 37 0.0405907
212 37 0.179719
216 37 0.0180433
217 37 -1.30201
218 37 -0.89891
219 37 -0.298144
220 37 -1.11929
221 37 0.913079
255 37 -0.196975
256 37 0.040633
257 37 -0.127624
258 37 -0.179727
259 37 0.0310211
260 37 0.0275795
6 38 -0.126847
7 38 0.0811857
8 38 0.41117
33 38 0.140121
34 38 0.210366
35 38 -0.415918
36 38 -0.0776134
37 38 0.00829407
38 38 2.375
39 38 0.0883281
40 38 -0.274299
41 38 -0.415918
51 38 -0.108299
52 38 -0.0883424
53 38 0.423041
207 38 0.393703
208 38 0.0596597
209 38 -0.156998
210 38 -0.454025
211 38 -0.0969088
212 38 -0.377669
216 38 0.0116717
217 38 -0.89891
218 38 -0.493863
219 38 0.22556
220 38 0.913079
221 38 -0.603171
255 38 -0.465112
256 38 0.207668
257 38 -0.460744
258 38 0.372512
259 38 -0.121792
260 38 -0.129736
9 39 -0.0274754
10 39 0.158917
11 39 -0.16153
36 39 0.19849
37 39 -0.0391472
38 39 0.0883281
39 39 2.62298
40 39 -0.146826
41 39 -0.504384
42 39 0.19849
43 39 0.0131638
44 39 0.360376
54 39 -0.342029
55 39 -0.636352
56 39 -0.108299
81 39 -0.0274754
82 39 0.503418
83 39 -0.178874
210 39 -0.446684
211 39 -0.0249491
212 39 0.138999
219 39 0.0873809
220 39 0.0180433
221 39 0.0116717
222 39 -0.0476953
223 39 -0.450916
224 39 0.277019
246 39 0.0861317
247 39 0.310479
248 39 0.149292
258 39 -0.635854
259 39 0.0919733
260 39 -0.817503
261 39 -1.51107
262 39 0.202196
263 39 0.744905
9 40 0.465934
10 40 -0.176922
11 40 0.24213
36 40 0.0506484
37 40 0.217429
38 40 -0.274299
39 40 -0.146826
40 40 2.50051
41 40 0.662082
42 40 -0.00166265
43 40 0.217429
44 40 -0.0596447
54 40 -0.636352
55 40 -0.0810126
56 40 -0.0883424
81 40 0.121432
82 40 -0.176922
83 40 0.180156
210 40 0.371863
211 40 0.0341828
212 40 -0.0930209
219 40 0.0180433
220 40 -1.30201
221 40 -0.89891
222 40 -0.158726
223 40 -0.759695
224 40 0.732309
246 40 -0.0863332
247 40 -0.420503
248 40 -0.208573
258 40 -0.200217
259 40 0.0406752
260 40 -0.0996749
261 40 0.202196
262 40 0.0620422
263 40 -0.0942129
9 41 0.0413803
10 41 -0.0898543
11 41 0.204398
36 41 0.140121
37 41 0.210366
38 41 -0.415918
39 41 -0.504384
40 41 0.662082
41 41 2.17608
42 41 -0.131926
43 41 -0.00428845
44 41 -0.415918
54 41 -0.108299
55 41 -0.0883424
56 41 0.423041
81 41 0.058724
82 41 -0.0278806
83 41 0.204398
210 41 0.393703
211 41 0.0596597
212 41 -0.156998
219 41 0.0116717
220 41 -0.89891
221 41 -0.493863
222 41 -0.0123725
223 41 0.455682
224 41 -0.331607
246 41 -0.105412
247 41 -0.361253
248 41 -0.235128
258 41 -0.528112
259 41 0.176953
260 41 -0.543818
261 41 0.744905
262 41 -0.0942129
263 41 -0.259473
39 42 0.19849
40 42 -0.00166265
41 42 -0.131926
42 42 1.49338
43 42 -0.0519367
44 42 0.654757
57 42 -0.171014
58 42 -0.464271
59 42 0.0905462
84 42 -0.0274754
85 42 0.465934
86 42 0.0413803
222 42 0.0382854
223 42 -0.251636
224 42 -0.0775398
246 42 0.0616595
247 42 0.152772
248 42 -0.0514593
261 42 -0.868274
262 42 0.0779051
263 42 -0.982136
264 42 -0.569852
265 42 0.0728949
266 42 0.456378
39 43 0.0131638
40 43 0.217429
41 43 -0.00428845
42 43 -0.0519367
43 43 0.860348
44 43 -0.0533628
57 43 -0.172081
58 43 -0.0405063
59 43 0.0941427
84 43 0.158917
85 43 -0.176922
86 43 -0.0898543
222 43 0.0553811
223 43 -0.375031
224 43 -0.159024
246 43 -0.139418
247 43 -0.359594
248 43 0.180769
261 43 0.0779051
262 43 0.0812659
263 43 0.0800442
264 43 0.0580684
265 43 -0.0517955
266 43 -0.0484269
39 44 0.360376
40 44 -0.0596447
41 44 -0.415918
42 44 0.654757
43 44 -0.0533628
44 44 1.52885
57 44 -0.198845
58 44 -0.182485
59 44 0.211521
84 44 -0.16153
85 44 0.24213
86 44 0.204398
222 44 0.125371
223 44 -0.491008
224 44 -0.232754
246 44 0.237932
247 44 0.457397
248 44 -0.271564
261 44 -0.982136
262 44 0.0800442
263 44 -0.921488
264 44 -0.0359244
265 44 0.00692934
266 44 0.0521485
30 45 -0.171014
31 45 -0.11977
32 45 0.0732024
45 45 2.43319
46 45 -1.66533e-16
47 45 -4.30211e-16
48 45 0.396979
49 45 0.0115012
50 45 0.228449
60 45 -0.171014
61 45 -0.516582
62 45 -0.181501
90 45 -0.0549508
91 45 0.62485
92 45 -0.12015
213 45 -0.434137
214 45 0.110042
215 45 -0.262201
225 45 0.00698207
226 45 -0.276388
227 45 0.214295
249 45 0.00698207
250 45 -0.0217554
251 45 0.0112649
252 45 0.0873809
253 45 0.0180433
254 45 0.0116717
267 45 -0.434137
268 45 -0.0321372
269 45 -0.719935
270 45 -1.51107
271 45 0.202196
272 45 0.744905
30 46 -0.516582
31 46 -0.0405063
32 46 0.0321691
45 46 -1.38778e-17
46 46 2.43319
47 46 5.55112e-17
48 46 0.0115012
49 46 0.434857
50 46 -0.0639331
60 46 -0.11977
61 46 -0.0405063
62 46 -0.120511
90 46 0.62485
91 46 -0.353845
92 46 0.152276
213 46 -0.0321372
214 46 0.040633
215 46 -0.124316
225 46 -0.0217554
226 46 -0.559645
227 46 0.215862
249 46 -0.276388
250 46 -0.559645
251 46 0.697217
252 46 0.0180433
253 46 -1.30201
254 46 -0.89891
267 46 0.110042
268 46 0.040633
269 46 0.20436
270 46 0.202196
271 46 0.0620422
272 46 -0.0942129
30 47 -0.181501
31 47 -0.120511
32 47 0.211521
45 47 -4.996e-16
46 47 2.77556e-17
47 47 2.43319
48 47 0.228449
49 47 -0.0639331
50 47 -0.831837
60 47 0.0732024
61 47 0.0321691
62 47 0.211521
90 47 -0.12015
91 47 0.152276
92 47 0.408796
213 47 -0.719935
214 47 0.20436
215 47 -0.460744
225 47 0.0112649
226 47 0.697217
227 47 -0.301586
249 47 0.214295
250 47 0.215862
251 47 -0.301586
252 47 0.0116717
253 47 -0.89891
254 47 -0.493863
267 47 -0.262201
268 47 -0.124316
269 47 -0.460744
270 47 0.744905
271 47 -0.0942129
272 47 -0.259473
12 48 -0.0549508
13 48 0.62485
14 48 -0.12015
33 48 -0.342029
34 48 -0.636352
35 48 -0.108299
45 48 0.396979
46 48 0.0115012
47 48 0.228449
48 48 4.71118
49 48 -2.35922e-16
50 48 3.60822e-16
51 48 0.396979
52 48 0.0115012
53 48 0.228449
63 48 -0.342029
64 48 -0.636352
65 48 -0.108299
93 48 -0.0549508
94 48 0.62485
95 48 -0.12015
213 48 -1.51107
214 48 0.202196
215 48 0.744905
216 48 -0.868274
217 48 0.0779051
218 48 -0.982136
225 48 0.0873809
226 48 0.0180433
227 48 0.0116717
228 48 0.0139641
229 48 -0.298144
230 48 0.22556
252 48 0.0139641
253 48 -0.298144
254 48 0.22556
255 48 0.0873809
256 48 0.0180433
257 48 0.0116717
270 48 -0.868274
271 48 0.0779051
272 48 -0.982136
273 48 -1.51107
274 48 0.202196
275 48 0.744905
12 49 0.62485
13 49 -0.353845
14 49 0.152276
33 49 -0.636352
34 49 -0.0810126
35 49 -0.0883424
45 49 0.0115012
46 49 0.434857
47 49 -0.0639331
48 49 -1.11022e-16
49 49 4.71118
50 49 5.82867e-16
51 49 0.0115012
52 49 0.434857
53 49 -0.0639331
63 49 -0.636352
64 49 -0.0810126
65 49 -0.0883424
93 49 0.62485
94 49 -0.353845
95 49 0.152276
213 49 0.202196
214 49 0.0620422
215 49 -0.0942129
216 49 0.0779051
217 49 0.0812659
218 49 0.0800442
225 49 0.0180433
226 49 -1.30201
227 49 -0.89891
228 49 -0.298144
229 49 -1.11929
230 49 0.913079
252 49 -0.298144
253 49 -1.11929
254 49 0.913079
255 49 0.0180433
256 49 -1.30201
257 49 -0.89891
270 49 0.0779051
271 49 0.0812659
272 49 0.0800442
273 49 0.202196
274 49 0.0620422
275 49 -0.0942129
12 50 -0.12015
13 50 0.152276
14 50 0.408796
33 50 -0.108299
34 50 -0.0883424
35 50 0.423041
45 50 0.228449
46 50 -0.0639331
47 50 -0.831837
48 50 4.16334e-16
49 50 5.27356e-16
50 50 4.71118
51 50 0.228449
52 50 -0.0639331
53 50 -0.831837
63 50 -0.108299
64 50 -0.0883424
65 50 0.423041
93 50 -0.12015
94 50 0.152276
95 50 0.408796
213 50 0.744905
214 50 -0.0942129
215 50 -0.259473
216 50 -0.982136
217 50 0.0800442
218 50 -0.921488
225 50 0.0116717
226 50 -0.89891
227 50 -0.493863
228 50 0.22556
229 50 0.913079
230 50 -0.603171
252 50 0.22556
253 50 0.913079
254 50 -0.603171
255 50 0.0116717
256 50 -0.89891
257 50 -0.493863
270 50 -0.982136
271 50 0.0800442
272 50 -0.921488
273 50 0.744905
274 50 -0.0942129
275 50 -0.259473
15 51 -0.0549508
16 51 0.62485
17 51 -0.12015
36 51 -0.342029
37 51 -0.636352
38 51 -0.108299
48 51 0.396979
49 51 0.0115012
50 51 0.228449
51 51 4.71118
52 51 -2.22045e-16
53 51 -1.38778e-17
54 51 0.396979
55 51 0.0115012
56 51 0.228449
66 51 -0.342029
67 51 -0.636352
68 51 -0.108299
96 51 -0.0549508
97 51 0.62485
98 51 -0.12015
216 51 -1.51107
217 51 0.202196
218 51 0.744905
219 51 -0.868274
220 51 0.0779051
221 51 -0.982136
228 51 0.0873809
229 51 0.0180433
230 51 0.0116717
231 51 0.0139641
232 51 -0.298144
233 51 0.22556
255 51 0.0139641
256 51 -0.298144
257 51 0.22556
258 51 0.0873809
259 51 0.0180433
260 51 0.0116717
273 51 -0.868274
274 51 0.0779051
275 51 -0.982136
276 51 -1.51107
277 51 0.202196
278 51 0.744905
15 52 0.62485
16 52 -0.353845
17 52 0.152276
36 52 -0.636352
37 52 -0.0810126
38 52 -0.0883424
48 52 0.0115012
49 52 0.434857
50 52 -0.0639331
51 52 -1.249e-16
52 52 4.71118
53 52 -3.88578e-16
54 52 0.0115012
55 52 0.434857
56 52 -0.0639331
66 52 -0.636352
67 52 -0.0810126
68 52 -0.0883424
96 52 0.62485
97 52 -0.353845
98 52 0.152276
216 52 0.202196
217 52 0.0620422
218 52 -0.0942129
219 52 0.0779051
220 52 0.0812659
221 52 0.0800442
228 52 0.0180433
229 52 -1.30201
230 52 -0.89891
231 52 -0.298144
232 52 -1.11929
233 52 0.913079
255 52 -0.298144
256 52 -1.11929
257 52 0.913079
258 52 0.0180433
259 52 -1.30201
260 52 -0.89891
273 52 0.0779051
274 52 0.0812659
275 52 0.0800442
276 52 0.202196
277 52 0.0620422
278 52 -0.0942129
15 53 -0.12015
16 53 0.152276
17 53 0.408796
36 53 -0.108299
37 53 -0.0883424
38 53 0.423041
48 53 0.228449
49 53 -0.0639331
50 53 -0.831837
51 53 6.93889e-17
52 53 -6.38378e-16
53 53 4.71118
54 53 0.228449
55 53 -0.0639331
56 53 -0.831837
66 53 -0.108299
67 53 -0.0883424
68 53 0.423041
96 53 -0.12015
97 53 0.152276
98 53 0.408796
216 53 0.744905
217 53 -0.0942129
218 53 -0.259473
219 53 -0.982136
220 53 0.0800442
221 53 -0.921488
228 53 0.0116717
229 53 -0.89891
230 53 -0.493863
231 53 0.22556
232 53 0.913079
233 53 -0.603171
255 53 0.22556
256 53 0.913079
257 53 -0.603171
258 53 0.0116717
259 53 -0.89891
260 53 -0.493863
273 53 -0.982136
274 53 0.0800442
275 53 -0.921488
276 53 0.744905
277 53 -0.0942129
278 53 -0.259473
18 54 -0.0549508
19 54 0.62485
20 54 -0.12015
39 54 -0.342029
40 54 -0.636352
41 54 -0.108299
51 54 0.396979
52 54 0.0115012
53 54 0.228449
54 54 4.71118
55 54 4.44089e-16
56 54 -6.93889e-17
57 54 0.396979
58 54 0.0115012
59 54 0.228449
69 54 -0.342029
70 54 -0.636352
71 54 -0.108299
99 54 -0.0549508
100 54 0.62485
101 54 -0.12015
219 54 -1.51107
220 54 0.202196
221 54 0.744905
222 54 -0.868274
223 54 0.0779051
224 54 -0.982136
231 54 0.0873809
232 54 0.0180433
233 54 0.0116717
234 54 0.0139641
235 54 -0.298144
236 54 0.22556
258 54 0.0139641
259 54 -0.298144
260 54 0.22556
261 54 0.0873809
262 54 0.0180433
263 54 0.0116717
276 54 -0.868274
277 54 0.0779051
278 54 -0.982136
279 54 -1.51107
280 54 0.202196
281 54 0.744905
18 55 0.62485
19 55 -0.353845
20 55 0.152276
39 55 -0.636352
40 55 -0.0810126
41 55 -0.0883424
51 55 0.0115012
52 55 0.434857
53 55 -0.0639331
54 55 4.02456e-16
55 55 4.71118
56 55 2.77556e-16
57 55 0.0115012
58 55 0.434857
59 55 -0.0639331
69 55 -0.636352
70 55 -0.0810126
71 55 -0.0883424
99 55 0.62485
100 55 -0.353845
101 55 0.152276
219 55 0.202196
220 55 0.0620422
221 55 -0.0942129
222 55 0.0779051
223 55 0.0812659
224 55 0.0800442
231 55 0.0180433
232 55 -1.30201
233 55 -0.89891
234 55 -0.298144
235 55 -1.11929
236 55 0.913079
258 55 -0.298144
259 55 -1.11929
260 55 0.913079
261 55 0.0180433
262 55 -1.30201
263 55 -0.89891
276 55 0.0779051
277 55 0.0812659
278 55 0.0800442
279 55 0.202196
280 55 0.0620422
281 55 -0.0942129
18 56 -0.12015
19 56 0.152276
20 56 0.408796
39 56 -0.108299
40 56 -0.0883424
41 56 0.423041
51 56 0.228449
52 56 -0.0639331
53 56 -0.831837
54 56 8.32667e-17
55 56 4.996e-16
56 56 4.71118
57 56 0.228449
58 56 -0.0639331
59 56 -0.831837
69 56 -0.108299
70 56 -0.0883424
71 56 0.423041
99 56 -0.12015
100 56 0.152276
101 56 0.408796
219 56 0.744905
220 56 -0.0942129
221 56 -0.259473
222 56 -0.982136
223 56 0.0800442
224 56 -0.921488
231 56 0.0116717
232 56 -0.89891
233 56 -0.493863
234 56 0.22556
235 56 0.913079
236 56 -0.603171
258 56 0.22556
259 56 0.913079
260 56 -0.603171
261 56 0.0116717
262 56 -0.89891
263 56 -0.493863
276 56 -0.982136
277 56 0.0800442
278 56 -0.921488
279 56 0.744905
280 56 -0.0942129
281 56 -0.259473
42 57 -0.171014
43 57 -0.172081
44 57 -0.198845
54 57 0.396979
55 57 0.0115012
56 57 0.228449
57 57 2.43319
58 57 5.55112e-17
59 57 -6.93889e-17
72 57 -0.171014
73 57 -0.464271
74 57 0.0905462
102 57 -0.0549508
103 57 0.62485
104 57 -0.12015
222 57 -0.755533
223 57 0.202259
224 57 0.134914
234 57 0.0436905
235 57 -0.0359125
236 57 -0.0870072
261 57 0.0139641
262 57 -0.298144
263 57 0.22556
264 57 0.0436905
265 57 0.0539558
266 57 0.0986789
279 57 -0.868274
280 57 0.0779051
281 57 -0.982136
282 57 -0.755533
283 57 -6.32639e-05
284 57 0.609991
42 58 -0.464271
43 58 -0.0405063
44 58 -0.182485
54 58 0.0115012
55 58 0.434857
56 58 -0.0639331
57 58 0
58 58 2.43319
59 58 8.88178e-16
72 58 -0.172081
73 58 -0.0405063
74 58 0.0941427
102 58 0.62485
103 58 -0.353845
104 58 0.152276
222 58 -6.32639e-05
223 58 0.0310211
224 58 0.0862444
234 58 0.0539558
235 58 -0.651007
236 58 -0.17779
261 58 -0.298144
262 58 -1.11929
263 58 0.913079
264 58 -0.0359125
265 58 -0.651007
266 58 -0.72112
279 58 0.0779051
280 58 0.0812659
281 58 0.0800442
282 58 0.202259
283 58 0.0310211
284 58 -0.180457
42 59 0.0905462
43 59 0.0941427
44 59 0.211521
54 59 0.228449
55 59 -0.0639331
56 59 -0.831837
57 59 -6.93889e-17
58 59 9.15934e-16
59 59 2.43319
72 59 -0.198845
73 59 -0.182485
74 59 0.211521
102 59 -0.12015
103 59 0.152276
104 59 0.408796
222 59 0.609991
223 59 -0.180457
224 59 -0.129736
234 59 0.0986789
235 59 -0.72112
236 59 -0.246932
261 59 0.22556
262 59 0.913079
263 59 -0.603171
264 59 -0.0870072
265 59 -0.17779
266 59 -0.246932
279 59 -0.982136
280 59 0.0800442
281 59 -0.921488
282 59 0.134914
283 59 0.0862444
284 59 -0.129736
45 60 -0.171014
46 60 -0.11977
47 60 0.0732024
60 60 0.856272
61 60 -0.0120289
62 60 -0.00778114
63 60 0.19849
64 60 -0.0391472
65 60 0.0883281
108 60 -0.0274754
109 60 0.158917
110 60 -0.16153
225 60 -0.280266
226 60 0.0753351
227 60 -0.205898
267 60 -0.0615085
268 60 -0.0564004
269 60 0.0630082
270 60 0.0873809
271 60 0.0180433
272 60 0.0116717
285 60 -0.446684
286 60 -0.0249491
287 60 0.138999
45 61 -0.516582
46 61 -0.0405063
47 61 0.0321691
60 61 -0.0120289
61 61 1.78253
62 61 0.599273
63 61 0.0506484
64 61 0.217429
65 61 -0.274299
108 61 0.465934
109 61 -0.176922
110 61 0.24213
225 61 -0.231682
226 61 0.0860628
227 61 -0.16469
267 61 -0.146196
268 61 -0.445573
269 61 0.557347
270 61 0.0180433
271 61 -1.30201
272 61 -0.89891
285 61 0.371863
286 61 0.0341828
287 61 -0.0930209
45 62 -0.181501
46 62 -0.120511
47 62 0.211521
60 62 -0.00778114
61 62 0.599273
62 62 1.24377
63 62 0.140121
64 62 0.210366
65 62 -0.415918
108 62 0.0413803
109 62 -0.0898543
110 62 0.204398
225 62 -0.408809
226 62 0.167294
227 62 -0.375295
267 62 0.0112151
268 62 0.0726829
269 62 -0.0624176
270 62 0.0116717
271 62 -0.89891
272 62 -0.493863
285 62 0.393703
286 62 0.0596597
287 62 -0.156998
21 63 -0.0274754
22 63 0.465934
23 63 0.0413803
48 63 -0.342029
49 63 -0.636352
50 63 -0.108299
60 63 0.19849
61 63 0.0506484
62 63 0.140121
63 63 2.2434
64 63 0.146826
65 63 0.504384
66 63 0.19849
67 63 -0.00166265
68 63 -0.131926
111 63 -0.0274754
112 63 0.121432
113 63 0.058724
225 63 -1.06438
226 63 0.227145
227 63 0.605905
228 63 -0.868274
229 63 0.0779051
230 63 -0.982136
237 63 0.0616595
238 63 0.152772
239 63 -0.0514593
270 63 0.0139641
271 63 -0.298144
272 63 0.22556
273 63 0.00124917
274 63 -0.292436
275 63 -0.137621
285 63 -0.23242
286 63 -0.0140682
287 63 -0.164633
21 64 0.158917
22 64 -0.176922
23 64 -0.0898543
48 64 -0.636352
49 64 -0.0810126
50 64 -0.0883424
60 64 -0.0391472
61 64 0.217429
62 64 0.210366
63 64 0.146826
64 64 2.36587
65 64 -0.662082
66 64 0.0131638
67 64 0.217429
68 64 -0.00428845
111 64 0.503418
112 64 -0.176922
113 64 -0.0278806
225 64 -0.169668
226 64 0.0278594
227 64 -0.00119206
228 64 0.0779051
229 64 0.0812659
230 64 0.0800442
237 64 -0.139418
238 64 -0.359594
239 64 0.180769
270 64 -0.298144
271 64 -1.11929
272 64 0.913079
273 64 0.104377
274 64 -0.881511
275 64 -0.690337
285 64 0.278122
286 64 0.0405907
287 64 0.179719
21 65 -0.16153
22 65 0.24213
23 65 0.204398
48 65 -0.108299
49 65 -0.0883424
50 65 0.423041
60 65 0.0883281
61 65 -0.274299
62 65 -0.415918
63 65 0.504384
64 65 -0.662082
65 65 2.6903
66 65 0.360376
67 65 -0.0596447
68 65 -0.415918
111 65 -0.178874
112 65 0.180156
113 65 0.204398
225 65 0.351201
226 65 -0.153873
227 65 -0.102475
228 65 -0.982136
229 65 0.0800442
230 65 -0.921488
237 65 0.237932
238 65 0.457397
239 65 -0.271564
270 65 0.22556
271 65 0.913079
272 65 -0.603171
273 65 0.117083
274 65 -0.537657
275 65 -0.258735
285 65 -0.454025
286 65 -0.0969088
287 65 -0.377669
24 66 -0.102797
25 66 0.586901
26 66 -0.126847
51 66 -0.342029
52 66 -0.636352
53 66 -0.108299
63 66 0.19849
64 66 0.0131638
65 66 0.360376
66 66 2.38392
67 66 -0.0486003
68 66 0.00146368
69 66 0.19849
70 66 -0.00166265
71 66 -0.131926
228 66 -1.51107
229 66 0.202196
230 66 0.744905
231 66 -0.868274
232 66 0.0779051
233 66 -0.982136
237 66 0.0861317
238 66 0.310479
239 66 0.149292
240 66 0.0616595
241 66 0.152772
242 66 -0.0514593
273 66 0.00698207
274 66 -0.403741
275 66 0.248863
276 66 0.0436905
277 66 -0.253061
278 66 -0.104232
24 67 0.242399
25 67 -0.308373
26 67 0.0811857
51 67 -0.636352
52 67 -0.0810126
53 67 -0.0883424
63 67 -0.00166265
64 67 0.217429
65 67 -0.0596447
66 67 -0.0486003
67 67 1.95716
68 67 0.013017
69 67 0.0131638
70 67 0.217429
71 67 -0.00428845
228 67 0.202196
229 67 0.0620422
230 67 -0.0942129
231 67 0.0779051
232 67 0.0812659
233 67 0.0800442
237 67 -0.0863332
238 67 -0.420503
239 67 -0.208573
240 67 -0.139418
241 67 -0.359594
242 67 0.180769
273 67 0.105597
274 67 -0.559645
275 67 0.489181
276 67 0.271104
277 67 -0.651007
278 67 -0.389136
24 68 -0.109503
25 68 0.143159
26 68 0.41117
51 68 -0.108299
52 68 -0.0883424
53 68 0.423041
63 68 -0.131926
64 68 -0.00428845
65 68 -0.415918
66 68 0.00146368
67 68 0.013017
68 68 2.38899
69 68 0.360376
70 68 -0.0596447
71 68 -0.415918
228 68 0.744905
229 68 -0.0942129
230 68 -0.259473
231 68 -0.982136
232 68 0.0800442
233 68 -0.921488
237 68 -0.105412
238 68 -0.361253
239 68 -0.235128
240 68 0.237932
241 68 0.457397
242 68 -0.271564
273 68 -0.0233035
274 68 0.423898
275 68 -0.301586
276 68 0.115904
277 68 -0.509774
278 68 -0.246932
27 69 -0.0274754
28 69 0.503418
29 69 -0.178874
54 69 -0.342029
55 69 -0.636352
56 69 -0.108299
66 69 0.19849
67 69 0.0131638
68 69 0.360376
69 69 2.62298
70 69 -0.146826
71 69 -0.504384
72 69 0.19849
73 69 -0.0391472
74 69 0.0883281
114 69 -0.0274754
115 69 0.158917
116 69 -0.16153
231 69 -1.51107
232 69 0.202196
233 69 0.744905
234 69 -0.635854
235 69 0.0919733
236 69 -0.817503
240 69 0.0861317
241 69 0.310479
242 69 0.149292
276 69 -0.0476953
277 69 -0.450916
278 69 0.277019
279 69 0.0873809
280 69 0.0180433
281 69 0.0116717
288 69 -0.446684
289 69 -0.0249491
290 69 0.138999
27 70 0.121432
28 70 -0.176922
29 70 0.180156
54 70 -0.636352
55 70 -0.0810126
56 70 -0.0883424
66 70 -0.00166265
67 70 0.217429
68 70 -0.0596447
69 70 -0.146826
70 70 2.50051
71 70 0.662082
72 70 0.0506484
73 70 0.217429
74 70 -0.274299
114 70 0.465934
115 70 -0.176922
116 70 0.24213
231 70 0.202196
232 70 0.0620422
233 70 -0.0942129
234 70 -0.200217
235 70 0.0406752
236 70 -0.0996749
240 70 -0.0863332
241 70 -0.420503
242 70 -0.208573
276 70 -0.158726
277 70 -0.759695
278 70 0.732309
279 70 0.0180433
280 70 -1.30201
281 70 -0.89891
288 70 0.371863
289 70 0.0341828
290 70 -0.0930209
27 71 0.058724
28 71 -0.0278806
29 71 0.204398
54 71 -0.108299
55 71 -0.0883424
56 71 0.423041
66 71 -0.131926
67 71 -0.00428845
68 71 -0.415918
69 71 -0.504384
70 71 0.662082
71 71 2.17608
72 71 0.140121
73 71 0.210366
74 71 -0.415918
114 71 0.0413803
115 71 -0.0898543
116 71 0.204398
231 71 0.744905
232 71 -0.0942129
233 71 -0.259473
234 71 -0.528112
235 71 0.176953
236 71 -0.543818
240 71 -0.105412
241 71 -0.361253
242 71 -0.235128
276 71 -0.0123725
277 71 0.455682
278 71 -0.331607
279 71 0.0116717
280 71 -0.89891
281 71 -0.493863
288 71 0.393703
289 71 0.0596597
290 71 -0.156998
57 72 -0.171014
58 72 -0.172081
59 72 -0.198845
69 72 0.19849
70 72 0.0506484
71 72 0.140121
72 72 0.905216
73 72 0.198763
74 72 -0.150373
117 72 -0.0274754
118 72 0.121432
119 72 0.058724
234 72 -0.49453
235 72 0.15425
236 72 0.149527
279 72 0.0139641
280 72 -0.298144
281 72 0.22556
282 72 -0.0370363
283 72 -0.0408002
284 72 -0.0600809
288 72 -0.23242
289 72 -0.0140682
290 72 -0.164633
57 73 -0.464271
58 73 -0.0405063
59 73 -0.182485
69 73 -0.0391472
70 73 0.217429
71 73 0.210366
72 73 0.198763
73 73 1.66072
74 73 -0.608719
117 73 0.503418
118 73 -0.176922
119 73 -0.0278806
234 73 -0.227736
235 73 0.0796549
236 73 0.0472348
279 73 -0.298144
280 73 -1.11929
281 73 0.913079
282 73 0.0489954
283 73 -0.506481
284 73 -0.531314
288 73 0.278122
289 73 0.0405907
290 73 0.179719
57 74 0.0905462
58 74 0.0941427
59 74 0.211521
69 74 0.0883281
70 74 -0.274299
71 74 -0.415918
72 74 -0.150373
73 74 -0.608719
74 74 1.31664
117 74 -0.178874
118 74 0.180156
119 74 0.204398
234 74 0.387126
235 74 -0.160802
236 74 -0.154624
279 74 0.22556
280 74 0.913079
281 74 -0.603171
282 74 -0.00828776
283 74 -0.0466489
284 74 -0.0259817
288 74 -0.454025
289 74 -0.0969088
290 74 -0.377669
30 75 -0.0274754
31 75 0.121432
32 75 0.058724
75 75 2.3122
76 75 -0.0881503
77 75 -0.141719
78 75 0.273811
79 75 -0.0703188
80 75 0.308348
90 75 -0.342029
91 75 -0.636352
92 75 -0.108299
120 75 -0.0274754
121 75 0.503418
122 75 -0.178874
243 75 -0.23242
244 75 -0.0140682
245 75 -0.164633
249 75 0.0436905
250 75 -0.125708
251 75 -0.1388
252 75 0.0139641
253 75 -0.298144
254 75 0.22556
291 75 0.0861317
292 75 0.310479
293 75 0.149292
297 75 -0.434137
298 75 0.0952158
299 75 -0.754503
300 75 -1.51107
301 75 0.202196
302 75 0.744905
30 76 0.503418
31 76 -0.176922
32 76 -0.0278806
75 76 -0.0881503
76 76 2.28871
77 76 -0.161857
78 76 -0.12263
79 76 0.348879
80 76 0.0393257
90 76 -0.636352
91 76 -0.0810126
92 76 -0.0883424
120 76 0.121432
121 76 -0.176922
122 76 0.180156
243 76 0.278122
244 76 0.0405907
245 76 0.179719
249 76 0.143751
250 76 -0.651007
251 76 -0.662455
252 76 -0.298144
253 76 -1.11929
254 76 0.913079
291 76 -0.0863332
292 76 -0.420503
293 76 -0.208573
297 76 -0.0173107
298 76 0.040633
299 76 -0.0689594
300 76 0.202196
301 76 0.0620422
302 76 -0.0942129
30 77 -0.178874
31 77 0.180156
32 77 0.204398
75 77 -0.141719
76 77 -0.161857
77 77 2.12916
78 77 0.0363007
79 77 -0.175328
80 77 -0.62269
90 77 -0.108299
91 77 -0.0883424
92 77 0.423041
120 77 0.058724
121 77 -0.0278806
