0 0 0.328046
1 0 -0.0826415
2 0 0.0166218
54 0 -0.0262395
55 0 0.248742
56 0 -0.0496636
1608 0 0.00677807
1609 0 -0.00399895
1610 0 -0.0104596
1611 0 0.0158714
1612 0 0.0237297
1613 0 0.051683
1623 0 -0.109899
1624 0 -0.0938756
1625 0 -0.162331
1626 0 -0.196422
1627 0 -0.0919558
1628 0 0.154149
0 1 -0.0826415
1 1 0.36417
2 1 -0.0204206
54 1 0.248636
55 1 -0.135265
56 1 0.0617844
1608 1 -0.155203
1609 1 -0.125097
1610 1 0.151511
1611 1 -0.0980496
1612 1 -0.150381
1613 1 -0.194318
1623 1 0.0279055
1624 1 0.0335492
1625 1 0.0639415
1626 1 0.0593527
1627 1 0.0311584
1628 1 -0.0624988
0 2 0.0166218
1 2 -0.0204206
2 2 0.26621
54 2 -0.0497064
55 2 0.0618647
56 2 0.161505
1608 2 0.0852965
1609 2 0.0702323
1610 2 -0.107687
1611 2 -0.0296758
1612 2 -0.0630943
1613 2 -0.0914962
1623 2 -0.081135
1624 2 -0.067409
1625 2 -0.149656
1626 2 0.0585989
1627 2 0.0188269
1628 2 -0.060742
3 3 0.328115
4 3 -0.082711
5 3 0.0158458
57 3 -0.0265375
58 3 0.249077
59 3 -0.0481057
1611 3 0.00697265
1612 3 -0.00378242
1613 3 -0.0107697
1614 3 0.0159575
1615 3 0.0233175
1616 3 0.0513216
1626 3 -0.110843
1627 3 -0.0934273
1628 3 -0.162713
1629 3 -0.19553
1630 3 -0.0924736
1631 3 0.154421
3 4 -0.082711
4 4 0.364382
5 4 -0.0198239
57 4 0.249097
58 4 -0.135767
59 4 0.059792
1611 4 -0.155105
1612 4 -0.125897
1613 4 0.151979
1614 4 -0.0986244
1615 4 -0.149469
1616 4 -0.194153
1626 4 0.0284768
1627 4 0.0335579
1628 4 0.0646165
1629 4 0.0588666
1630 4 0.0313282
1631 4 -0.0624109
3 5 0.0158458
4 5 -0.0198239
5 5 0.265929
57 5 -0.0480926
58 5 0.0597709
59 5 0.162305
1611 5 0.0844146
1612 5 0.0701641
1613 5 -0.107081
1614 5 -0.0304574
1615 5 -0.0634158
1616 5 -0.0924946
1626 5 -0.0811057
1627 5 -0.066261
1628 5 -0.148721
1629 5 0.0593953
1630 5 0.0195657
1631 5 -0.0618036
6 6 0.328636
7 6 -0.0829873
8 6 0.0152093
60 6 -0.0274843
61 6 0.249665
62 6 -0.0467157
1614 6 0.00744652
1615 6 -0.00332899
1616 6 -0.0114221
1617 6 0.0161092
1618 6 0.0232137
1619 6 0.0513824
1629 6 -0.111809
1630 6 -0.093265
1631 6 -0.163235
1632 6 -0.194764
1633 6 -0.0932975
1634 6 0.154781
6 7 -0.0829873
7 7 0.364278
8 7 -0.0192854
60 7 0.24953
61 7 -0.135551
62 7 0.0578137
1614 7 -0.154714
1615 7 -0.126813
1616 7 0.152476
1617 7 -0.0988626
1618 7 -0.148725
1619 7 -0.19391
1629 7 0.0288903
1630 7 0.0334883
1631 7 0.0649617
1632 7 0.0581429
1633 7 0.0314572
1634 7 -0.0620564
6 8 0.0152093
7 8 -0.0192854
8 8 0.265511
60 8 -0.0466403
61 8 0.0577508
62 8 0.163036
1614 8 0.0833775
1615 8 0.070183
1616 8 -0.10664
1617 8 -0.0309782
1618 8 -0.0637029
1619 8 -0.0933898
1629 8 -0.0810941
1630 8 -0.0653037
1631 8 -0.147685
1632 8 0.0601258
1633 8 0.0203583
1634 8 -0.0626986
9 9 0.327392
10 9 -0.0825406
11 9 0.0172079
72 9 -0.0246419
73 9 0.247866
74 9 -0.0513351
1620 9 0.0060364
1621 9 -0.00467109
1622 9 -0.00944789
1623 9 0.0156245
1624 9 0.0239443
1625 9 0.0517425
1638 9 -0.108635
1639 9 -0.0935935
1640 9 -0.161691
1641 9 -0.197642
1642 9 -0.0910049
1643 9 0.153523
9 10 -0.0825406
10 10 0.36467
11 10 -0.0214189
72 10 0.248026
73 10 -0.135889
74 10 0.0641989
1620 10 -0.156097
1621 10 -0.124118
1622 10 0.150838
1623 10 -0.0974962
1624 10 -0.151299
1625 10 -0.19472
1638 10 0.0276539
1639 10 0.0336917
1640 10 0.064044
1641 10 0.0604531
1642 10 0.0310784
1643 10 -0.0629421
9 11 0.0172079
10 11 -0.0214189
11 11 0.266363
72 11 -0.0514793
73 11 0.064338
74 11 0.16053
1620 11 0.0866425
1621 11 0.0701858
1622 11 -0.107924
1623 11 -0.0288677
1624 11 -0.0626859
1625 11 -0.090331
1638 11 -0.0810975
1639 11 -0.0682028
1640 11 -0.151063
1641 11 0.0575941
1642 11 0.0177837
1643 11 -0.0594419
12 12 0.327615
13 12 -0.0826615
14 12 0.0166604
75 12 -0.0252088
76 12 0.248355
77 12 -0.0498752
1623 12 0.00640007
1624 12 -0.00432743
1625 12 -0.00998509
1626 12 0.0157387
1627 12 0.0235771
1628 12 0.0514655
1641 12 -0.109656
1642 12 -0.093456
1643 12 -0.162133
1644 12 -0.196755
1645 12 -0.0914876
1646 12 0.153867
12 13 -0.0826615
13 13 0.364632
14 13 -0.0207561
75 13 0.248429
76 13 -0.136113
77 13 0.0622801
1623 13 -0.155666
1624 13 -0.124779
1625 13 0.151402
1626 13 -0.0981243
1627 13 -0.150505
1628 13 -0.194469
1641 13 0.0281056
1642 13 0.0336842
1643 13 0.0643695
1644 13 0.059917
1645 13 0.0312147
1646 13 -0.0628262
12 14 0.0166604
13 14 -0.0207561
14 14 0.266179
75 14 -0.0499886
76 14 0.0624036
77 14 0.161321
1623 14 0.0857062
1624 14 0.0701465
1625 14 -0.107627
1626 14 -0.0295797
1627 14 -0.0629673
1628 14 -0.0912393
1641 14 -0.0811774
1642 14 -0.0673368
1643 14 -0.150034
1644 14 0.058379
1645 14 0.0185101
1646 14 -0.0604655
15 15 0.327913
16 15 -0.082812
17 15 0.0158133
78 15 -0.0259546
79 15 0.248947
80 15 -0.0479815
1626 15 0.00682646
1627 15 -0.003909
1628 15 -0.0106211
1629 15 0.0158922
1630 15 0.0231561
1631 15 0.0511497
1644 15 -0.110931
1645 15 -0.0931706
1646 15 -0.162674
1647 15 -0.195611
1648 15 -0.0922115
1649 15 0.154313
15 16 -0.082812
16 16 0.364672
17 16 -0.0198554
78 16 0.248992
79 16 -0.136378
80 16 0.0597824
1626 16 -0.155291
1627 16 -0.125839
1628 16 0.151996
1629 16 -0.0987709
1630 16 -0.14937
1631 16 -0.194247
1644 16 0.028705
1645 16 0.0336559
1646 16 0.0649327
1647 16 0.0591766
1648 16 0.0313931
1649 16 -0.0626087
15 17 0.0158133
16 17 -0.0198554
17 17 0.265841
78 17 -0.047966
79 17 0.0597521
80 17 0.162332
1626 17 0.0844403
1627 17 0.0700779
1628 17 -0.106993
1629 17 -0.0305281
1630 17 -0.0633931
1631 17 -0.0925283
1644 17 -0.0811713
1645 17 -0.0660724
1646 17 -0.14873
1647 17 0.0594119
1648 17 0.0194909
1649 17 -0.0617878
18 18 0.328296
19 18 -0.083161
20 18 0.0150435
81 18 -0.0268386
82 18 0.249533
83 18 -0.0461254
1629 18 0.00734961
1630 18 -0.00339178
1631 18 -0.0113651
1632 18 0.0160754
1633 18 0.0228585
1634 18 0.0509368
1647 18 -0.112231
1648 18 -0.0929125
1649 18 -0.163257
1650 18 -0.194517
1651 18 -0.0929263
1652 18 0.154768
18 19 -0.083161
19 19 0.364812
20 19 -0.0190147
81 19 0.249574
82 19 -0.136447
83 19 0.0573066
1629 19 -0.154857
1630 19 -0.127019
1631 19 0.152627
1632 19 -0.0993394
1633 19 -0.148386
1634 19 -0.194024
1647 19 0.0293154
1648 19 0.0336204
1649 19 0.0655159
1650 19 0.0584688
1651 19 0.0315545
1652 19 -0.0624103
18 20 0.0150435
19 20 -0.0190147
20 20 0.265317
81 20 -0.0459861
82 20 0.0571234
83 20 0.163286
1629 20 0.0831021
1630 20 0.0700621
1631 20 -0.106336
1632 20 -0.0313885
1633 20 -0.0638057
1634 20 -0.0936947
1647 20 -0.0811442
1648 20 -0.064777
1649 20 -0.147395
1650 20 0.060373
1651 20 0.0204119
1652 20 -0.0630429
21 21 0.328476
22 21 -0.0833296
23 21 0.0145887
84 21 -0.0274994
85 21 0.249907
86 21 -0.0446074
1632 21 0.00773759
1633 21 -0.00296966
1634 21 -0.011925
1635 21 0.0161972
1636 21 0.0225331
1637 21 0.0505912
1650 21 -0.113213
1651 21 -0.0927767
1652 21 -0.163726
1653 21 -0.193564
1654 21 -0.0933641
1655 21 0.155079
21 22 -0.0833296
22 22 0.364961
23 22 -0.0184109
84 22 0.250062
85 22 -0.136495
86 22 0.0553354
1632 22 -0.154376
1633 22 -0.127774
1634 22 0.153277
1635 22 -0.100061
1636 22 -0.147776
1637 22 -0.193713
1650 22 0.0297615
1651 22 0.0335777
1652 22 0.0658789
1653 22 0.0579435
1654 22 0.0316398
1655 22 -0.0623677
21 23 0.0145887
22 23 -0.0184109
23 23 0.264987
84 23 -0.044514
85 23 0.0551846
86 23 0.163994
1632 23 0.0821359
1633 23 0.070107
1634 23 -0.105969
1635 23 -0.0321027
1636 23 -0.0640717
1637 23 -0.0944272
1650 23 -0.0811532
1651 23 -0.0638548
1652 23 -0.14637
1653 23 0.0610453
1654 23 0.0210459
1655 23 -0.0640811
24 24 0.327218
25 24 -0.0826075
26 24 0.0163457
96 24 -0.0241686
97 24 0.248096
98 24 -0.04953
1641 24 0.00602516
1642 24 -0.00463151
1643 24 -0.009593
1644 24 0.0156094
1645 24 0.023216
1646 24 0.0510467
1656 24 -0.109824
1657 24 -0.0929072
1658 24 -0.162016
1659 24 -0.196727
1660 24 -0.0911657
1661 24 0.153746
24 25 -0.0826075
25 25 0.365167
26 25 -0.0207187
96 25 0.248339
97 25 -0.137285
98 25 0.0621007
1641 25 -0.156183
1642 25 -0.124768
1643 25 0.151354
1644 25 -0.0983887
1645 25 -0.150127
1646 25 -0.19467
1656 25 0.028524
1657 25 0.0338214
1658 25 0.0650413
1659 25 0.0603167
1660 25 0.031326
1661 25 -0.0631069
24 26 0.0163457
25 26 -0.0207187
26 26 0.26604
96 26 -0.0495683
97 26 0.0620879
98 26 0.161453
1641 26 0.0857285
1642 26 0.0699554
1643 26 -0.107263
1644 26 -0.0298447
1645 26 -0.0630134
1646 26 -0.0914877
1656 26 -0.0812009
1657 26 -0.0668169
1658 26 -0.150003
1659 26 0.0585396
1660 26 0.0185057
1661 26 -0.0606052
27 27 0.327622
28 27 -0.0827738
29 27 0.0157611
99 27 -0.0252239
100 27 0.248753
101 27 -0.0478342
1644 27 0.00658532
1645 27 -0.00410423
1646 27 -0.0103729
1647 27 0.0157904
1648 27 0.0229076
1649 27 0.0508486
1659 27 -0.110993
1660 27 -0.0928883
1661 27 -0.162593
1662 27 -0.195647
1663 27 -0.0918943
1664 27 0.154191
27 28 -0.0827738
28 28 0.365005
29 28 -0.0198626
99 28 0.248883
100 28 -0.137136
101 28 0.0597909
1644 28 -0.155546
1645 28 -0.125707
1646 28 0.152001
1647 28 -0.0990158
1648 28 -0.149223
1649 28 -0.194353
1659 28 0.0289395
1660 28 0.0337498
1661 28 0.0652697
1662 28 0.0595133
1663 28 0.0314458
1664 28 -0.0628462
27 29 0.0157611
28 29 -0.0198626
29 29 0.265798
99 29 -0.0478219
100 29 0.0597442
101 29 0.16236
1644 29 0.0845127
1645 29 0.0699668
1646 29 -0.106884
1647 29 -0.0306581
1648 29 -0.0633745
1649 29 -0.0925728
1659 29 -0.081232
1660 29 -0.065871
1661 29 -0.148763
1662 29 0.0594383
1663 29 0.019397
1664 29 -0.0618044
30 30 0.32774
31 30 -0.0830723
32 30 0.0152154
102 30 -0.0257294
103 30 0.249161
104 30 -0.0460385
1647 30 0.00699351
1648 30 -0.00367838
1649 30 -0.0109717
1650 30 0.0159181
1651 30 0.0224745
1652 30 0.0504257
1662 30 -0.112157
1663 30 -0.092594
1664 30 -0.163124
1665 30 -0.194631
1666 30 -0.0922909
1667 30 0.154494
30 31 -0.0830723
31 31 0.365312
32 31 -0.0190917
102 31 0.249399
103 31 -0.137506
104 31 0.0575289
1647 31 -0.155121
1648 31 -0.126659
1649 31 0.152682
1650 31 -0.0998341
1651 31 -0.148368
1652 31 -0.194127
1662 31 0.0295625
1663 31 0.0337607
1664 31 0.0658754
1665 31 0.0590658
1666 31 0.0315941
1667 31 -0.062868
30 32 0.0152154
31 32 -0.0190917
32 32 0.265373
102 32 -0.0460169
103 32 0.0574467
104 32 0.163235
1647 32 0.0833471
1648 32 0.0699565
1649 32 -0.10634
1650 32 -0.0315364
1651 32 -0.0637128
1652 32 -0.0935559
1662 32 -0.0812639
1663 32 -0.0647059
1664 32 -0.147609
1665 32 0.0602546
1666 32 0.0201073
1667 32 -0.0629687
33 33 0.722014
34 33 -0.0502742
35 33 -0.194757
36 33 0.0784521
37 33 0.00579446
38 33 0.144398
51 33 -0.0650099
52 33 -0.205975
53 33 -0.0704321
129 33 -0.0133658
130 33 0.200053
131 33 -0.0736672
1608 33 0.00688901
1609 33 -0.155104
1610 33 0.085487
1668 33 0.0329254
1669 33 0.126663
1670 33 0.0604195
1683 33 -0.138988
1684 33 0.00340302
1685 33 -0.243676
1686 33 -0.604782
1687 33 0.0754407
1688 33 0.292228
33 34 -0.0502742
34 34 0.301739
35 34 0.022711
36 34 -0.000899987
37 34 0.0860805
38 34 -0.0232869
51 34 -0.0476408
52 34 -0.0190763
53 34 -0.0481928
129 34 0.0484795
130 34 -0.0670406
131 34 0.0718712
1608 34 -0.00387223
1609 34 -0.124928
1610 34 0.0704182
1668 34 -0.0316126
1669 34 -0.166883
1670 34 -0.082071
1683 34 0.0106177
1684 34 -0.017706
1685 34 0.0229356
1686 34 0.0752026
1687 34 0.0259486
1688 34 -0.0343853
33 35 -0.194757
34 35 0.022711
35 35 0.386684
36 35 -0.0513291
37 35 -0.00345342
38 35 -0.164533
51 35 0.0285659
52 35 0.0124637
53 35 0.0840862
129 35 0.0225198
130 35 -0.00854108
131 35 0.0804064
1608 35 -0.0105868
1609 35 0.151201
1610 35 -0.107966
1668 35 -0.039155
1669 35 -0.142893
1670 35 -0.0920482
1683 35 -0.0480008
1684 35 0.00303851
1685 35 -0.0693118
1686 35 0.292743
1687 35 -0.0345277
1688 35 -0.0991835
33 36 0.0784521
34 36 -0.000899987
35 36 -0.0513291
36 36 0.901523
37 36 -0.0173787
38 36 0.000127103
39 36 0.0789154
40 36 0.00547812
41 36 0.14326
54 36 -0.130479
55 36 -0.253362
56 36 -0.0423573
132 36 -0.044237
133 36 0.233344
134 36 -0.0520753
1608 36 0.0171253
1609 36 -0.0968706
1610 36 -0.0387656
1611 36 0.00374379
1612 36 -0.157646
1613 36 0.0973932
1668 36 0.0240594
1669 36 0.0616624
1670 36 -0.0209635
1671 36 0.033096
1672 36 0.125715
1673 36 0.0600482
1686 36 -0.341958
1687 36 0.0251118
1688 36 -0.390177
1689 36 -0.602107
1690 36 0.0748452
1691 36 0.294839
33 37 0.00579446
34 37 0.0860805
35 37 -0.00345342
36 37 -0.0173787
37 37 0.732357
38 37 0.00601857
39 37 -0.000908648
40 37 0.0861086
41 37 -0.0228515
54 37 -0.253793
55 37 -0.0374592
56 37 -0.0353759
132 37 0.0968997
133 37 -0.118346
134 37 0.0329885
1608 37 0.111091
1609 37 -0.259809
1610 37 -0.153806
1611 37 0.0438378
1612 37 -0.221851
1613 37 0.195602
1668 37 -0.0532883
1669 37 -0.141547
1670 37 0.0714267
1671 37 -0.0320327
1672 37 -0.166415
1673 37 -0.0820849
1686 37 0.0250681
1687 37 0.0330516
1688 37 0.0261402
1689 37 0.0747101
1690 37 0.0259634
1691 37 -0.0346044
33 38 0.144398
34 38 -0.0232869
35 38 -0.164533
36 38 0.000127103
37 38 0.00601857
38 38 0.906585
39 38 -0.0524932
40 38 -0.0028772
41 38 -0.165024
54 38 -0.0425146
55 38 -0.035447
56 38 0.167938
132 38 -0.0450274
133 38 0.0580335
134 38 0.162583
1608 38 0.0481523
1609 38 -0.201553
1610 38 -0.0963254
1611 38 -0.0109228
1612 38 0.168435
1613 38 -0.120902
1668 38 0.0930257
1669 38 0.182998
1670 38 -0.108519
1671 38 -0.0399447
1672 38 -0.14366
1673 38 -0.0926862
1686 38 -0.389851
1687 38 0.0259829
1688 38 -0.369111
1689 38 0.29505
1690 38 -0.0346437
1691 38 -0.101873
36 39 0.0789154
37 39 -0.000908648
38 39 -0.0524932
39 39 0.901693
40 39 -0.0168538
41 39 -0.000168275
42 39 0.0793317
43 39 0.00485922
44 39 0.142241
57 39 -0.130698
58 39 -0.253327
59 39 -0.0420882
135 39 -0.044782
136 39 0.233788
137 39 -0.0506847
1611 39 0.0170711
1612 39 -0.0976431
1613 39 -0.0393858
1614 39 0.00417584
1615 39 -0.157252
1616 39 0.0961706
1671 39 0.0243875
1672 39 0.0624861
1673 39 -0.0213507
1674 39 0.0331085
1675 39 0.125053
1676 39 0.0600524
1689 39 -0.345568
1690 39 0.0263958
1691 39 -0.389931
1692 39 -0.599501
1693 39 0.0734037
1694 39 0.297638
36 40 0.00547812
37 40 0.0861086
38 40 -0.0028772
39 40 -0.0168538
40 40 0.732239
41 40 0.00553928
42 40 -0.000795861
43 40 0.0861897
44 40 -0.0217054
57 40 -0.2539
58 40 -0.0373396
59 40 -0.0350725
135 40 0.0971673
136 40 -0.118427
137 40 0.0317825
1611 40 0.110347
1612 40 -0.258809
1613 40 -0.154621
1614 40 0.0446628
1615 40 -0.223261
1616 40 0.195089
1671 40 -0.053271
1672 40 -0.14217
1673 40 0.0715737
1674 40 -0.0321039
1675 40 -0.165582
1676 40 -0.082235
1689 40 0.0261652
1690 40 0.0329058
1691 40 0.0269174
1692 40 0.0731042
1693 40 0.0262803
1694 40 -0.0343915
36 41 0.14326
37 41 -0.0228515
38 41 -0.165024
39 41 -0.000168275
40 41 0.00553928
41 41 0.906534
42 41 -0.0535782
43 41 -0.0018618
44 41 -0.165521
57 41 -0.0420408
58 41 -0.0349539
59 41 0.168038
135 41 -0.0439402
136 41 0.0562337
137 41 0.163209
1611 41 0.0480028
1612 41 -0.201505
1613 41 -0.0972707
1614 41 -0.0114015
1615 41 0.16877
1616 41 -0.119924
1671 41 0.0924412
1672 41 0.182639
1673 41 -0.108223
1674 41 -0.0404557
1675 41 -0.144562
1676 41 -0.0935321
1689 41 -0.389719
1690 41 0.027037
1691 41 -0.365355
1692 41 0.297599
1693 41 -0.034485
1694 41 -0.104796
39 42 0.0793317
40 42 -0.000795861
41 42 -0.0535782
42 42 0.90208
43 42 -0.0173706
44 42 -0.000297816
45 42 0.0796994
46 42 0.00464197
47 42 0.141352
60 42 -0.130623
61 42 -0.253513
62 42 -0.0417972
138 42 -0.0452293
139 42 0.234161
140 42 -0.0492486
1614 42 0.0170576
1615 42 -0.0981488
1616 42 -0.0401435
1617 42 0.0045814
1618 42 -0.156679
1619 42 0.095231
1674 42 0.0246757
1675 42 0.0634541
1676 42 -0.0217125
1677 42 0.0330542
1678 42 0.124574
1679 42 0.0597962
1692 42 -0.34926
1693 42 0.0277253
1694 42 -0.389739
1695 42 -0.597234
1696 42 0.0719504
1697 42 0.300138
39 43 0.00485922
40 43 0.0861897
41 43 -0.0018618
42 43 -0.0173706
43 43 0.732348
44 43 0.00482927
45 43 -0.000810762
46 43 0.0861902
47 43 -0.0212018
60 43 -0.253889
61 43 -0.0375158
62 43 -0.0347758
138 43 0.0974509
139 43 -0.118596
140 43 0.0305743
1614 43 0.109825
1615 43 -0.257439
1616 43 -0.155633
1617 43 0.0455988
1618 43 -0.224268
1619 43 0.19479
1674 43 -0.0531854
1675 43 -0.143086
1676 43 0.0716243
1677 43 -0.0321291
1678 43 -0.165096
1679 43 -0.0821085
1692 43 0.0276438
1693 43 0.0327868
1694 43 0.0280098
1695 43 0.0720073
1696 43 0.0266204
1697 43 -0.0342465
39 44 0.142241
40 44 -0.0217054
41 44 -0.165521
42 44 -0.000297816
43 44 0.00482927
44 44 0.906037
45 44 -0.0545396
46 44 -0.00162489
47 44 -0.16589
60 44 -0.0415523
61 44 -0.0345201
62 44 0.168138
138 44 -0.0428252
139 44 0.0544264
140 44 0.163825
1614 44 0.0479421
1615 44 -0.201576
1616 44 -0.0986274
1617 44 -0.0118395
1618 44 0.169175
1619 44 -0.119322
1674 44 0.0915883
1675 44 0.182212
1676 44 -0.107595
1677 44 -0.0408395
1678 44 -0.145109
1679 44 -0.0939641
1692 44 -0.389754
1693 44 0.0280634
1694 44 -0.361544
1695 44 0.299877
1696 44 -0.0341695
1697 44 -0.107403
42 45 0.0796994
43 45 -0.000810762
44 45 -0.0545396
45 45 0.554332
46 45 -0.018963
47 45 0.25943
63 45 -0.0648546
64 45 -0.18567
65 45 0.0352558
141 45 -0.0144925
142 45 0.186483
143 45 0.0186734
1617 45 0.0161177
1618 45 -0.0991571
1619 45 -0.0309835
1677 45 0.0250029
1678 45 0.0645118
1679 45 -0.022413
1695 45 -0.352735
1696 45 0.0282925
1697 45 -0.389684
1698 45 -0.224936
1699 45 0.0253133
1700 45 0.184261
42 46 0.00464197
43 46 0.0861902
44 46 -0.00162489
45 46 -0.018963
46 46 0.297541
47 46 -0.0185773
63 46 -0.0682755
64 46 -0.0191374
65 46 0.0379158
141 46 0.0636784
142 46 -0.0673466
143 46 -0.0367068
1617 46 0.0233287
1618 46 -0.148628
1619 46 -0.0637739
1677 46 -0.052829
1678 46 -0.143473
1679 46 0.071935
1695 46 0.0280574
1696 46 0.032895
1697 46 0.0282624
1698 46 0.0203609
1699 46 -0.0199073
1700 46 -0.0174304
42 47 0.141352
43 47 -0.0212018
44 47 -0.16589
45 47 0.25943
46 47 -0.0185773
47 47 0.558564
63 47 -0.0771939
64 47 -0.0721326
65 47 0.083992
141 47 -0.0640886
142 47 0.0927619
143 47 0.0818391
1617 47 0.0515313
1618 47 -0.193373
1619 47 -0.0934958
1677 47 0.0905214
1678 47 0.182072
1679 47 -0.107535
1695 47 -0.390005
1696 47 0.0284537
1697 47 -0.358177
1698 47 -0.0115464
1699 47 0.0019978
1700 47 0.0188376
48 48 0.777188
49 48 -0.0614317
50 48 -0.149985
51 48 0.0777543
52 48 0.0065683
53 48 0.146115
69 48 -0.0653217
70 48 -0.206165
71 48 -0.0710228
150 48 -0.0253311
151 48 0.247597
152 48 -0.053634
1620 48 0.00601699
1621 48 -0.156231
1622 48 0.0871792
1680 48 0.00621777
1681 48 -0.0046118
1682 48 -0.00941629
1683 48 0.0171575
1684 48 0.113005
1685 48 0.048612
1704 48 -0.166776
1705 48 -0.0169807
1706 48 -0.2862
1707 48 -0.608771
1708 48 0.0782496
1709 48 0.288352
48 49 -0.0614317
49 49 0.552967
50 49 -0.0545036
51 49 -0.000947713
52 49 0.0859317
53 49 -0.0248346
69 49 -0.0470839
70 49 -0.0185582
71 49 -0.0480715
150 49 0.247685
151 49 -0.134073
152 49 0.06679
1620 49 -0.00468732
1621 49 -0.123767
1622 49 0.0703594
1680 49 -0.156345
1681 49 -0.12413
1682 49 0.149906
1683 49 -0.0951908
1684 49 -0.262126
1685 49 -0.201688
1704 49 0.0397316
1705 49 0.0166012
1706 49 0.0771091
1707 49 0.0782699
1708 49 0.0252889
1709 49 -0.035067
48 50 -0.149985
49 50 -0.0545036
50 50 0.532294
51 50 -0.049537
52 50 -0.00460996
53 50 -0.163686
69 50 0.0276244
70 50 0.0112005
71 50 0.0838799
150 50 -0.0536069
151 50 0.0667329
152 50 0.159404
1620 50 -0.00937236
1621 50 0.150277
1622 50 -0.108256
1680 50 0.0873938
1681 50 0.0704733
1682 50 -0.108093
1683 50 -0.037153
1684 50 -0.151811
1685 50 -0.0940406
1704 50 -0.103775
1705 50 -0.0526583
1706 50 -0.188834
1707 50 0.288411
1708 50 -0.0351016
1709 50 -0.0945348
33 51 -0.0650099
34 51 -0.0476408
35 51 0.0285659
48 51 0.0777543
49 51 -0.000947713
50 51 -0.049537
51 51 1.0668
52 51 0.05989
53 51 0.15174
54 51 0.156467
55 51 0.00520054
56 51 0.0937461
72 51 -0.130853
73 51 -0.253062
74 51 -0.042861
153 51 -0.025663
154 51 0.248045
155 51 -0.0516489
1608 51 -0.170492
1609 51 0.0405426
1610 51 -0.10384
1620 51 0.0170821
1621 51 -0.0961978
1622 51 -0.0378857
1623 51 4.09354e-05
1624 51 -0.111313
1625 51 0.0985867
1683 51 -9.32865e-05
1684 51 0.039237
1685 51 0.00246137
1686 51 0.0344689
1687 51 0.0151048
1688 51 0.00949707
1707 51 -0.337119
1708 51 0.0239807
1709 51 -0.390381
1710 51 -0.605254
1711 51 0.0771608
1712 51 0.291557
33 52 -0.205975
34 52 -0.0190763
35 52 0.0124637
48 52 0.0065683
49 52 0.0859317
50 52 -0.00460996
51 52 0.05989
52 52 1.29113
53 52 0.0536363
54 52 0.00521705
55 52 0.17222
56 52 -0.0280994
72 52 -0.253786
73 52 -0.0369588
74 52 -0.035783
153 52 0.248251
154 52 -0.134793
155 52 0.0642779
1608 52 -0.0166135
1609 52 0.0165641
1610 52 -0.0520379
1620 52 0.11176
1621 52 -0.261613
1622 52 -0.152372
1623 52 0.0397902
1624 52 -0.31609
1625 52 0.213096
1683 52 -0.11187
1684 52 -0.316109
1685 52 0.2937
1686 52 0.0155373
1687 52 -0.521833
1688 52 -0.354492
1707 52 0.0239121
1708 52 0.0332812
1709 52 0.0254305
1710 52 0.0773189
1711 52 0.0254818
1712 52 -0.03521
33 53 -0.0704321
34 53 -0.0481928
35 53 0.0840862
48 53 0.146115
49 53 -0.0248346
50 53 -0.163686
51 53 0.15174
52 53 0.0536363
53 53 1.31256
54 53 0.093557
55 53 -0.0279524
56 53 -0.328687
72 53 -0.0429928
73 53 -0.0357912
74 53 0.167811
153 53 -0.0517364
154 53 0.0643339
155 53 0.160456
1608 53 -0.28672
1609 53 0.0768525
1610 53 -0.185081
1620 53 0.047876
1621 53 -0.201516
1622 53 -0.094478
1623 53 0.00234775
1624 53 0.293865
1625 53 -0.135962
1683 53 0.0987656
1684 53 0.213524
1685 53 -0.135809
1686 53 0.0096095
1687 53 -0.353987
1688 53 -0.190653
1707 53 -0.38987
1708 53 0.0251996
1709 53 -0.37418
1710 53 0.291741
1711 53 -0.035137
1712 53 -0.0982448
0 54 -0.0262395
1 54 0.248636
2 54 -0.0497064
36 54 -0.130479
37 54 -0.253793
38 54 -0.0425146
51 54 0.156467
52 54 0.00521705
53 54 0.093557
54 54 1.82596
55 54 -0.000256488
56 54 -0.000297242
57 54 0.157311
58 54 0.004668
59 54 0.091517
75 54 -0.130982
76 54 -0.253114
77 54 -0.0425003
156 54 -0.0265598
157 54 0.248668
158 54 -0.0498773
1608 54 -0.603487
1609 54 0.0754678
1610 54 0.293711
1611 54 -0.343816
1612 54 0.0258539
1613 54 -0.390135
1623 54 0.0343101
1624 54 0.0141261
1625 54 0.00889482
1626 54 0.00737483
1627 54 -0.114227
1628 54 0.0868866
1686 54 0.00727469
1687 54 -0.115308
1688 54 0.0875503
1689 54 0.0345915
1690 54 0.0133291
1691 54 0.00854722
1710 54 -0.341314
1711 54 0.0252095
1712 54 -0.390225
1713 54 -0.602276
1714 54 0.0755224
1715 54 0.294592
0 55 0.248742
1 55 -0.135265
2 55 0.0618647
36 55 -0.253362
37 55 -0.0374592
38 55 -0.035447
51 55 0.00520054
52 55 0.17222
53 55 -0.0279524
54 55 -0.000256488
55 55 1.82666
56 55 -7.50307e-05
57 55 0.00466362
58 55 0.172505
59 55 -0.0257939
75 55 -0.253846
76 55 -0.0369466
77 55 -0.0354429
156 55 0.248793
157 55 -0.134856
158 55 0.0619348
1608 55 0.0758923
1609 55 0.0258542
1610 55 -0.0348804
1611 55 0.0260133
1612 55 0.0329643
1613 55 0.0266912
1623 55 0.0135858
1624 55 -0.520771
1625 55 -0.354412
1626 55 -0.114812
1627 55 -0.443603
1628 55 0.36383
1686 55 -0.114748
1687 55 -0.443048
1688 55 0.364035
1689 55 0.0137612
1690 55 -0.519012
1691 55 -0.355651
1710 55 0.0249508
1711 55 0.0330655
1712 55 0.026213
1713 55 0.0754211
1714 55 0.0258235
1715 55 -0.0349137
0 56 -0.0496636
1 56 0.0617844
2 56 0.161505
36 56 -0.0423573
37 56 -0.0353759
38 56 0.167938
51 56 0.0937461
52 56 -0.0280994
53 56 -0.328687
54 56 -0.000297242
55 56 -7.50307e-05
56 56 1.82592
57 56 0.0911812
58 56 -0.0257228
59 56 -0.329816
75 56 -0.0424997
76 56 -0.0353405
77 56 0.167929
156 56 -0.049957
157 56 0.0620028
158 56 0.161416
1608 56 0.293419
1609 56 -0.0346681
1610 56 -0.100385
1611 56 -0.390346
1612 56 0.0267163
1613 56 -0.367166
1623 56 0.00880926
1624 56 -0.354665
1625 56 -0.191556
1626 56 0.0869317
1627 56 0.363995
1628 56 -0.241789
1686 56 0.0873747
1687 56 0.363888
1688 56 -0.242244
1689 56 0.00867677
1690 56 -0.355724
1691 56 -0.193597
1710 56 -0.389746
1711 56 0.0262039
1712 56 -0.369769
1713 56 0.294728
1714 56 -0.0349207
1715 56 -0.101564
3 57 -0.0265375
4 57 0.249097
5 57 -0.0480926
39 57 -0.130698
40 57 -0.2539
41 57 -0.0420408
54 57 0.157311
55 57 0.00466362
56 57 0.0911812
57 57 1.82618
58 57 -0.000323455
59 57 0.000140036
60 57 0.158226
61 57 0.00412282
62 57 0.0890559
78 57 -0.131203
79 57 -0.253115
80 57 -0.042251
159 57 -0.0272025
160 57 0.249162
161 57 -0.048295
1611 57 -0.601283
1612 57 0.0744095
1613 57 0.29576
1614 57 -0.347203
1615 57 0.0272827
1616 57 -0.390142
1626 57 0.0343522
1627 57 0.0125108
1628 57 0.00812477
1629 57 0.00820101
1630 57 -0.112698
1631 57 0.0851414
1689 57 0.00804325
1690 57 -0.113731
1691 57 0.0860038
1692 57 0.0346312
1693 57 0.0118522
1694 57 0.00770434
1713 57 -0.345292
1714 57 0.0268105
1715 57 -0.38994
1716 57 -0.599394
1717 57 0.0738576
1718 57 0.29765
3 58 0.249077
4 58 -0.135767
5 58 0.0597709
39 58 -0.253327
40 58 -0.0373396
41 58 -0.0349539
54 58 0.004668
55 58 0.172505
56 58 -0.0257228
57 58 -0.000323455
58 58 1.82667
59 58 -0.000163708
60 58 0.00412241
61 58 0.172745
62 58 -0.0234915
78 58 -0.253885
79 58 -0.0368
80 58 -0.0351477
159 58 0.249262
160 58 -0.135053
161 58 0.0598697
1611 58 0.0746515
1612 58 0.0260216
1613 58 -0.0347374
1614 58 0.0276052
1615 58 0.0327496
1616 58 0.0280404
1626 58 0.012021
1627 58 -0.517679
1628 58 -0.356072
1629 58 -0.113292
1630 58 -0.446859
1631 58 0.363327
1689 58 -0.113264
1690 58 -0.445843
1691 58 0.363538
1692 58 0.0123936
1693 58 -0.516224
1694 58 -0.357081
1713 58 0.0266093
1714 58 0.0328491
1715 58 0.0274714
1716 58 0.0736823
1717 58 0.0261555
1718 58 -0.0346474
3 59 -0.0481057
4 59 0.059792
5 59 0.162305
39 59 -0.0420882
40 59 -0.0350725
41 59 0.168038
54 59 0.091517
55 59 -0.0257939
56 59 -0.329816
57 59 0.000140036
58 59 -0.000163708
59 59 1.82568
60 59 0.0886677
61 59 -0.0233922
62 59 -0.330971
78 59 -0.0421964
79 59 -0.0349958
80 59 0.168003
159 59 -0.0482704
160 59 0.0598151
161 59 0.162256
1611 59 0.295731
1612 59 -0.0346344
1613 59 -0.102756
1614 59 -0.390284
1615 59 0.0278452
1616 59 -0.363564
1626 59 0.00805535
1627 59 -0.356005
1628 59 -0.19469
1629 59 0.0852483
1630 59 0.363592
1631 59 -0.239359
1689 59 0.0858335
1690 59 0.363351
1691 59 -0.240217
1692 59 0.00792338
1693 59 -0.357129
1694 59 -0.196424
1713 59 -0.389682
1714 59 0.0274671
1715 59 -0.365574
1716 59 0.29751
1717 59 -0.0346758
1718 59 -0.104779
6 60 -0.0274843
7 60 0.24953
8 60 -0.0466403
42 60 -0.130623
43 60 -0.253889
44 60 -0.0415523
57 60 0.158226
58 60 0.00412241
59 60 0.0886677
60 60 1.82583
61 60 -0.000372582
62 60 0.000331177
63 60 0.159025
64 60 0.00359486
65 60 0.0868064
81 60 -0.131011
82 60 -0.253242
83 60 -0.041906
162 60 -0.0279287
163 60 0.249663
164 60 -0.0466933
1614 60 -0.59883
1615 60 0.0727044
1616 60 0.298175
1617 60 -0.350185
1618 60 0.0281262
1619 60 -0.390125
1629 60 0.0343684
1630 60 0.0113053
1631 60 0.00750564
1632 60 0.00907376
1633 60 -0.110873
1634 60 0.0832541
1692 60 0.00908707
1693 60 -0.111876
1694 60 0.0841172
1695 60 0.0347652
1696 60 0.0108273
1697 60 0.00717359
1716 60 -0.349448
1717 60 0.0282788
1718 60 -0.389742
1719 60 -0.596735
1720 60 0.0721002
1721 60 0.300628
6 61 0.249665
7 61 -0.135551
8 61 0.0577508
42 61 -0.253513
43 61 -0.0375158
44 61 -0.0345201
57 61 0.00412282
58 61 0.172745
59 61 -0.0233922
60 61 -0.000372582
61 61 1.8269
62 61 -0.000174139
63 61 0.0036298
64 61 0.172965
65 61 -0.0212546
81 61 -0.253972
82 61 -0.0370863
83 61 -0.0348273
162 61 0.249745
163 61 -0.135152
164 61 0.0577633
1614 61 0.0727013
1615 61 0.0263671
1616 61 -0.0342906
1617 61 0.0286534
1618 61 0.0325945
1619 61 0.028742
1629 61 0.0109063
1630 61 -0.514643
1631 61 -0.357665
1632 61 -0.111411
1633 61 -0.450123
1634 61 0.36283
1692 61 -0.11155
1693 61 -0.448933
1694 61 0.363239
1695 61 0.0113739
1696 61 -0.513782
1697 61 -0.358516
1716 61 0.0281561
1717 61 0.0327441
1718 61 0.0286602
1719 61 0.0718646
1720 61 0.0266042
1721 61 -0.0343457
6 62 -0.0467157
7 62 0.0578137
8 62 0.163036
42 62 -0.0417972
43 62 -0.0347758
44 62 0.168138
57 62 0.0890559
58 62 -0.0234915
59 62 -0.330971
60 62 0.000331177
61 62 -0.000174139
62 62 1.82581
63 62 0.0864184
64 62 -0.020958
65 62 -0.33199
81 62 -0.0417865
82 62 -0.0346275
83 62 0.168097
162 62 -0.0465535
163 62 0.0575708
164 62 0.16308
1614 62 0.298242
1615 62 -0.0343056
1616 62 -0.105554
1617 62 -0.390039
1618 62 0.0283497
1619 62 -0.360427
1629 62 0.00742412
1630 62 -0.357477
1631 62 -0.197743
1632 62 0.0834536
1633 62 0.363352
1634 62 -0.236968
1692 62 0.083972
1693 62 0.363082
1694 62 -0.238171
1695 62 0.00750416
1696 62 -0.358596
1697 62 -0.199
1716 62 -0.389748
1717 62 0.0286298
1718 62 -0.361313
1719 62 0.300239
1720 62 -0.0343922
1721 62 -0.107886
45 63 -0.0648546
46 63 -0.0682755
47 63 -0.0771939
60 63 0.159025
61 63 0.0036298
62 63 0.0864184
63 63 1.19738
64 63 0.0572392
65 63 -0.201734
66 63 0.0802379
67 63 0.00392252
68 63 0.139669
84 63 -0.131128
85 63 -0.25334
86 63 -0.0413895
165 63 -0.0284244
166 63 0.250084
167 63 -0.0447593
1617 63 -0.298368
1618 63 0.0753469
1619 63 0.0555263
1632 63 0.0181255
1633 63 -0.0128265
1634 63 -0.0442938
1635 63 0.00501593
1636 63 -0.156114
1637 63 0.0936927
1695 63 0.0101774
1696 63 -0.109709
1697 63 0.0820678
1698 63 0.0181883
1699 63 0.109434
1700 63 0.0384572
1719 63 -0.353359
1720 63 0.0297326
1721 63 -0.389797
1722 63 -0.593878
1723 63 0.0708749
1724 63 0.303335
45 64 -0.18567
46 64 -0.0191374
47 64 -0.0721326
60 64 0.00359486
61 64 0.172965
62 64 -0.020958
63 64 0.0572392
64 64 1.28321
65 64 -0.0358922
66 64 -0.000642129
67 64 0.0863364
68 64 -0.020005
84 64 -0.254009
85 64 -0.0371165
86 64 -0.0343812
165 64 0.250245
166 64 -0.135542
167 64 0.0553679
1617 64 -0.00542646
1618 64 0.0133257
1619 64 0.0352268
1632 64 0.109588
1633 64 -0.363655
1634 64 -0.165228
1635 64 0.046785
1636 64 -0.226126
1637 64 0.194037
1695 64 -0.109548
1696 64 -0.452002
1697 64 0.363374
1698 64 -0.0130276
1699 64 -0.363655
1700 64 -0.295134
1719 64 0.0298735
1720 64 0.0326275
1721 64 0.0300415
1722 64 0.0709963
1723 64 0.0269043
1724 64 -0.0343169
45 65 0.0352558
46 65 0.0379158
47 65 0.083992
60 65 0.0868064
61 65 -0.0212546
62 65 -0.33199
63 65 -0.201734
64 65 -0.0358922
65 65 1.18991
66 65 -0.0561919
67 65 -0.00035905
68 65 -0.166574
84 65 -0.0412442
85 65 -0.0341693
86 65 0.168244
165 65 -0.0446706
166 65 0.0552221
167 65 0.163966
1617 65 0.245128
1618 65 -0.0687338
1619 65 -0.0539667
1632 65 0.0383469
1633 65 -0.2948
1634 65 -0.106482
1635 65 -0.0122605
1636 65 0.169669
1637 65 -0.117899
1695 65 0.0818567
1696 65 0.362679
1697 65 -0.236193
1698 65 -0.0444871
1699 65 -0.165904
1700 65 -0.106545
1719 65 -0.389795
1720 65 0.0298478
1721 65 -0.357286
1722 65 0.302988
1723 65 -0.0342205
1724 65 -0.111043
63 66 0.0802379
64 66 -0.000642129
65 66 -0.0561919
66 66 0.648029
67 66 -0.0592683
68 66 0.200696
87 66 -0.065515
88 66 -0.186205
89 66 0.0355316
168 66 -0.0295749
169 66 0.250695
170 66 -0.0430248
1635 66 0.016225
1636 66 -0.100535
1637 66 -0.0322779
1698 66 0.00573595
1699 66 0.0480084
1700 66 -0.0131256
1701 66 0.0165772
1702 66 0.0227993
1703 66 0.0508803
1722 66 -0.357813
1723 66 0.0307496
1724 66 -0.389734
1725 66 -0.295768
1726 66 -0.00560185
1727 66 0.247247
63 67 0.00392252
64 67 0.0863364
65 67 -0.00035905
66 67 -0.0592683
67 67 0.561812
68 67 0.0358397
87 67 -0.0676513
88 67 -0.0186121
89 67 0.0379027
168 67 0.250789
169 67 -0.135178
170 67 0.0529246
1635 67 0.0225273
1636 67 -0.147461
1637 67 -0.064171
1698 67 -0.15551
1699 67 -0.226957
1700 67 0.169936
1701 67 -0.100491
1702 67 -0.147828
1703 67 -0.193043
1722 67 0.0306379
1723 67 0.0325273
1724 67 0.0305682
1725 67 0.0750441
1726 67 0.0134943
1727 67 -0.069599
63 68 0.139669
64 68 -0.020005
65 68 -0.166574
66 68 0.200696
67 68 0.0358397
68 68 0.652607
87 68 -0.0765959
88 68 -0.0712313
89 68 0.0841271
168 68 -0.0430531
169 68 0.0529393
170 68 0.164753
1635 68 0.0506965
1636 68 -0.193107
1637 68 -0.0947698
1698 68 0.0928508
1699 68 0.193867
1700 68 -0.117788
1701 68 -0.0324531
1702 68 -0.0643253
1703 68 -0.0947548
1722 68 -0.389723
1723 68 0.0306042
1724 68 -0.352731
1725 68 0.0579132
1726 68 0.0354179
1727 68 -0.0567349
48 69 -0.0653217
49 69 -0.0470839
50 69 0.0276244
69 69 0.921571
70 69 -0.000958146
71 69 0.000660104
72 69 0.15527
73 69 0.0057807
74 69 0.0966756
90 69 -0.065608
91 69 -0.206252
92 69 -0.0703511
177 69 -0.024879
178 69 0.247438
179 69 -0.0540001
1620 69 -0.167876
1621 69 0.0401258
1622 69 -0.103869
1638 69 0.00284792
1639 69 -0.109878
1640 69 0.086855
1704 69 0.00287295
1705 69 -0.00777946
1706 69 0.0037374
1707 69 0.0344909
1708 69 0.0166514
1709 69 0.0103763
1728 69 -0.167042
1729 69 -0.0174416
1730 69 -0.286071
1731 69 -0.608193
1732 69 0.0793966
1733 69 0.288363
48 70 -0.206165
49 70 -0.0185582
50 70 0.0112005
69 70 -0.000958146
70 70 0.922065
71 70 -0.000520878
72 70 0.00573937
73 70 0.172033
74 70 -0.0298455
90 70 -0.047046
91 70 -0.0184236
92 70 -0.0477428
177 70 0.24748
178 70 -0.134332
179 70 0.0673725
1620 70 -0.0166769
1621 70 0.016579
1622 70 -0.0525262
1638 70 -0.00772463
1639 70 -0.218964
1640 70 0.0872983
1704 70 -0.110591
1705 70 -0.219142
1706 70 0.276329
1707 70 0.0169004
1708 70 -0.524735
1709 70 -0.352977
1728 70 0.0397483
1729 70 0.016636
1730 70 0.0769971
1731 70 0.0792929
1732 70 0.0249757
1733 70 -0.035585
48 71 -0.0710228
49 71 -0.0480715
50 71 0.0838799
69 71 0.000660104
70 71 -0.000520878
71 71 0.922835
72 71 0.0964824
73 71 -0.0299981
74 71 -0.327304
90 71 0.0279335
91 71 0.0116521
92 71 0.0840317
177 71 -0.0538189
178 71 0.0671356
179 71 0.159211
1620 71 -0.286163
1621 71 0.0772124
1622 71 -0.187712
1638 71 0.00357012
1639 71 0.276509
1640 71 -0.122892
1704 71 0.0872093
1705 71 0.0875042
1706 71 -0.12274
1707 71 0.0105244
1708 71 -0.352764
1709 71 -0.187773
1728 71 -0.103874
1729 71 -0.0529544
1730 71 -0.188603
1731 71 0.288499
1732 71 -0.035704
1733 71 -0.0947997
9 72 -0.0246419
10 72 0.248026
11 72 -0.0514793
51 72 -0.130853
52 72 -0.253786
53 72 -0.0429928
69 72 0.15527
70 72 0.00573937
71 72 0.0964824
72 72 1.82623
73 72 -0.000688585
74 72 -9.17551e-05
75 72 0.156271
76 72 0.00525362
77 72 0.0941463
93 72 -0.131073
94 72 -0.253048
95 72 -0.0427682
180 72 -0.025268
181 72 0.247937
182 72 -0.0518772
1620 72 -0.606614
1621 72 0.078184
1622 72 0.290211
1623 72 -0.339693
1624 72 0.0247558
1625 72 -0.390131
1638 72 0.0342851
1639 72 0.0152111
1640 72 0.00949188
1641 72 0.0060383
1642 72 -0.116436
1643 72 0.0891238
1707 72 0.00598668
1708 72 -0.117622
1709 72 0.0898796
1710 72 0.0346224
1711 72 0.0145488
1712 72 0.00918018
1731 72 -0.33698
1732 72 0.0238962
1733 72 -0.390416
1734 72 -0.605452
1735 72 0.078028
1736 72 0.29124
9 73 0.247866
10 73 -0.135889
11 73 0.064338
51 73 -0.253062
52 73 -0.0369588
53 73 -0.0357912
69 73 0.0057807
70 73 0.172033
71 73 -0.0299981
72 73 -0.000688585
73 73 1.82651
74 73 8.56526e-05
75 73 0.00523395
76 73 0.172257
77 73 -0.0280173
93 73 -0.253736
94 73 -0.0367559
95 73 -0.0356787
180 73 0.24805
181 73 -0.135037
182 73 0.0646904
1620 73 0.0783687
1621 73 0.0253122
1622 73 -0.0354212
1623 73 0.0249277
1624 73 0.033213
1625 73 0.0258627
1638 73 0.0146866
1639 73 -0.522976
1640 73 -0.35362
1641 73 -0.116857
1642 73 -0.44037
1643 73 0.363737
1707 73 -0.117116
1708 73 -0.439534
1709 73 0.364125
1710 73 0.014786
1711 73 -0.52227
1712 73 -0.354228
1731 73 0.0237624
1732 73 0.0333008
1733 73 0.0254232
1734 73 0.0779983
1735 73 0.0252982
1736 73 -0.0355077
9 74 -0.0513351
10 74 0.0641989
11 74 0.16053
51 74 -0.042861
52 74 -0.035783
53 74 0.167811
69 74 0.0966756
70 74 -0.0298455
71 74 -0.327304
72 74 -9.17551e-05
73 74 8.56526e-05
74 74 1.8258
75 74 0.0939613
76 74 -0.0280659
77 74 -0.328528
93 74 -0.0429996
94 74 -0.0357747
95 74 0.167829
180 74 -0.051961
181 74 0.0647658
182 74 0.160305
1620 74 0.29037
1621 74 -0.0353647
1622 74 -0.0967151
1623 74 -0.390411
1624 74 0.0259477
1625 74 -0.371537
1638 74 0.00924245
1639 74 -0.353485
1640 74 -0.189327
1641 74 0.0890727
1642 74 0.36384
1643 74 -0.243685
1707 74 0.0897052
1708 74 0.363918
1709 74 -0.24447
1710 74 0.0092841
1711 74 -0.354086
1712 74 -0.19037
1731 74 -0.390009
1732 74 0.0251854
1733 74 -0.374338
1734 74 0.291357
1735 74 -0.0355361
1736 74 -0.0978637
12 75 -0.0252088
13 75 0.248429
14 75 -0.0499886
54 75 -0.130982
55 75 -0.253846
56 75 -0.0424997
72 75 0.156271
73 75 0.00523395
74 75 0.0939613
75 75 1.82623
76 75 -0.000484696
77 75 -3.38097e-05
78 75 0.157244
79 75 0.00468352
80 75 0.0916644
96 75 -0.132019
97 75 -0.252815
98 75 -0.0427574
183 75 -0.0258024
184 75 0.248474
185 75 -0.0498704
1623 75 -0.604104
1624 75 0.0768866
1625 75 0.292812
1626 75 -0.343208
1627 75 0.0260803
1628 75 -0.39009
1641 75 0.0344132
1642 75 0.0133993
1643 75 0.00854051
1644 75 0.00680399
1645 75 -0.115264
1646 75 0.0877025
1710 75 0.00680006
1711 75 -0.116052
1712 75 0.0882566
1713 75 0.0346888
1714 75 0.0127851
1715 75 0.00819037
1734 75 -0.34076
1735 75 0.0257616
1736 75 -0.390229
1737 75 -0.602233
1738 75 0.0767284
1739 75 0.294341
12 76 0.248355
13 76 -0.136113
14 76 0.0624036
54 76 -0.253114
55 76 -0.0369466
56 76 -0.0353405
72 76 0.00525362
73 76 0.172257
74 76 -0.0280659
75 76 -0.000484696
76 76 1.8266
77 76 3.16944e-05
78 76 0.00469402
79 76 0.172509
80 76 -0.025905
96 76 -0.253691
97 76 -0.0358555
98 76 -0.0355129
183 76 0.248608
184 76 -0.135561
185 76 0.0621297
1623 76 0.0770068
1624 76 0.0255874
1625 76 -0.0352918
1626 76 0.0263748
1627 76 0.0329516
1628 76 0.0270486
1641 76 0.0129924
1642 76 -0.520778
1643 76 -0.354628
1644 76 -0.115829
1645 76 -0.443204
1646 76 0.363378
1710 76 -0.115591
1711 76 -0.442457
1712 76 0.363898
1713 76 0.0131295
1714 76 -0.51926
1715 76 -0.355653
1734 76 0.0256381
1735 76 0.0329134
1736 76 0.0269749
1737 76 0.0766564
1738 76 0.0254935
1739 76 -0.0354669
12 77 -0.0498752
13 77 0.0622801
14 77 0.161321
54 77 -0.0425003
55 77 -0.0354429
56 77 0.167929
72 77 0.0941463
73 77 -0.0280173
74 77 -0.328528
75 77 -3.38097e-05
76 77 3.16944e-05
77 77 1.82571
78 77 0.0913303
79 77 -0.0257525
80 77 -0.329753
96 77 -0.0427748
97 77 -0.0354051
98 77 0.167874
183 77 -0.0499789
184 77 0.0622315
185 77 0.161363
1623 77 0.292832
1624 77 -0.0352544
1625 77 -0.0995006
1626 77 -0.390401
1627 77 0.027041
1628 77 -0.367761
1641 77 0.00848522
1642 77 -0.354717
1643 77 -0.191653
1644 77 0.0877479
1645 77 0.363725
1646 77 -0.241617
1710 77 0.0880821
1711 77 0.363529
1712 77 -0.242361
1713 77 0.00829395
1714 77 -0.355611
1715 77 -0.193446
1734 77 -0.389691
1735 77 0.0267923
1736 77 -0.370171
1737 77 0.294337
1738 77 -0.0354304
1739 77 -0.101278
15 78 -0.0259546
16 78 0.248992
17 78 -0.047966
57 78 -0.131203
58 78 -0.253885
59 78 -0.0421964
75 78 0.157244
76 78 0.00469402
77 78 0.0913303
78 78 1.82636
79 78 -0.000307573
80 78 0.000190783
81 78 0.158301
82 78 0.00405485
83 78 0.0888547
99 78 -0.132154
100 78 -0.252856
101 78 -0.0424616
186 78 -0.0264608
187 78 0.249006
188 78 -0.0481564
1626 78 -0.601297
1627 78 0.0750448
1628 78 0.295595
1629 78 -0.347291
1630 78 0.0278427
1631 78 -0.390048
1644 78 0.0343778
1645 78 0.0117278
1646 78 0.00764657
1647 78 0.00785244
1648 78 -0.11335
1649 78 0.0856214
1713 78 0.00775774
1714 78 -0.114479
1715 78 0.0865469
1716 78 0.0347326
1717 78 0.0111211
1718 78 0.00723962
1737 78 -0.345007
1738 78 0.027602
1739 78 -0.389919
1740 78 -0.59912
1741 78 0.0747925
1742 78 0.297722
15 79 0.248947
16 79 -0.136378
17 79 0.0597521
57 79 -0.253115
58 79 -0.0368
59 79 -0.0349958
75 79 0.00468352
76 79 0.172509
77 79 -0.0257525
78 79 -0.000307573
79 79 1.82663
80 79 -0.000167397
81 79 0.00407009
82 79 0.172776
83 79 -0.0232555
99 79 -0.253739
100 79 -0.0358091
101 79 -0.0351897
186 79 0.249117
187 79 -0.135823
188 79 0.0598807
1626 79 0.0752397
1627 79 0.0258815
1628 79 -0.035001
1629 79 0.0282082
1630 79 0.0326567
1631 79 0.0285533
1644 79 0.011224
1645 79 -0.517474
1646 79 -0.35615
1647 79 -0.113987
1648 79 -0.446933
1649 79 0.362995
1713 79 -0.114037
1714 79 -0.445759
1715 79 0.363412
1716 79 0.0117037
1717 79 -0.515982
1718 79 -0.357308
1737 79 0.0273746
1738 79 0.0327123
1739 79 0.0283546
1740 79 0.0746175
1741 79 0.0259229
1742 79 -0.0351275
15 80 -0.0479815
16 80 0.0597824
17 80 0.162332
57 80 -0.042251
58 80 -0.0351477
59 80 0.168003
75 80 0.0916644
76 80 -0.025905
77 80 -0.329753
78 80 0.000190783
79 80 -0.000167397
80 80 1.82555
81 80 0.0884364
82 80 -0.0230598
83 80 -0.331076
99 80 -0.0423995
100 80 -0.0350158
101 80 0.167963
186 80 -0.0481168
187 80 0.0598045
188 80 0.162284
1626 80 0.295642
1627 80 -0.0349381
1628 80 -0.102602
1629 80 -0.390245
1630 80 0.0284171
