0 0 0.939019
1 0 -0.193289
2 0 0.0914764
15 0 -0.0720164
16 0 0.580486
17 0 -0.272608
195 0 -0.0064099
196 0 -0.0290895
197 0 0.0118786
198 0 -0.00268357
199 0 0.142719
200 0 0.25247
201 0 -0.0996115
202 0 -0.200896
203 0 -0.344771
204 0 -0.603637
205 0 -0.301303
206 0 0.26187
0 1 -0.193289
1 1 0.98626
2 1 -0.102104
15 1 0.578497
16 1 -0.220774
17 1 0.309513
195 1 -0.449505
196 1 -0.361621
197 1 0.258226
198 1 -0.0571958
199 1 -0.379555
200 1 -0.516543
201 1 0.00194396
202 1 0.0659917
203 1 0.133452
204 1 0.120622
205 1 0.0661405
206 1 -0.0827817
0 2 0.0914764
1 2 -0.102104
2 2 0.818298
15 2 -0.272
16 2 0.310408
17 2 0.292531
195 2 0.264813
196 2 0.194806
197 2 -0.201818
198 2 0.00962256
199 2 -0.132202
200 2 -0.186434
201 2 -0.103931
202 2 -0.249765
203 2 -0.535832
204 2 0.00977177
205 2 -0.0208835
206 2 -0.0318064
3 3 2.13882
4 3 -0.0109434
5 3 -0.161435
6 3 0.0806321
7 3 0.011335
8 3 0.517288
12 3 -0.0440931
13 3 -0.507567
14 3 -0.243073
33 3 -0.0267654
34 3 0.489641
35 3 -0.275876
195 3 -0.00491229
196 3 -0.447451
197 3 0.267131
207 3 -0.00737162
208 3 0.464906
209 3 0.243262
213 3 -0.13214
214 3 -0.0210871
215 3 -0.599969
216 3 -1.85003
217 3 0.0183694
218 3 0.257119
3 4 -0.0109434
4 4 0.864086
5 4 -0.00273256
6 4 0.0005123
7 4 0.218254
8 4 -0.0132983
12 4 -0.0794837
13 4 -0.115545
14 4 -0.174381
33 4 0.0751416
34 4 -0.100162
35 4 0.195212
195 4 -0.0275351
196 4 -0.361732
197 4 0.197489
207 4 0.0296551
208 4 -0.392331
209 4 -0.191794
213 4 -0.00371937
214 4 -0.0449743
215 4 -0.00836611
216 4 0.0154152
217 4 0.0872684
218 4 -0.00317928
3 5 -0.161435
4 5 -0.00273256
5 5 0.879665
6 5 0.0207903
7 5 -0.0123
8 5 -0.296848
12 5 -0.00961188
13 5 -0.120048
14 5 0.158772
33 5 -0.0131139
34 5 0.140783
35 5 0.133731
195 5 0.0114071
196 5 0.258224
197 5 -0.203357
207 5 0.0117788
208 5 -0.244895
209 5 -0.170072
213 5 -0.109872
214 5 -0.0116058
215 5 -0.39773
216 5 0.248988
217 5 -0.00638956
218 5 0.0532791
3 6 0.0806321
4 6 0.0005123
5 6 0.0207903
6 6 2.38245
7 6 0.00276591
8 6 0.0059954
9 6 0.0816123
10 6 0.00035075
11 6 0.513469
15 6 -0.0876681
16 6 -0.585443
17 6 -0.262109
36 6 -0.0898294
37 6 0.546651
38 6 -0.263595
195 6 -0.0219308
196 6 -0.0229355
197 6 0.00840398
198 6 -0.0253635
199 6 -0.445724
200 6 0.260786
207 6 0.00269683
208 6 0.0583485
209 6 0.00387597
210 6 0.00211513
211 6 0.447095
212 6 0.255682
216 6 -0.33209
217 6 -0.0168477
218 6 -0.81354
219 6 -1.84065
220 6 0.00430307
221 6 0.268315
3 7 0.011335
4 7 0.218254
5 7 -0.0123
6 7 0.00276591
7 7 1.94954
8 7 0.0127771
9 7 0.000555786
10 7 0.219743
11 7 -0.00270725
15 7 -0.587264
16 7 -0.217405
17 7 -0.298365
36 7 0.231131
37 7 -0.214991
38 7 0.121779
195 7 0.445017
196 7 -0.629878
197 7 -0.283394
198 7 0.0184969
199 7 -0.607898
200 7 0.535068
207 7 -0.137661
208 7 -0.359831
209 7 0.144787
210 7 0.0231143
211 7 -0.374833
212 7 -0.197983
216 7 -0.0115812
217 7 0.0859736
218 7 -0.020579
219 7 0.00280682
220 7 0.0865231
221 7 -0.00027829
3 8 0.517288
4 8 -0.0132983
5 8 -0.296848
6 8 0.0059954
7 8 0.0127771
8 8 2.39807
9 8 0.0188
10 8 -0.000300623
11 8 -0.302513
15 8 -0.264276
16 8 -0.295239
17 8 0.306083
36 8 -0.263855
37 8 0.282301
38 8 0.305882
195 8 0.250503
196 8 -0.530138
197 8 -0.202987
198 8 0.00995289
199 8 0.29733
200 8 -0.222941
207 8 0.254099
208 8 0.52044
209 8 -0.21495
210 8 0.00662768
211 8 -0.256067
212 8 -0.196317
216 8 -0.812679
217 8 -0.024641
218 8 -1.4654
219 8 0.276418
220 8 -0.000399364
221 8 0.0454653
6 9 0.0816123
7 9 0.000555786
8 9 0.0188
9 9 1.13105
10 9 0.00284074
11 9 0.544937
18 9 -0.0413666
19 9 -0.389249
20 9 -0.0121556
39 9 -0.0459088
40 9 0.39032
41 9 -0.00670259
198 9 -0.00306662
199 9 -0.0563904
200 9 0.00971774
210 9 -0.001719
211 9 0.0558029
212 9 0.00943835
219 9 -0.324987
220 9 -0.000648174
221 9 -0.80461
222 9 -0.641788
223 9 -0.00577315
224 9 0.240928
6 10 0.00035075
7 10 0.219743
8 10 -0.000300623
9 10 0.00284074
10 10 0.854617
11 10 -0.00057628
18 10 -0.192426
19 10 -0.106614
20 10 0.037541
39 10 0.195631
40 10 -0.102377
41 10 -0.0398745
198 10 0.140447
199 10 -0.372367
200 10 -0.133429
210 10 -0.143646
211 10 -0.376928
212 10 0.134407
219 10 -0.000926991
220 10 0.0842722
221 10 0.00160678
222 10 -0.00284684
223 10 -0.0459602
224 10 0.000711405
6 11 0.513469
7 11 -0.00270725
8 11 -0.302513
9 11 0.544937
10 11 -0.00057628
11 11 1.89691
18 11 -0.261156
19 11 -0.343143
20 11 0.147288
39 11 -0.26286
40 11 0.337008
41 11 0.150458
198 11 0.256586
199 11 -0.518762
200 11 -0.193029
210 11 0.256985
211 11 0.520921
212 11 -0.190852
219 11 -0.797063
220 11 0.00629575
221 11 -1.46787
222 11 -0.251977
223 11 -0.00186869
224 11 0.115701
3 12 -0.0440931
4 12 -0.0794837
5 12 -0.00961188
12 12 2.43553
13 12 -0.0130481
14 12 4.71189e-05
15 12 0.155818
16 12 0.0139873
17 12 0.540146
21 12 -0.05935
22 12 -0.509254
23 12 -0.251405
48 12 -0.0385851
49 12 0.572904
50 12 -0.275764
195 12 -0.161906
196 12 0.0183422
197 12 -0.154659
201 12 -0.0359467
202 12 -0.413988
203 12 0.270723
213 12 -0.0395357
214 12 -0.0343412
215 12 0.0222513
216 12 -0.0460288
217 12 0.416685
218 12 0.245915
225 12 -0.166377
226 12 -0.0297799
227 12 -0.642866
228 12 -1.85109
229 12 0.0584545
230 12 0.253155
3 13 -0.507567
4 13 -0.115545
5 13 -0.120048
12 13 -0.0130481
13 13 2.43572
14 13 -0.00833406
15 13 0.0188442
16 13 0.438289
17 13 -0.0330966
21 13 -0.0815023
22 13 -0.100246
23 13 -0.168573
48 13 0.568594
49 13 -0.243775
50 13 0.319884
195 13 -0.0369508
196 13 0.0439695
197 13 -0.168886
201 13 -0.0327963
202 13 -0.583331
203 13 0.233418
213 13 -0.417219
214 13 -0.574578
215 13 0.606864
216 13 0.424431
217 13 -1.27686
218 13 -0.806221
225 13 0.0260611
226 13 0.0459929
227 13 0.154123
228 13 0.0567424
229 13 0.0874373
230 13 -0.00673586
3 14 -0.243073
4 14 -0.174381
5 14 0.158772
12 14 4.71189e-05
13 14 -0.00833406
14 14 2.42832
15 14 0.54005
16 14 -0.028283
17 14 -0.589109
21 14 -0.0123813
22 14 -0.117539
23 14 0.157008
48 14 -0.267986
49 14 0.328554
50 14 0.283381
195 14 -0.647819
196 14 0.139555
197 14 -0.735932
201 14 0.0213283
202 14 0.600752
203 14 -0.234921
213 14 0.271144
214 14 0.232088
215 14 -0.241774
216 14 0.248448
217 14 -0.79709
218 14 -0.386458
225 14 -0.167253
226 14 -0.162195
227 14 -0.736684
228 14 0.254024
229 14 -0.00723382
230 14 0.0540979
0 15 -0.0720164
1 15 0.578497
2 15 -0.272
6 15 -0.0876681
7 15 -0.587264
8 15 -0.264276
12 15 0.155818
13 15 0.0188442
14 15 0.54005
15 15 4.7135
16 15 0.00133896
17 15 -0.00336914
18 15 0.151177
19 15 0.00434075
20 15 0.541019
24 15 -0.098644
25 15 -0.587163
26 15 -0.266972
51 15 -0.0731692
52 15 0.583718
53 15 -0.262787
195 15 -1.84439
196 15 0.0197392
197 15 0.267515
198 15 -0.324256
199 15 -0.0048966
200 15 -0.802768
201 15 -0.0386025
202 15 0.417341
203 15 0.248571
204 15 -0.0589598
205 15 -0.439707
206 15 0.282158
216 15 -0.0582368
217 15 -0.435935
218 15 0.284381
219 15 -0.043655
220 15 0.419087
221 15 0.260887
228 15 -0.319212
229 15 -0.0017353
230 15 -0.805877
231 15 -1.84687
232 15 0.0140986
233 15 0.25407
0 16 0.580486
1 16 -0.220774
2 16 0.310408
6 16 -0.585443
7 16 -0.217405
8 16 -0.295239
12 16 0.0139873
13 16 0.438289
14 16 -0.028283
15 16 0.00133896
16 16 4.71177
17 16 0.0019039
18 16 0.00666347
19 16 0.437305
20 16 -0.0116588
24 16 -0.589564
25 16 -0.206786
26 16 -0.294316
51 16 0.584483
52 16 -0.226928
53 16 0.298777
195 16 0.0257251
196 16 0.0865998
197 16 -0.00247595
198 16 -0.0053222
199 16 0.0877297
200 16 -0.00739678
201 16 0.410749
202 16 -1.2701
203 16 -0.808908
204 16 -0.437042
205 16 -1.19992
206 16 0.830843
216 16 -0.435208
217 16 -1.1973
218 16 0.844776
219 16 0.415754
220 16 -1.23762
221 16 -0.823168
228 16 -0.00485988
229 16 0.0871717
230 16 -0.00881087
231 16 0.0182245
232 16 0.0867282
233 16 -0.00253685
0 17 -0.272608
1 17 0.309513
2 17 0.292531
6 17 -0.262109
7 17 -0.298365
8 17 0.306083
12 17 0.540146
13 17 -0.0330966
14 17 -0.589109
15 17 -0.00336914
16 17 0.0019039
17 17 4.70828
18 17 0.54438
19 17 -0.00805585
20 17 -0.590815
24 17 -0.269043
25 17 -0.29048
26 17 0.304139
51 17 -0.267161
52 17 0.30325
53 17 0.300596
195 17 0.264148
196 17 -0.000957386
197 17 0.0482456
198 17 -0.807561
199 17 -0.0076268
200 17 -1.47262
201 17 0.247255
202 17 -0.816244
203 17 -0.401088
204 17 0.280988
205 17 0.831801
206 17 -0.449759
216 17 0.276912
217 17 0.828923
218 17 -0.455113
219 17 0.257764
220 17 -0.818281
221 17 -0.426173
228 17 -0.795473
229 17 -2.73191e-05
230 17 -1.47368
231 17 0.263578
232 17 -0.00330031
233 17 0.0488512
9 18 -0.0413666
10 18 -0.192426
11 18 -0.261156
15 18 0.151177
16 18 0.00666347
17 18 0.54438
18 18 2.43602
19 18 0.00539232
20 18 0.000986629
27 18 -0.0398487
28 18 -0.388314
29 18 -0.00816439
54 18 -0.090053
55 18 0.583378
56 18 -0.267763
198 18 -0.924367
199 18 0.139072
200 18 -0.120062
204 18 -0.0235743
205 18 0.250425
206 18 0.00626695
219 18 -0.0531979
220 18 -0.436398
221 18 0.271264
222 18 -0.0262871
223 18 0.178482
224 18 0.26411
231 18 -0.312503
232 18 -0.00143549
233 18 -0.798396
234 18 -0.921344
235 18 -0.146466
236 18 0.369957
9 19 -0.389249
10 19 -0.106614
11 19 -0.343143
15 19 0.00434075
16 19 0.437305
17 19 -0.00805585
18 19 0.00539232
19 19 2.42972
20 19 0.011866
27 19 -0.194526
28 19 -0.110599
29 19 0.0395058
54 19 0.586261
55 19 -0.20963
56 19 0.300214
198 19 -0.127702
199 19 0.0451396
200 19 0.0710694
204 19 0.174108
205 19 -0.620335
206 19 -0.146778
219 19 -0.43475
220 19 -1.23382
221 19 0.818522
222 19 0.256435
223 19 -0.603732
224 19 -0.672
231 19 -0.00415161
232 19 0.0852445
233 19 -0.00568554
234 19 0.124756
235 19 0.0426473
236 19 -0.0649889
9 20 -0.0121556
10 20 0.037541
11 20 0.147288
15 20 0.541019
16 20 -0.0116588
17 20 -0.590815
18 20 0.000986629
19 20 0.011866
20 20 2.43382
27 20 -0.258913
28 20 -0.342636
29 20 0.150267
54 20 -0.27125
55 20 0.298408
56 20 0.300655
198 20 0.372515
199 20 -0.0700352
200 20 0.0254109
204 20 0.25218
205 20 -0.671073
206 20 -0.208409
219 20 0.271347
220 20 0.824061
221 20 -0.42122
222 20 0.0126581
223 20 -0.154563
224 20 -0.222567
231 20 -0.789203
232 20 0.00358013
233 20 -1.48108
234 20 -0.120615
235 20 0.0703949
236 20 0.0233699
12 21 -0.05935
13 21 -0.0815023
14 21 -0.0123813
21 21 0.929803
22 21 -0.253846
23 21 -0.153936
24 21 0.0797086
25 21 -0.105229
26 21 0.262544
63 21 -0.0111457
64 21 0.186622
65 21 -0.244826
201 21 -0.102026
202 21 0.00359194
203 21 -0.107481
225 21 -0.060876
226 21 -0.0465352
227 21 0.0212672
228 21 -0.0273571
229 21 0.383488
230 21 0.229948
237 21 -0.596165
238 21 -0.0894259
239 21 0.00576814
12 22 -0.509254
13 22 -0.100246
14 22 -0.117539
21 22 -0.253846
22 22 1.77369
23 22 0.545622
24 22 0.121378
25 22 0.221974
26 22 -0.237015
63 22 0.38617
64 22 -0.135066
65 22 0.354862
201 22 -0.196498
202 22 0.0680684
203 22 -0.249311
225 22 -0.274954
226 22 -0.450007
227 22 0.504847
228 22 0.393611
229 22 -1.2798
230 22 -0.825049
237 22 0.340627
238 22 0.0584842
239 22 0.0228988
12 23 -0.251405
13 23 -0.168573
14 23 0.157008
21 23 -0.153936
22 23 0.545622
23 23 1.17908
24 23 0.272636
25 23 0.207
26 23 -0.29491
63 23 -0.0172535
64 23 -0.0341111
65 23 0.142823
201 23 -0.340355
202 23 0.135753
203 23 -0.537349
225 23 0.00600782
226 23 0.061987
227 23 -0.0550545
228 23 0.23517
229 23 -0.813452
230 23 -0.405754
237 23 0.252758
238 23 0.0677356
239 23 -0.0308545
15 24 -0.098644
16 24 -0.589564
17 24 -0.269043
21 24 0.0797086
22 24 0.121378
23 24 0.272636
24 24 2.04993
25 24 0.00403979
26 24 -0.186727
27 24 0.0775609
28 24 -0.111784
29 24 0.266963
66 24 -0.0598627
67 24 0.227999
68 24 -0.266077
201 24 -0.925144
202 24 0.313155
203 24 0.126304
204 24 -0.160012
205 24 0.174061
206 24 -0.404812
228 24 -0.076537
229 24 -0.4515
230 24 0.293851
231 24 -0.0420532
232 24 0.411928
233 24 0.253071
237 24 -0.0893551
238 24 0.00327026
239 24 -0.0919699
240 24 -0.600214
241 24 -0.106943
242 24 0.00755096
15 25 -0.587163
16 25 -0.206786
17 25 -0.29048
21 25 -0.105229
22 25 0.221974
23 25 0.207
24 25 0.00403979
25 25 2.38924
26 25 0.00312344
27 25 0.118864
28 25 0.22133
29 25 -0.228054
66 25 0.537656
67 25 -0.233852
68 25 0.293979
201 25 -0.267203
202 25 0.0420859
203 25 -0.0160199
204 25 -0.177326
205 25 0.0413213
206 25 -0.233113
228 25 -0.463204
229 25 -1.18901
230 25 0.824856
231 25 0.424106
232 25 -1.24821
233 25 -0.825131
237 25 0.194182
238 25 0.0601241
239 25 0.240779
240 25 0.323889
241 25 0.0648208
242 25 0.021701
15 26 -0.266972
16 26 -0.294316
17 26 0.304139
21 26 0.262544
22 26 -0.237015
23 26 -0.29491
24 26 -0.186727
25 26 0.00312344
26 26 2.2909
27 26 0.270591
28 26 0.213375
29 26 -0.296014
66 26 -0.271609
67 26 0.131337
68 26 0.292731
201 26 0.133881
202 26 0.00898138
203 26 0.0263539
204 26 -0.395573
205 26 0.226527
206 26 -0.736269
228 26 0.296008
229 26 0.822713
230 26 -0.444227
231 26 0.256861
232 26 -0.816139
233 26 -0.414299
237 26 -0.34986
238 26 -0.131841
239 26 -0.543184
240 26 0.253833
241 26 0.0750457
242 26 -0.0315355
18 27 -0.0398487
19 27 -0.194526
20 27 -0.258913
24 27 0.0775609
25 27 0.118864
26 27 0.270591
27 27 0.955457
28 27 0.283966
29 27 -0.186838
69 27 -0.0375103
70 27 0.0769638
71 27 -0.0122812
204 27 -0.604444
205 27 0.121397
206 27 0.00648238
231 27 -0.0591452
232 27 -0.435468
233 27 0.2751
234 27 -0.0448388
235 27 0.0296412
236 27 0.000484746
240 27 -0.0920048
241 27 0.000164618
242 27 -0.0945639
18 28 -0.388314
19 28 -0.110599
20 28 -0.342636
24 28 -0.111784
25 28 0.22133
26 28 0.213375
27 28 0.283966
28 28 1.72025
29 28 -0.546163
69 28 0.502794
70 28 -0.107235
71 28 0.127293
204 28 -0.301866
205 28 0.0665292
206 28 -0.0227671
231 28 -0.437705
232 28 -1.21561
233 28 0.821597
234 28 0.263088
235 28 -0.478093
236 28 -0.493022
240 28 0.191781
241 28 0.0642177
242 28 0.238454
18 29 -0.00816439
19 29 0.0395058
20 29 0.150267
24 29 0.266963
25 29 -0.228054
26 29 -0.296014
27 29 -0.186838
28 29 -0.546163
29 29 1.20687
69 29 -0.262691
70 29 0.178972
71 29 0.14712
204 29 0.256224
205 29 -0.0820848
206 29 -0.031174
231 29 0.277049
232 29 0.82655
233 29 -0.433234
234 29 -0.00147638
235 29 -0.053821
236 29 -0.0441091
240 29 -0.342287
241 29 -0.141576
242 29 -0.541818
30 30 2.12704
31 30 -0.0690052
32 30 -0.18257
33 30 0.0615442
34 30 0.0229676
35 30 0.509547
45 30 -0.0623012
46 30 -0.519409
47 30 -0.229297
75 30 -0.00496158
76 30 0.500724
77 30 -0.231566
213 30 -0.0153965
214 30 -0.449749
215 30 0.285286
243 30 0.0281835
244 30 0.425241
245 30 0.243044
249 30 -0.143001
250 30 -0.00495191
251 30 -0.623733
252 30 -1.83603
253 30 0.0952306
254 30 0.232775
30 31 -0.0690052
31 31 0.870367
32 31 0.00655404
33 31 0.00887978
34 31 0.22927
35 31 -0.0397165
45 31 -0.0819364
46 31 -0.106467
47 31 -0.157789
75 31 0.0726739
76 31 -0.153642
77 31 0.191505
213 31 -0.0353911
214 31 -0.337815
215 31 0.191689
243 31 -0.000406651
244 31 -0.403036
245 31 -0.206221
249 31 0.0036944
250 31 -0.029651
251 31 0.0248515
252 31 0.101109
253 31 0.0861613
254 31 -0.0113068
30 32 -0.18257
31 32 0.00655404
32 32 0.885171
33 32 0.0286105
34 32 -0.0170314
35 32 -0.291657
45 32 -0.00961293
46 32 -0.105581
47 32 0.16896
75 32 -0.000861538
76 32 0.117039
77 32 0.158604
213 32 0.0178154
214 32 0.254939
215 32 -0.215835
243 32 -0.00738536
244 32 -0.244194
245 32 -0.194522
249 32 -0.114689
250 32 5.29579e-05
251 32 -0.397056
252 32 0.2685
253 32 -0.0118946
254 32 0.0409603
3 33 -0.0267654
4 33 0.0751416
5 33 -0.0131139
30 33 0.0615442
31 33 0.00887978
32 33 0.0286105
33 33 1.9279
34 33 0.294212
35 33 0.313022
36 33 0.085406
37 33 0.117247
38 33 0.266417
48 33 -0.0994285
49 33 -0.588638
50 33 -0.257142
78 33 -0.00522864
79 33 0.386843
80 33 -0.005584
207 33 -0.0986347
208 33 -0.00104775
209 33 -0.0937868
213 33 -0.0413816
214 33 -0.0356132
215 33 0.000110357
216 33 -0.0677411
217 33 -0.436788
218 33 0.291645
243 33 -0.0076215
244 33 0.024603
245 33 0.0164596
252 33 -0.320443
253 33 0.00376941
254 33 -0.798151
255 33 -1.25515
256 33 0.151038
257 33 0.254496
3 34 0.489641
4 34 -0.100162
5 34 0.140783
30 34 0.0229676
31 34 0.22927
32 34 -0.0170314
33 34 0.294212
34 34 2.43307
35 34 -0.560062
36 34 -0.105176
37 34 0.21426
38 34 0.205776
48 34 -0.60004
49 34 -0.215545
50 34 -0.284338
78 34 0.191034
79 34 -0.149822
80 34 -0.0479601
207 34 0.185135
208 34 0.0670912
209 34 0.214227
213 34 0.399722
214 34 -0.913749
215 34 -0.597775
216 34 -0.429845
217 34 -1.17108
218 34 0.834445
243 34 -0.172913
244 34 -0.365438
245 34 0.138749
252 34 -0.000872402
253 34 0.088154
254 34 0.00469664
255 34 -0.275116
256 34 0.0361676
257 34 -0.0277356
3 35 -0.275876
4 35 0.195212
5 35 0.133731
30 35 0.509547
31 35 -0.0397165
32 35 -0.291657
33 35 0.313022
34 35 -0.560062
35 35 2.9386
36 35 0.267895
37 35 -0.232146
38 35 -0.304121
48 35 -0.253004
49 35 -0.276561
50 35 0.316556
78 35 -0.230869
79 35 0.346447
80 35 0.15849
207 35 -0.350166
208 35 -0.165645
209 35 -0.537833
213 35 0.2298
214 35 -0.555353
215 35 -0.187063
216 35 0.29139
217 35 0.846168
218 35 -0.474842
243 35 0.287955
244 35 0.506463
245 35 -0.195023
252 35 -0.806069
253 35 0.0113852
254 35 -1.47526
255 35 0.0156243
256 35 -0.0718995
257 35 0.0811282
6 36 -0.0898294
7 36 0.231131
8 36 -0.263855
33 36 0.085406
34 36 -0.105176
35 36 0.267895
36 36 2.02138
37 36 0.00634572
38 36 -0.168564
39 36 0.076098
40 36 0.111276
41 36 0.270103
51 36 -0.0918983
52 36 -0.578756
53 36 -0.266158
207 36 -0.595271
208 36 -0.115843
209 36 0.020822
210 36 -0.095293
211 36 -0.00366827
212 36 -0.103252
216 36 -0.0381212
217 36 0.417163
218 36 0.250622
219 36 -0.0458503
220 36 -0.42788
221 36 0.269558
255 36 -0.154302
256 36 0.171521
257 36 -0.403512
258 36 -0.921519
259 36 0.28712
260 36 0.115405
6 37 0.546651
7 37 -0.214991
8 37 0.282301
33 37 0.117247
34 37 0.21426
35 37 -0.232146
36 37 0.00634572
37 37 2.39947
38 37 0.00187732
39 37 -0.117197
40 37 0.214923
41 37 0.219479
51 37 -0.588854
52 37 -0.208067
53 37 -0.297298
207 37 0.313051
208 37 0.0681371
209 37 0.0156154
210 37 0.196185
211 37 0.0668019
212 37 0.241339
216 37 0.412305
217 37 -1.26098
218 37 -0.809083
219 37 -0.421307
220 37 -1.22694
221 37 0.819954
255 37 -0.178488
256 37 0.0451178
257 37 -0.23537
258 37 -0.29053
259 37 0.0418367
260 37 -0.0130636
6 38 -0.263595
7 38 0.121779
8 38 0.305882
33 38 0.266417
34 38 0.205776
35 38 -0.304121
36 38 -0.168564
37 38 0.00187732
38 38 2.30922
39 38 0.273309
40 38 -0.216944
41 38 -0.300465
51 38 -0.272654
52 38 -0.301134
53 38 0.303156
207 38 0.260768
208 38 0.0827616
209 38 -0.0421505
210 38 -0.350165
211 38 -0.142054
212 38 -0.543492
216 38 0.251406
217 38 -0.830888
218 38 -0.412744
219 38 0.264971
220 38 0.835863
221 38 -0.436715
255 38 -0.390366
256 38 0.232437
257 38 -0.743487
258 38 0.128675
259 38 0.0191958
260 38 0.027085
9 39 -0.0459088
10 39 0.195631
11 39 -0.26286
36 39 0.076098
37 39 -0.117197
38 39 0.273309
39 39 2.94367
40 39 -0.283947
41 39 -0.371717
42 39 0.0810993
43 39 -0.0128386
44 39 0.508773
54 39 -0.0823101
55 39 -0.579655
56 39 -0.277388
81 39 -0.0389436
82 39 0.509785
83 39 -0.243883
210 39 -0.605572
211 39 -0.127343
212 39 0.00404665
219 39 -0.0572307
220 39 0.439693
221 39 0.277171
222 39 -0.0438019
223 39 -0.481913
224 39 0.251155
246 39 0.00231658
247 39 0.442015
248 39 0.268361
258 39 -0.231869
259 39 0.0139655
260 39 -0.706393
261 39 -1.84186
262 39 0.00463841
263 39 0.274239
9 40 0.39032
10 40 -0.102377
11 40 0.337008
36 40 0.111276
37 40 0.214923
38 40 -0.216944
39 40 -0.283947
40 40 2.41367
41 40 0.54854
42 40 0.00081718
43 40 0.221867
44 40 0.0102619
54 40 -0.580593
55 40 -0.208355
56 40 -0.310041
81 40 0.0800919
82 40 -0.119187
83 40 0.175249
210 40 0.296846
211 40 0.0677766
212 40 0.025213
219 40 0.433514
220 40 -1.21495
221 40 -0.817584
222 40 -0.284856
223 40 -0.870807
224 40 0.679934
246 40 0.0225357
247 40 -0.364989
248 40 -0.20191
258 40 -0.188071
259 40 0.0233198
260 40 -0.228304
261 40 -0.00077274
262 40 0.0871193
263 40 -0.00088174
9 41 -0.00670259
10 41 -0.0398745
11 41 0.150458
36 41 0.270103
37 41 0.219479
38 41 -0.300465
39 41 -0.371717
40 41 0.54854
41 41 1.94223
42 41 0.0180824
43 41 0.0122019
44 41 -0.306008
54 41 -0.276132
55 41 -0.306689
56 41 0.290959
81 41 -0.00648677
82 41 0.113542
83 41 0.158348
210 41 0.251638
211 41 0.084267
212 41 -0.0317205
219 41 0.280084
220 41 -0.831424
221 41 -0.437653
222 41 0.0073675
223 41 0.305418
224 41 -0.224924
246 41 0.00765014
247 41 -0.263031
248 41 -0.206391
258 41 -0.457239
259 41 0.150836
260 41 -0.931183
261 41 0.283123
262 41 -0.00224333
263 41 0.04937
39 42 0.0810993
40 42 0.00081718
41 42 0.0180824
42 42 1.14789
43 42 -0.0265068
44 42 0.529051
57 42 -0.0489262
58 42 -0.393414
59 42 -0.0202773
84 42 -0.034219
85 42 0.394944
86 42 0.0037637
222 42 -0.0031232
223 42 -0.0567075
224 42 0.00901296
246 42 -0.00164976
247 42 0.0524965
248 42 0.0112024
261 42 -0.34412
262 42 0.0254285
263 42 -0.812705
264 42 -0.641002
265 42 0.00409322
266 42 0.260001
39 43 -0.0128386
40 43 0.221867
41 43 0.0122019
42 43 -0.0265068
43 43 0.868829
44 43 -0.0342958
57 43 -0.188969
58 43 -0.0927998
59 43 0.0357766
84 43 0.200544
85 43 -0.127876
86 43 -0.0516332
222 43 0.137702
223 43 -0.360892
224 43 -0.137011
246 43 -0.15654
247 43 -0.392364
248 43 0.130719
261 43 0.0286475
262 43 0.0821491
263 43 0.0543235
264 43 0.0172672
265 43 -0.0443251
266 43 -0.00916854
39 44 0.508773
40 44 0.0102619
41 44 -0.306008
42 44 0.529051
43 44 -0.0342958
44 44 1.86585
57 44 -0.267232
58 44 -0.337287
59 44 0.142426
84 44 -0.243721
85 44 0.328303
86 44 0.161559
222 44 0.259713
223 44 -0.521733
224 44 -0.204517
246 44 0.256845
247 44 0.506223
248 44 -0.17547
261 44 -0.810906
262 44 0.0485414
263 44 -1.44668
264 44 -0.232933
265 44 2.73026e-06
266 44 0.115106
30 45 -0.0623012
31 45 -0.0819364
32 45 -0.00961293
45 45 2.45982
46 45 -0.0438468
47 45 0.00287467
48 45 0.162392
49 45 0.0274806
50 45 0.536779
60 45 -0.0997776
61 45 -0.51739
62 45 -0.244533
90 45 0
91 45 0
92 45 0
213 45 -0.169367
214 45 0.0206387
215 45 -0.162961
225 45 -0.0520825
226 45 -0.42899
227 45 0.275224
249 45 -0.0600012
250 45 -0.0530352
251 45 0.0423297
252 45 -0.0237379
253 45 0.384939
254 45 0.203152
267 45 -0.209109
268 45 -0.0469311
269 45 -0.634576
270 45 -1.8465
271 45 0.191287
272 45 0.304985
30 46 -0.519409
31 46 -0.106467
32 46 -0.105581
45 46 -0.0438468
46 46 2.44997
47 46 -0.0271523
48 46 0.0355145
49 46 0.433696
50 46 -0.067984
60 46 -0.0900969
61 46 -0.0733508
62 46 -0.14881
90 46 0
91 46 0
92 46 0
213 46 -0.0436666
214 46 0.0404349
215 46 -0.182109
225 46 -0.0490345
226 46 -0.558879
227 46 0.215628
249 46 -0.421931
250 46 -0.512537
251 46 0.593903
252 46 0.403053
253 46 -1.36829
254 46 -0.800579
267 46 0.0396847
268 46 0.0494395
269 46 0.154881
270 46 0.177892
271 46 0.0777861
272 46 -0.0270582
30 47 -0.229297
31 47 -0.157789
32 47 0.16896
45 47 0.00287467
46 47 -0.0271523
47 47 2.38977
48 47 0.531123
49 47 -0.0544255
50 47 -0.598028
60 47 -0.00462404
61 47 -0.0957243
62 47 0.167765
90 47 0
91 47 0
92 47 0
213 47 -0.642466
214 47 0.134699
215 47 -0.725746
225 47 0.0381079
226 47 0.60457
227 47 -0.243079
249 47 0.301472
250 47 0.220233
251 47 -0.282859
252 47 0.213962
253 47 -0.771028
254 47 -0.316094
267 47 -0.204164
268 47 -0.194987
269 47 -0.695003
270 47 0.258863
271 47 -0.0286847
272 47 0.0592273
12 48 -0.0385851
13 48 0.568594
14 48 -0.267986
33 48 -0.0994285
34 48 -0.60004
35 48 -0.253004
45 48 0.162392
46 48 0.0355145
47 48 0.531123
48 48 4.70535
49 48 -0.0191474
50 48 0.00565257
51 48 0.143192
52 48 0.00812624
53 48 0.544766
63 48 -0.140271
64 48 -0.584839
65 48 -0.280196
93 48 -0.0179567
94 48 0.588567
95 48 -0.228611
213 48 -1.84441
214 48 0.0663614
215 48 0.259736
216 48 -0.316452
217 48 -0.00851835
218 48 -0.797871
225 48 -0.0133329
226 48 0.37567
227 48 0.218811
228 48 -0.0839481
229 48 -0.476465
230 48 0.303412
252 48 -0.0791523
253 48 -0.449049
254 48 0.309893
255 48 -0.0403024
256 48 0.388086
257 48 0.237044
270 48 -0.336412
271 48 0.0209041
272 48 -0.824596
273 48 -1.84812
274 48 0.0795556
275 48 0.242237
12 49 0.572904
13 49 -0.243775
14 49 0.328554
33 49 -0.588638
34 49 -0.215545
35 49 -0.276561
45 49 0.0274806
46 49 0.433696
47 49 -0.0544255
48 49 -0.0191474
49 49 4.71399
50 49 -0.0148367
51 49 0.0138884
52 49 0.437526
53 49 -0.0250044
63 49 -0.593903
64 49 -0.162166
65 49 -0.286541
93 49 0.571899
94 49 -0.300841
95 49 0.287202
213 49 0.0743525
214 49 0.0847444
215 49 -0.0117684
216 49 -0.00630086
217 49 0.0929278
218 49 -0.00843215
225 49 0.369155
226 49 -1.29583
227 49 -0.814897
228 49 -0.463899
229 49 -1.17921
230 49 0.815021
252 49 -0.463598
253 49 -1.13562
254 49 0.860033
255 49 0.382633
256 49 -1.25715
257 49 -0.829177
270 49 0.0188623
271 49 0.0942094
272 49 0.0389148
273 49 0.0951111
274 49 0.0874195
275 49 -0.0139585
12 50 -0.275764
13 50 0.319884
14 50 0.283381
33 50 -0.257142
34 50 -0.284338
35 50 0.316556
45 50 0.536779
46 50 -0.067984
47 50 -0.598028
48 50 0.00565257
49 50 -0.0148367
50 50 4.71422
51 50 0.554306
52 50 -0.0181497
53 50 -0.57655
63 50 -0.275034
64 50 -0.282883
65 50 0.305181
93 50 -0.236706
94 50 0.309905
95 50 0.31635
213 50 0.277768
214 50 -0.00973281
215 50 0.0512
216 50 -0.795948
217 50 -0.0108957
218 50 -1.48343
225 50 0.216222
226 50 -0.825823
227 50 -0.399314
228 50 0.301749
229 50 0.82486
230 50 -0.447049
252 50 0.296259
253 50 0.833643
254 50 -0.493124
255 50 0.23563
256 50 -0.805287
257 50 -0.413898
270 50 -0.836776
271 50 0.0429693
272 50 -1.46649
273 50 0.248776
274 50 -0.00729964
275 50 0.0507892
15 51 -0.0731692
16 51 0.584483
17 51 -0.267161
36 51 -0.0918983
37 51 -0.588854
38 51 -0.272654
48 51 0.143192
49 51 0.0138884
50 51 0.554306
51 51 4.69607
52 51 0.00588225
53 51 -0.00921971
54 51 0.14476
55 51 -0.00201178
56 51 0.544839
66 51 -0.0771101
67 51 -0.567691
68 51 -0.280603
96 51 -0.0864075
97 51 0.574987
98 51 -0.266121
216 51 -1.84767
217 51 0.0356853
218 51 0.264326
219 51 -0.323188
220 51 -0.00439575
221 51 -0.799332
228 51 -0.0429261
229 51 0.425598
230 51 0.258141
231 51 -0.0546245
232 51 -0.443986
233 51 0.273401
255 51 -0.0713556
256 51 -0.4562
257 51 0.287542
258 51 -0.0534146
259 51 0.427939
260 51 0.270337
273 51 -0.274402
274 51 0.00309387
275 51 -0.770482
276 51 -1.84038
277 51 -0.0248632
278 51 0.212061
15 52 0.583718
16 52 -0.226928
17 52 0.30325
36 52 -0.578756
37 52 -0.208067
38 52 -0.301134
48 52 0.00812624
49 52 0.437526
50 52 -0.0181497
51 52 0.00588225
52 52 4.71071
53 52 0.0072711
54 52 -0.000580326
55 52 0.440635
56 52 -0.000882154
66 52 -0.574712
67 52 -0.203446
68 52 -0.323271
96 52 0.586839
97 52 -0.207084
98 52 0.305498
216 52 0.0382877
217 52 0.0891503
218 52 -0.00395878
219 52 -0.00217379
220 52 0.084411
221 52 0.00597001
228 52 0.404465
229 52 -1.2475
230 52 -0.810958
231 52 -0.437842
232 52 -1.2312
233 52 0.824628
255 52 -0.461219
256 52 -1.21054
257 52 0.819603
258 52 0.440475
259 52 -1.23077
260 52 -0.816742
273 52 0.00319543
274 52 0.0775177
275 52 0.00485929
276 52 -0.0137456
277 52 0.0809177
278 52 0.00352232
15 53 -0.262787
16 53 0.298777
17 53 0.300596
36 53 -0.266158
37 53 -0.297298
38 53 0.303156
48 53 0.544766
49 53 -0.0250044
50 53 -0.57655
51 53 -0.00921971
52 53 0.0072711
53 53 4.72677
54 53 0.545689
55 53 0.00835872
56 53 -0.583778
66 53 -0.286655
67 53 -0.325291
68 53 0.281312
96 53 -0.279231
97 53 0.307682
98 53 0.296243
216 53 0.264412
217 53 -0.00354781
218 53 0.0492748
219 53 -0.803508
220 53 -0.0031274
221 53 -1.47023
228 53 0.253646
229 53 -0.828155
230 53 -0.423434
231 53 0.270196
232 53 0.822317
233 53 -0.4209
255 53 0.285833
256 53 0.826609
257 53 -0.428579
258 53 0.273388
259 53 -0.812844
260 53 -0.430664
273 53 -0.763617
274 53 0.0280572
275 53 -1.51709
276 53 0.226292
277 53 0.00684214
278 53 0.0550431
18 54 -0.090053
19 54 0.586261
20 54 -0.27125
39 54 -0.0823101
40 54 -0.580593
41 54 -0.276132
51 54 0.14476
52 54 -0.000580326
53 54 0.545689
54 54 4.71628
55 54 0.0134479
56 54 0.00513912
57 54 0.15244
58 54 -0.0116384
59 54 0.537855
69 54 -0.0728819
70 54 -0.578222
71 54 -0.276877
99 54 -0.114453
100 54 0.585487
101 54 -0.264572
219 54 -1.84666
220 54 -0.0158962
221 54 0.252767
222 54 -0.316048
223 54 0.00779211
224 54 -0.802145
231 54 -0.0548264
232 54 0.444127
233 54 0.278745
234 54 -0.0439785
235 54 -0.429121
236 54 0.260437
258 54 -0.0432876
259 54 -0.422458
260 54 0.263366
261 54 -0.0434223
262 54 0.429871
263 54 0.279662
276 54 -0.313222
277 54 0.00355153
278 54 -0.801784
279 54 -1.83455
280 54 -0.0231327
281 54 0.271763
18 55 0.583378
19 55 -0.20963
20 55 0.298408
39 55 -0.579655
40 55 -0.208355
41 55 -0.306689
51 55 -0.00201178
52 55 0.440635
53 55 0.00835872
54 55 0.0134479
55 55 4.70454
56 55 0.00791734
57 55 -0.00918863
58 55 0.439758
59 55 0.0179988
69 55 -0.577085
70 55 -0.216082
71 55 -0.31418
99 55 0.594099
100 55 -0.197094
101 55 0.290236
219 55 -0.0125434
220 55 0.083283
221 55 0.00109515
222 55 0.00917979
223 55 0.0844242
224 55 0.0174031
231 55 0.43507
232 55 -1.21606
233 55 -0.817941
234 55 -0.428768
235 55 -1.25693
236 55 0.813577
258 55 -0.419684
259 55 -1.25241
260 55 0.823828
261 55 0.420562
262 55 -1.20593
263 55 -0.833829
276 55 0.000521858
277 55 0.0826404
278 55 -0.00329624
279 55 -0.0323483
280 55 0.0799516
281 55 0.00451036
18 56 -0.267763
19 56 0.300214
20 56 0.300655
39 56 -0.277388
40 56 -0.310041
41 56 0.290959
51 56 0.544839
52 56 -0.000882154
53 56 -0.583778
54 56 0.00513912
55 56 0.00791734
56 56 4.71273
57 56 0.541846
58 56 0.0220838
59 56 -0.592354
69 56 -0.275317
70 56 -0.312158
71 56 0.288665
99 56 -0.270117
100 56 0.288315
101 56 0.307608
219 56 0.245225
220 56 0.00257385
221 56 0.0540524
222 56 -0.79916
223 56 0.0138621
224 56 -1.47624
231 56 0.279993
232 56 -0.825949
233 56 -0.436634
234 56 0.260043
235 56 0.815352
236 56 -0.407749
258 56 0.260759
259 56 0.816631
260 56 -0.413903
261 56 0.271692
262 56 -0.84104
263 56 -0.45972
276 56 -0.790478
277 56 0.00770618
278 56 -1.47855
279 56 0.270118
280 56 0.00163619
281 56 0.0462981
42 57 -0.0489262
43 57 -0.188969
44 57 -0.267232
54 57 0.15244
55 57 -0.00918863
56 57 0.541846
57 57 2.44825
58 57 0.0131286
59 57 -0.00959135
72 57 -0.0414985
73 57 -0.395008
74 57 -0.0152997
102 57 -0.0753591
103 57 0.591621
104 57 -0.245676
222 57 -0.924665
223 57 0.134073
224 57 -0.118297
234 57 -0.0258617
235 57 0.254494
236 57 0.012679
261 57 -0.0534912
262 57 -0.440316
263 57 0.270716
264 57 -0.0115622
265 57 0.159593
266 57 0.246205
279 57 -0.345856
280 57 0.0164807
281 57 -0.813329
282 57 -0.917471
283 57 -0.133244
284 57 0.397076
42 58 -0.393414
43 58 -0.0927998
44 58 -0.337287
54 58 -0.0116384
55 58 0.439758
56 58 0.0220838
57 58 0.0131286
58 58 2.43709
59 58 0.00799253
72 58 -0.189283
73 58 -0.105742
74 58 0.0384042
102 58 0.593713
103 58 -0.245464
104 58 0.283297
222 58 -0.14177
223 58 0.0439557
224 58 0.067472
234 58 0.176509
235 58 -0.596549
236 58 -0.158488
261 58 -0.435311
262 58 -1.25639
263 58 0.81247
264 58 0.226024
265 58 -0.603083
266 58 -0.687791
279 58 0.019205
280 58 0.0862682
281 58 0.0306435
282 58 0.139911
283 58 0.045177
284 58 -0.074636
42 59 -0.0202773
43 59 0.0357766
44 59 0.142426
54 59 0.537855
55 59 0.0179988
56 59 -0.592354
57 59 -0.00959135
58 59 0.00799253
59 59 2.41423
72 59 -0.258351
73 59 -0.338369
74 59 0.147523
102 59 -0.244529
103 59 0.281912
104 59 0.320951
222 59 0.369207
223 59 -0.0679508
224 59 0.0246409
234 59 0.262404
235 59 -0.676793
236 59 -0.230067
261 59 0.263461
262 59 0.80048
263 59 -0.398584
264 59 0.00926032
265 59 -0.166085
266 59 -0.240895
279 59 -0.820668
280 59 0.0304213
281 59 -1.449
282 59 -0.0899605
283 59 0.0736938
284 59 0.016645
45 60 -0.0997776
46 60 -0.0900969
47 60 -0.00462404
60 60 0.872488
61 60 -0.18503
62 60 -0.135552
63 60 0.0985646
64 60 -0.0948034
65 60 0.232244
108 60 0
109 60 0
110 60 0
225 60 -0.120713
226 60 0.02183
227 60 -0.138683
267 60 -0.0708303
268 60 -0.0569456
269 60 0.0470084
270 60 0.0374455
271 60 0.279176
272 60 0.163603
285 60 -0.551255
286 60 -0.0535827
287 60 0.0502307
45 61 -0.51739
46 61 -0.0733508
47 61 -0.0957243
60 61 -0.18503
61 61 1.78871
62 61 0.56218
63 61 0.116903
64 61 0.220929
65 61 -0.247656
108 61 0
109 61 0
110 61 0
225 61 -0.190091
226 61 0.0801585
227 61 -0.239294
267 61 -0.250541
268 61 -0.426442
269 61 0.548804
270 61 0.254246
271 61 -1.31204
272 61 -0.837315
285 61 0.364603
286 61 0.0433285
287 61 -0.00685264
45 62 -0.244533
46 62 -0.14881
47 62 0.167765
60 62 -0.135552
61 62 0.56218
62 62 1.22138
63 62 0.269068
64 62 0.202626
65 62 -0.319611
108 62 0
109 62 0
110 62 0
225 62 -0.339789
226 62 0.156675
227 62 -0.526223
267 62 0.011218
268 62 0.072609
269 62 -0.0683788
270 62 0.152115
271 62 -0.850132
272 62 -0.434095
285 62 0.299621
286 62 0.064126
287 62 -0.0618735
21 63 -0.0111457
22 63 0.38617
23 63 -0.0172535
48 63 -0.140271
49 63 -0.593903
50 63 -0.275034
60 63 0.0985646
61 63 0.116903
62 63 0.269068
63 63 1.98033
64 63 0.278411
65 63 0.359261
66 63 0.0778559
67 63 0.00560061
68 63 0.0245434
111 63 -0.023086
112 63 0.0925401
113 63 0.0238134
225 63 -1.25738
226 63 0.199366
227 63 0.256703
228 63 -0.321679
229 63 0.0119972
230 63 -0.808163
237 63 -0.00866399
238 63 0.0369456
239 63 0.0153267
270 63 -0.0804132
271 63 -0.460878
272 63 0.301385
273 63 -0.0329329
274 63 -0.0695331
275 63 -0.0311219
285 63 -0.11428
286 63 -0.00251182
287 63 -0.123222
21 64 0.186622
22 64 -0.135066
23 64 -0.0341111
48 64 -0.584839
49 64 -0.162166
50 64 -0.282883
60 64 -0.0948034
61 64 0.220929
62 64 0.202626
63 64 0.278411
64 64 2.38726
65 64 -0.554787
66 64 0.00267435
67 64 0.214547
68 64 0.00258389
111 64 0.504782
112 64 -0.162985
113 64 0.0679592
225 64 -0.232664
226 64 0.0312399
227 64 -0.0294974
228 64 0.0169084
229 64 0.0911551
230 64 0.0354897
237 64 -0.15572
238 64 -0.362968
239 64 0.131684
270 64 -0.48465
271 64 -1.16196
272 64 0.850575
273 64 0.33182
274 64 -0.850778
275 64 -0.634789
285 64 0.235562
286 64 0.0464662
287 64 0.244565
21 65 -0.244826
22 65 0.354862
23 65 0.142823
48 65 -0.280196
49 65 -0.286541
50 65 0.305181
60 65 0.232244
61 65 -0.247656
62 65 -0.319611
63 65 0.359261
64 65 -0.554787
65 65 2.93198
66 65 0.52636
67 65 -0.0155617
68 65 -0.288134
111 65 -0.202942
112 65 0.184539
113 65 0.185787
225 65 0.0177165
226 65 -0.0840433
227 65 0.0844961
228 65 -0.798769
229 65 0.0275006
230 65 -1.47785
237 65 0.280048
238 65 0.506113
239 65 -0.19334
270 65 0.294154
271 65 0.801943
272 65 -0.460103
273 65 0.228878
274 65 -0.587862
275 65 -0.255622
285 65 -0.403173
286 65 -0.0949669
287 65 -0.500527
24 66 -0.0598627
25 66 0.537656
26 66 -0.271609
51 66 -0.0771101
52 66 -0.574712
53 66 -0.286655
63 66 0.0778559
64 66 0.00267435
65 66 0.52636
66 66 2.39522
67 66 -0.0247393
68 66 -0.0108054
69 66 0.0645597
70 66 0.00223364
71 66 0.0304237
228 66 -1.85476
229 66 0.0608097
230 66 0.246103
231 66 -0.301138
232 66 -0.0026956
233 66 -0.776777
237 66 0.00891768
238 66 0.446434
239 66 0.252996
240 66 -0.00857443
241 66 0.038276
242 66 0.0134058
273 66 -0.0506973
274 66 -0.4702
275 66 0.264574
276 66 -0.0320515
277 66 -0.00639671
278 66 0.0153594
24 67 0.227999
25 67 -0.233852
26 67 0.131337
51 67 -0.567691
52 67 -0.203446
53 67 -0.325291
63 67 0.00560061
64 67 0.214547
65 67 -0.0155617
66 67 -0.0247393
67 67 1.94669
68 67 0.0208885
69 67 0.00273016
70 67 0.222276
71 67 -0.00386594
228 67 0.0482488
229 67 0.0907783
230 67 -0.00475455
231 67 -0.0017198
232 67 0.0853137
233 67 0.0111505
237 67 0.0172003
238 67 -0.386914
239 67 -0.19962
240 67 -0.146723
241 67 -0.364919
242 67 0.134936
273 67 -0.0182154
274 67 -0.602112
275 67 0.524328
276 67 0.460397
277 67 -0.611997
278 67 -0.27302
24 68 -0.266077
25 68 0.293979
26 68 0.292731
51 68 -0.280603
52 68 -0.323271
53 68 0.281312
63 68 0.0245434
64 68 0.00258389
65 68 -0.288134
66 68 -0.0108054
67 68 0.0208885
68 68 2.38816
69 68 0.522915
70 68 0.00240195
71 68 -0.283663
228 68 0.234876
229 68 -0.0047719
230 68 0.0569281
231 68 -0.790793
232 68 0.000615632
233 68 -1.49547
237 68 0.00395685
238 68 -0.249505
239 68 -0.190506
240 68 0.263806
241 68 0.516002
242 68 -0.19608
273 68 0.0226502
274 68 0.275486
275 68 -0.20013
276 68 0.273206
277 68 -0.52749
278 68 -0.213778
27 69 -0.0375103
28 69 0.502794
29 69 -0.262691
54 69 -0.0728819
55 69 -0.577085
56 69 -0.275317
66 69 0.0645597
67 69 0.00273016
68 69 0.522915
69 69 2.9473
70 69 -0.282694
71 69 -0.364779
72 69 0.0775645
73 69 -0.120918
74 69 0.269294
114 69 -0.0600899
115 69 0.200224
116 69 -0.248856
231 69 -1.84624
232 69 -0.00620057
233 69 0.245785
234 69 -0.218658
235 69 0.00553698
236 69 -0.695758
240 69 -0.00752252
241 69 0.461775
242 69 0.258488
276 69 -0.0437507
277 69 -0.478575
278 69 0.248927
279 69 -0.0548147
280 69 0.432925
281 69 0.280911
288 69 -0.589642
289 69 -0.13156
290 69 0.017131
27 70 0.0769638
28 70 -0.107235
29 70 0.178972
54 70 -0.578222
55 70 -0.216082
56 70 -0.312158
66 70 0.00223364
67 70 0.222276
68 70 0.00240195
69 70 -0.282694
70 70 2.41059
71 70 0.554054
72 70 0.110161
73 70 0.221891
74 70 -0.21083
114 70 0.403363
115 70 -0.110088
116 70 0.314725
231 70 -0.00655057
232 70 0.0814306
233 70 0.00172431
234 70 -0.191654
235 70 0.0166842
236 70 -0.231317
240 70 0.0301396
241 70 -0.372648
242 70 -0.187818
276 70 -0.27858
277 70 -0.870302
278 70 0.688581
279 70 0.426536
280 70 -1.18556
281 70 -0.82389
288 70 0.285475
289 70 0.0661578
290 70 0.0224869
27 71 -0.0122812
28 71 0.127293
29 71 0.14712
54 71 -0.276877
55 71 -0.31418
56 71 0.288665
66 71 0.0304237
67 71 -0.00386594
68 71 -0.283663
69 71 -0.364779
70 71 0.554054
71 71 1.94168
72 71 0.266216
73 71 0.231282
74 71 -0.297579
114 71 0.00996357
115 71 -0.0554212
116 71 0.167561
231 71 0.23754
232 71 0.0021472
233 71 0.0533388
234 71 -0.45278
235 71 0.145279
236 71 -0.937017
240 71 0.0128318
241 71 -0.24411
242 71 -0.187757
276 71 0.00305491
277 71 0.295173
278 71 -0.225265
279 71 0.278374
280 71 -0.837142
281 71 -0.468027
288 71 0.268902
289 71 0.0974777
290 71 -0.04429
57 72 -0.0414985
58 72 -0.189283
59 72 -0.258351
69 72 0.0775645
70 72 0.110161
71 72 0.266216
72 72 0.941789
73 72 0.291398
74 72 -0.169836
117 72 -0.03749
118 72 0.0808317
119 72 -0.00596115
234 72 -0.595854
235 72 0.107568
236 72 0.0122912
279 72 -0.0448935
280 72 -0.42312
281 72 0.261116
282 72 -0.0444261
283 72 0.0251898
284 72 -0.00323985
288 72 -0.099393
289 72 -0.00147437
290 72 -0.102554
57 73 -0.395008
58 73 -0.105742
59 73 -0.338369
69 73 -0.120918
70 73 0.221891
71 73 0.231282
72 73 0.291398
73 73 1.75319
74 73 -0.540994
117 73 0.510001
118 73 -0.120774
119 73 0.110175
234 73 -0.318159
235 73 0.0630708
236 73 -0.0209689
279 73 -0.413574
280 73 -1.25318
281 73 0.818672
282 73 0.244336
283 73 -0.470499
284 73 -0.507986
288 73 0.201938
289 73 0.0660704
290 73 0.247524
57 74 -0.0152997
58 74 0.0384042
59 74 0.147523
69 74 0.269294
70 74 -0.21083
71 74 -0.297579
72 74 -0.169836
73 74 -0.540994
74 74 1.1876
117 74 -0.246905
118 74 0.177141
119 74 0.156331
234 74 0.254182
235 74 -0.0771261
236 74 -0.0364027
279 74 0.251911
280 74 0.811974
281 74 -0.410107
282 74 0.00350056
283 74 -0.0637294
284 74 -0.0549044
288 74 -0.346704
289 74 -0.135528
290 74 -0.53615
30 75 -0.00496158
31 75 0.0726739
32 75 -0.000861538
75 75 2.38951
76 75 -0.0306334
77 75 -0.0396469
78 75 0.11343
79 75 -0.0422451
80 75 0.523824
90 75 0
91 75 0
92 75 0
120 75 -0.0130017
121 75 0.513006
122 75 -0.219481
243 75 -0.0936869
244 75 0.00967273
245 75 -0.0883478
249 75 -0.0154646
250 75 -0.000733687
251 75 -0.0170318
252 75 -0.120234
253 75 -0.498071
254 75 0.297105
291 75 0.0328948
292 75 0.417562
293 75 0.256778
297 75 -0.18859
298 75 0.066494
299 75 -0.646469
300 75 -1.85795
301 75 0.0696681
302 75 0.287214
30 76 0.500724
31 76 -0.153642
32 76 0.117039
75 76 -0.0306334
76 76 2.2961
77 76 -0.161716
78 76 -0.144419
79 76 0.342213
80 76 0.0457731
90 76 0
91 76 0
92 76 0
120 76 0.0787139
121 76 -0.160169
122 76 0.1785
243 76 0.214956
244 76 0.0520221
245 76 0.250632
249 76 0.375996
250 76 -0.593036
251 76 -0.58179
252 76 -0.518516
253 76 -1.21977
254 76 0.799483
291 76 -0.00332825
292 76 -0.387983
293 76 -0.211623
297 76 -0.00560122
298 76 0.049794
299 76 -0.0857145
300 76 0.077636
301 76 0.0910765
302 76 -0.0118787
30 77 -0.231566
31 77 0.191505
32 77 0.158604
75 77 -0.0396469
76 77 -0.161716
77 77 2.04447
78 77 0.264007
79 77 -0.156902
80 77 -0.454983
90 77 0
91 77 0
92 77 0
120 77 0.00609836
121 77 0.101427
122 77 0.164175
243 77 -0.353869
244 77 -0.113412
245 77 -0.527834
249 77 0.2645
