0 0 0.5481
1 0 -0.13121
2 0 0.0252496
27 0 -0.03467
28 0 0.393627
29 0 -0.0757636
528 0 0.00871155
529 0 -0.00788878
530 0 -0.0148616
531 0 0.0241276
532 0 0.0349178
533 0 0.0790097
540 0 -0.176505
541 0 -0.146002
542 0 -0.257524
543 0 -0.311544
544 0 -0.143486
545 0 0.243884
0 1 -0.13121
1 1 0.610826
2 1 -0.0319963
27 1 0.393636
28 1 -0.222824
29 1 0.0960041
528 1 -0.248523
529 1 -0.197873
530 1 0.241258
531 1 -0.158494
532 1 -0.236289
533 1 -0.309314
540 1 0.0474176
541 1 0.054218
542 1 0.10535
543 1 0.0971565
544 1 0.0501753
545 1 -0.101289
0 2 0.0252496
1 2 -0.0319963
2 2 0.450714
27 2 -0.0757563
28 2 0.095996
29 2 0.257494
528 2 0.134845
529 2 0.110227
530 2 -0.169598
531 2 -0.0488202
532 2 -0.10017
533 2 -0.146592
540 2 -0.129686
541 2 -0.10381
542 2 -0.236449
543 2 0.0941672
544 2 0.029745
545 2 -0.0973788
3 3 0.548103
4 3 -0.131214
5 3 0.0252333
30 3 -0.0346793
31 3 0.393642
32 3 -0.0757019
531 3 0.0087196
532 3 -0.00788017
533 3 -0.014875
534 3 0.0241285
535 3 0.0349034
536 3 0.0789985
543 3 -0.176535
544 3 -0.145987
545 3 -0.25754
546 3 -0.311511
547 3 -0.143508
548 3 0.243895
3 4 -0.131214
4 4 0.610831
5 4 -0.0319756
30 4 0.393649
31 4 -0.222844
32 4 0.0959274
531 4 -0.248518
532 4 -0.197892
533 4 0.241274
534 4 -0.15851
535 4 -0.23626
536 4 -0.309312
543 4 0.0474352
544 4 0.0542164
545 4 0.105368
546 4 0.0971406
547 4 0.0501833
548 4 -0.101288
3 5 0.0252333
4 5 -0.0319756
5 5 0.450706
30 5 -0.0757018
31 5 0.0959264
32 5 0.257523
531 5 0.134817
532 5 0.110224
533 5 -0.169584
534 5 -0.0488418
535 5 -0.100177
536 5 -0.146623
543 5 -0.129688
544 5 -0.103775
545 5 -0.236421
546 5 0.0941874
547 5 0.0297685
548 5 -0.0974111
6 6 0.548112
7 6 -0.13122
8 6 0.0252181
33 6 -0.0347113
34 6 0.393659
35 6 -0.0756449
534 6 0.00873366
535 6 -0.00786672
536 6 -0.0148938
537 6 0.0241333
538 6 0.0348961
539 6 0.0789929
546 6 -0.17657
547 6 -0.145976
548 6 -0.257555
549 6 -0.311482
550 6 -0.143534
551 6 0.243902
6 7 -0.13122
7 7 0.610831
8 7 -0.031955
33 7 0.393669
34 7 -0.222839
35 7 0.0958515
534 7 -0.248507
535 7 -0.19792
536 7 0.241287
537 7 -0.158525
538 7 -0.236241
539 7 -0.309302
546 7 0.0474501
547 7 0.0542117
548 7 0.105378
549 7 0.0971196
550 7 0.0501896
551 7 -0.101281
6 8 0.0252181
7 8 -0.031955
8 8 0.450698
33 8 -0.0756522
34 8 0.0958566
35 8 0.257551
534 8 0.134788
535 8 0.110227
536 8 -0.169568
537 8 -0.0488627
538 8 -0.100187
539 8 -0.14665
546 8 -0.129694
547 8 -0.103742
548 8 -0.23639
549 8 0.094209
550 8 0.0297931
551 8 -0.0974414
9 9 1.25611
10 9 -0.0979694
11 9 -0.245585
12 9 0.125043
13 9 0.00831629
14 9 0.227092
24 9 -0.10767
25 9 -0.325465
26 9 -0.114306
72 9 -0.0347032
73 9 0.393616
74 9 -0.0758765
528 9 0.00871804
529 9 -0.248535
530 9 0.134872
552 9 0.0087144
553 9 -0.00789007
554 9 -0.0148532
555 9 0.0275036
556 9 0.170918
557 9 0.0730671
570 9 -0.273348
571 9 -0.02038
572 9 -0.453549
573 9 -0.95213
574 9 0.127307
575 9 0.469124
9 10 -0.0979694
10 10 0.910789
11 10 -0.082243
12 10 -0.00106097
13 10 0.136968
14 10 -0.0376075
24 10 -0.0754385
25 10 -0.0255862
26 10 -0.0759178
72 10 0.39362
73 10 -0.222736
74 10 0.0961546
528 10 -0.00788587
529 10 -0.197861
530 10 0.11023
552 10 -0.248531
553 10 -0.197864
554 10 0.24121
555 10 -0.159265
556 10 -0.410233
557 10 -0.321108
570 10 0.0692144
571 10 0.0256196
572 10 0.128629
573 10 0.127331
574 10 0.0391019
575 10 -0.0593007
9 11 -0.245585
10 11 -0.082243
11 11 0.877784
12 11 -0.0830641
13 11 -0.00276751
14 11 -0.261961
24 11 0.0460767
25 11 0.0202351
26 11 0.133244
72 11 -0.0758745
73 11 0.0961112
74 11 0.25744
528 11 -0.0148632
529 11 0.241235
530 11 -0.169603
552 11 0.134894
553 11 0.110247
554 11 -0.169613
555 11 -0.0655348
556 11 -0.24507
557 11 -0.155445
570 11 -0.165162
571 11 -0.0784162
572 11 -0.290397
573 11 0.469067
574 11 -0.0592804
575 11 -0.163257
9 12 0.125043
10 12 -0.00106097
11 12 -0.0830641
12 12 1.49324
13 12 -5.68989e-16
14 12 -8.32667e-17
15 12 0.125046
16 12 0.00829317
17 12 0.227044
27 12 -0.215362
28 12 -0.400895
29 12 -0.0682076
75 12 -0.0347656
76 12 0.393627
77 12 -0.0758113
528 12 0.0275204
529 12 -0.159349
530 12 -0.0655965
531 12 0.00440707
532 12 -0.254303
533 12 0.156759
555 12 0.00440728
556 12 0.0665471
557 12 -0.014715
558 12 0.0275035
559 12 0.17087
560 12 0.0730476
573 12 -0.546852
574 12 0.0488569
575 12 -0.618775
576 12 -0.951993
577 12 0.127269
578 12 0.469238
9 13 0.00831629
10 13 0.136968
11 13 -0.00276751
12 13 -4.92661e-16
13 13 1.49324
14 13 -5.55112e-17
15 13 -0.00105526
16 13 0.136971
17 13 -0.0375774
27 13 -0.400903
28 13 -0.0511394
29 13 -0.055661
75 13 0.393669
76 13 -0.222712
77 13 0.0960481
528 13 0.170868
529 13 -0.41018
530 13 -0.245096
531 13 0.0665412
532 13 -0.352535
533 13 0.308184
555 13 -0.254279
556 13 -0.352524
557 13 0.267037
558 13 -0.159315
559 13 -0.410193
560 13 -0.3211
573 13 0.0489164
574 13 0.0512245
575 13 0.0502744
576 13 0.1273
577 13 0.0391084
578 13 -0.0593073
9 14 0.227092
10 14 -0.0376075
11 14 -0.261961
12 14 -1.94289e-16
13 14 -6.93889e-17
14 14 1.49324
15 14 -0.083101
16 14 -0.00273156
17 14 -0.261993
27 14 -0.0682103
28 14 -0.0556481
29 14 0.266502
75 14 -0.0757983
76 14 0.0960147
77 14 0.257478
528 14 0.0730481
529 14 -0.321112
530 14 -0.155484
531 14 -0.0147043
532 14 0.267052
533 14 -0.190027
555 14 0.156758
556 14 0.308214
557 14 -0.19005
558 14 -0.0655774
559 14 -0.245116
560 14 -0.155488
573 14 -0.618661
574 14 0.0502064
575 14 -0.580657
576 14 0.469199
577 14 -0.0592888
578 14 -0.163401
12 15 0.125046
13 15 -0.00105526
14 15 -0.083101
15 15 1.49324
16 15 -9.71445e-17
17 15 5.27356e-16
18 15 0.125056
19 15 0.00828496
20 15 0.227017
30 15 -0.215386
31 15 -0.400892
32 15 -0.0682093
78 15 -0.0347802
79 15 0.39364
80 15 -0.0757203
531 15 0.0275206
532 15 -0.159377
533 15 -0.0656273
534 15 0.00442143
535 15 -0.254306
536 15 0.156734
558 15 0.00440831
559 15 0.0665602
560 15 -0.0147167
561 15 0.0274934
562 15 0.170834
563 15 0.0730503
576 15 -0.546975
577 15 0.0489327
578 15 -0.618736
579 15 -0.951921
580 15 0.12719
581 15 0.469321
12 16 0.00829317
13 16 0.136971
14 16 -0.00273156
15 16 -2.77556e-17
16 16 1.49324
17 16 5.27356e-16
18 16 -0.00105993
19 16 0.136974
20 16 -0.037548
30 16 -0.400896
31 16 -0.051116
32 16 -0.0556505
78 16 0.393696
79 16 -0.222739
80 16 0.0959299
531 16 0.170831
532 16 -0.410132
533 16 -0.245124
534 16 0.0665678
535 16 -0.352577
536 16 0.308165
558 16 -0.254244
559 16 -0.352577
560 16 0.267073
561 16 -0.159311
562 16 -0.410136
563 16 -0.321135
576 16 0.048996
577 16 0.0512127
578 16 0.0503432
579 16 0.127275
580 16 0.0391204
581 16 -0.0593097
12 17 0.227044
13 17 -0.0375774
14 17 -0.261993
15 17 4.85723e-16
16 17 4.85723e-16
17 17 1.49324
18 17 -0.0831274
19 17 -0.00270299
20 17 -0.262006
30 17 -0.068208
31 17 -0.0556513
32 17 0.266502
78 17 -0.0757227
79 17 0.0959224
80 17 0.257519
531 17 0.0730419
532 17 -0.32113
533 17 -0.155532
534 17 -0.0147144
535 17 0.267051
536 17 -0.189987
558 17 0.156698
559 17 0.308192
560 17 -0.190028
561 17 -0.0655937
562 17 -0.245148
563 17 -0.155552
576 17 -0.618696
577 17 0.0502764
578 17 -0.580523
579 17 0.469263
580 17 -0.0592648
581 17 -0.163485
15 18 0.125056
16 18 -0.00105993
17 18 -0.0831274
18 18 1.49324
19 18 -7.49401e-16
20 18 4.57967e-16
21 18 0.125084
22 18 0.00826542
23 18 0.226982
33 18 -0.215366
34 18 -0.400894
35 18 -0.0682034
81 18 -0.0348243
82 18 0.393669
83 18 -0.0756385
534 18 0.0275144
535 18 -0.159374
536 18 -0.0656405
537 18 0.00444158
538 18 -0.25428
539 18 0.15669
561 18 0.0044294
562 18 0.0666006
563 18 -0.0147343
564 18 0.0275103
565 18 0.170832
566 18 0.0730636
579 18 -0.547072
580 18 0.049
581 18 -0.618726
582 18 -0.951835
583 18 0.127108
584 18 0.469454
15 19 0.00828496
16 19 0.136974
17 19 -0.00270299
18 19 -8.46545e-16
19 19 1.49324
20 19 2.77556e-17
21 19 -0.00105641
22 19 0.136977
23 19 -0.0375069
33 19 -0.400905
34 19 -0.0511379
35 19 -0.0556401
81 19 0.393718
82 19 -0.222734
83 19 0.0958149
534 19 0.170814
535 19 -0.410093
536 19 -0.245159
537 19 0.0666112
538 19 -0.352626
539 19 0.30816
561 19 -0.254238
562 19 -0.352639
563 19 0.26705
564 19 -0.159363
565 19 -0.410083
566 19 -0.321123
579 19 0.0490206
580 19 0.0512058
581 19 0.0503603
582 19 0.127183
583 19 0.039141
584 19 -0.0592881
15 20 0.227017
16 20 -0.037548
17 20 -0.262006
18 20 5.96745e-16
19 20 0
20 20 1.49324
21 20 -0.0831756
22 20 -0.0026768
23 20 -0.262012
33 20 -0.0681967
34 20 -0.0556537
35 20 0.266504
81 20 -0.0756559
82 20 0.0958345
83 20 0.257558
534 20 0.0730458
535 20 -0.321138
536 20 -0.155577
537 20 -0.0147375
538 20 0.267053
539 20 -0.189956
561 20 0.156664
562 20 0.308189
563 20 -0.189971
564 20 -0.0656367
565 20 -0.245179
566 20 -0.15559
579 20 -0.618704
580 20 0.0503374
581 20 -0.580419
582 20 0.469318
583 20 -0.0592392
584 20 -0.163591
18 21 0.125084
19 21 -0.00105641
20 21 -0.0831756
21 21 1.04598
22 21 -0.0920444
23 21 0.320728
36 21 -0.10768
37 21 -0.292521
38 21 0.0570336
84 21 -0.0348191
85 21 0.393699
86 21 -0.0755651
537 21 0.0241446
538 21 -0.15854
539 21 -0.0488789
564 21 0.00445676
565 21 0.0666571
566 21 -0.0147652
567 21 0.0241534
568 21 0.0349013
569 21 0.078999
582 21 -0.547253
583 21 0.0490403
584 21 -0.618736
585 21 -0.475853
586 21 -0.000193268
587 21 0.384405
18 22 0.00826542
19 22 0.136977
20 22 -0.0026768
21 22 -0.0920444
22 22 0.923932
23 22 0.0532387
36 22 -0.108391
37 22 -0.0255833
38 22 0.0593187
84 22 0.393717
85 22 -0.222778
86 22 0.0957093
537 22 0.034901
538 22 -0.236231
539 22 -0.100195
564 22 -0.2542
565 22 -0.352679
566 22 0.267082
567 22 -0.158557
568 22 -0.236224
569 22 -0.309268
582 22 0.049055
583 22 0.051201
584 22 0.0503831
585 22 0.127283
586 22 0.0195802
587 22 -0.113634
18 23 0.226982
19 23 -0.0375069
20 23 -0.262012
21 23 0.320728
22 23 0.0532387
23 23 1.07477
36 23 -0.125207
37 23 -0.114939
38 23 0.133252
84 23 -0.0755689
85 23 0.0957469
86 23 0.257597
537 23 0.0790001
538 23 -0.309286
539 23 -0.146665
564 23 0.156611
565 23 0.308169
566 23 -0.189955
567 23 -0.0488968
568 23 -0.100205
569 23 -0.146681
582 23 -0.618699
583 23 0.0503615
584 23 -0.580233
585 23 0.0850776
586 23 0.0543639
587 23 -0.0818447
9 24 -0.10767
10 24 -0.0754385
11 24 0.0460767
24 24 1.49324
25 24 3.46945e-17
26 24 1.52656e-16
27 24 0.250038
28 24 0.00726251
29 24 0.144046
39 24 -0.107682
40 24 -0.325469
41 24 -0.114286
93 24 -0.0347224
94 24 0.393606
95 24 -0.0758814
528 24 -0.273385
529 24 0.069243
530 24 -0.165147
540 24 0.00439987
541 24 -0.174141
542 24 0.135046
570 24 0.00439226
571 24 -0.0136892
572 24 0.00708773
573 24 0.0550405
574 24 0.011587
575 24 0.00748809
588 24 -0.273353
589 24 -0.0204111
590 24 -0.453546
591 24 -0.952125
592 24 0.127367
593 24 0.469095
9 25 -0.325465
10 25 -0.0255862
11 25 0.0202351
24 25 1.17961e-16
25 25 1.49324
26 25 -6.245e-16
27 25 0.00728347
28 25 0.273931
29 25 -0.0404065
39 25 -0.0754345
40 25 -0.0255786
41 25 -0.0759092
93 25 0.393638
94 25 -0.222716
95 25 0.0961504
528 25 -0.0203725
529 25 0.0256218
530 25 -0.0784035
540 25 -0.0136839
541 25 -0.352458
542 25 0.136007
570 25 -0.174125
571 25 -0.352465
572 25 0.43921
573 25 0.0116087
574 25 -0.820447
575 25 -0.566191
588 25 0.0692182
589 25 0.0256264
590 25 0.12863
591 25 0.127375
592 25 0.0390885
593 25 -0.0593177
9 26 -0.114306
10 26 -0.0759178
11 26 0.133244
24 26 1.52656e-16
25 26 -6.245e-16
26 26 1.49324
27 26 0.144015
28 26 -0.0403812
29 26 -0.523968
39 26 0.0460806
40 26 0.0202471
41 26 0.133247
93 26 -0.075878
94 26 0.0961162
95 26 0.257439
528 26 -0.453563
529 26 0.128661
530 26 -0.290332
540 26 0.00707909
541 26 0.439236
542 26 -0.190053
570 26 0.135058
571 26 0.136045
572 26 -0.190079
573 26 0.00750968
574 26 -0.566149
575 26 -0.310879
588 26 -0.165163
589 26 -0.0784363
590 26 -0.290388
591 26 0.469078
592 26 -0.0593105
593 26 -0.163249
0 27 -0.03467
1 27 0.393636
2 27 -0.0757563
12 27 -0.215362
13 27 -0.400903
14 27 -0.0682103
24 27 0.250038
25 27 0.00728347
26 27 0.144015
27 27 2.92829
28 27 -5.20417e-16
29 27 7.49401e-16
30 27 0.250068
31 27 0.00724758
32 27 0.143964
42 27 -0.215367
43 27 -0.400899
44 27 -0.0682133
96 27 -0.0347173
97 27 0.39362
98 27 -0.0758162
528 27 -0.952032
529 27 0.127334
530 27 0.469161
531 27 -0.546913
532 27 0.0489894
533 27 -0.618677
540 27 0.0550427
541 27 0.0115049
542 27 0.00744132
543 27 0.00881467
544 27 -0.187793
545 27 0.142084
573 27 0.00881121
574 27 -0.187774
575 27 0.142109
576 27 0.0550427
577 27 0.0115075
578 27 0.00743706
591 27 -0.546818
592 27 0.0488561
593 27 -0.618772
594 27 -0.952018
595 27 0.1273
596 27 0.469199
0 28 0.393627
1 28 -0.222824
2 28 0.095996
12 28 -0.400895
13 28 -0.0511394
14 28 -0.0556481
24 28 0.00726251
25 28 0.273931
26 28 -0.0403812
27 28 -5.27356e-16
28 28 2.92829
29 28 1.38778e-16
30 28 0.00726092
31 28 0.273939
32 28 -0.0403261
42 28 -0.400893
43 28 -0.0511317
44 28 -0.0556689
96 28 0.393649
97 28 -0.222756
98 28 0.0960632
528 28 0.127338
529 28 0.0390959
530 28 -0.0593144
531 28 0.0489471
532 28 0.0512116
533 28 0.0502964
540 28 0.0115232
541 28 -0.820362
542 28 -0.566192
543 28 -0.187757
544 28 -0.705044
545 28 0.575209
573 28 -0.187775
574 28 -0.704985
575 28 0.575276
576 28 0.0115169
577 28 -0.82033
578 28 -0.56624
591 28 0.0489369
592 28 0.0512227
593 28 0.0502951
594 28 0.127336
595 28 0.0391003
596 28 -0.0593171
0 29 -0.0757636
1 29 0.0960041
2 29 0.257494
12 29 -0.0682076
13 29 -0.055661
14 29 0.266502
24 29 0.144046
25 29 -0.0404065
26 29 -0.523968
27 29 9.4369e-16
28 29 2.35922e-16
29 29 2.92829
30 29 0.143937
31 29 -0.0403019
32 29 -0.524007
42 29 -0.0682234
43 29 -0.0556536
44 29 0.266499
96 29 -0.0757997
97 29 0.0960309
98 29 0.257473
528 29 0.469183
529 29 -0.0593137
530 29 -0.163349
531 29 -0.61875
532 29 0.0503412
533 29 -0.580584
540 29 0.00745063
541 29 -0.566227
542 29 -0.310966
543 29 0.142075
544 29 0.575258
545 29 -0.380056
573 29 0.142079
574 29 0.575221
575 29 -0.380112
576 29 0.0074534
577 29 -0.566209
578 29 -0.310998
591 29 -0.618661
592 29 0.0502113
593 29 -0.58069
594 29 0.469179
595 29 -0.0592996
596 29 -0.163368
3 30 -0.0346793
4 30 0.393649
5 30 -0.0757018
15 30 -0.215386
16 30 -0.400896
17 30 -0.068208
27 30 0.250068
28 30 0.00726092
29 30 0.143937
30 30 2.92829
31 30 1.05471e-15
32 30 -6.38378e-16
33 30 0.250095
34 30 0.00723967
35 30 0.14389
45 30 -0.215374
46 30 -0.400903
47 30 -0.068206
99 30 -0.0347363
100 30 0.393642
101 30 -0.0757115
531 30 -0.951945
532 30 0.127318
533 30 0.46923
534 30 -0.547016
535 30 0.0490373
536 30 -0.618691
543 30 0.0550441
544 30 0.0114446
545 30 0.00740455
546 30 0.00884331
547 30 -0.187754
548 30 0.142034
576 30 0.00883937
577 30 -0.187737
578 30 0.142056
579 30 0.0550439
580 30 0.011448
581 30 0.00740044
594 30 -0.546946
595 30 0.0489533
596 30 -0.61876
597 30 -0.951894
598 30 0.127222
599 30 0.469361
3 31 0.393642
4 31 -0.222844
5 31 0.0959264
15 31 -0.400892
16 31 -0.051116
17 31 -0.0556513
27 31 0.00724758
28 31 0.273939
29 31 -0.0403019
30 31 1.13104e-15
31 31 2.92829
32 31 -3.60822e-16
33 31 0.00723346
34 31 0.273947
35 31 -0.0402519
45 31 -0.400891
46 31 -0.0511279
47 31 -0.0556511
99 31 0.393675
100 31 -0.222785
101 31 0.0959273
531 31 0.127295
532 31 0.0391022
533 31 -0.0593086
534 31 0.0490137
535 31 0.051203
536 31 0.0503574
543 31 0.0114761
544 31 -0.820259
545 31 -0.566233
546 31 -0.187706
547 31 -0.70515
548 31 0.575204
576 31 -0.187725
577 31 -0.705094
578 31 0.575267
579 31 0.011484
580 31 -0.820204
581 31 -0.566312
594 31 0.0490064
595 31 0.0512099
596 31 0.0503574
597 31 0.127285
598 31 0.0391146
599 31 -0.0593207
3 32 -0.0757019
4 32 0.0959274
5 32 0.257523
15 32 -0.0682093
16 32 -0.0556505
17 32 0.266502
27 32 0.143964
28 32 -0.0403261
29 32 -0.524007
30 32 -6.93889e-16
31 32 -5.13478e-16
32 32 2.92829
33 32 0.143864
34 32 -0.0402245
35 32 -0.524042
45 32 -0.0682078
46 32 -0.0556511
47 32 0.266502
99 32 -0.0757125
100 32 0.0959232
101 32 0.257521
531 32 0.469273
532 32 -0.0593216
533 32 -0.163442
534 32 -0.618733
535 32 0.0503805
536 32 -0.580472
543 32 0.00742091
544 32 -0.566282
545 32 -0.31107
546 32 0.142013
547 32 0.575241
548 32 -0.379979
576 32 0.14202
577 32 0.575205
578 32 -0.380031
579 32 0.0074339
580 32 -0.566252
581 32 -0.311125
594 32 -0.618668
595 32 0.0502986
596 32 -0.580549
597 32 0.469256
598 32 -0.059281
599 32 -0.163506
6 33 -0.0347113
7 33 0.393669
8 33 -0.0756522
18 33 -0.215366
19 33 -0.400905
20 33 -0.0681967
30 33 0.250095
31 33 0.00723346
32 33 0.143864
33 33 2.92829
34 33 1.59595e-16
35 33 -2.91434e-16
36 33 0.250125
37 33 0.0072252
38 33 0.143813
48 33 -0.215375
49 33 -0.4009
50 33 -0.0681978
102 33 -0.0347851
103 33 0.393669
104 33 -0.0756163
534 33 -0.951872
535 33 0.127264
536 33 0.469293
537 33 -0.547135
538 33 0.049057
539 33 -0.618697
546 33 0.0550451
547 33 0.0114132
548 33 0.0073862
549 33 0.0088785
550 33 -0.187689
551 33 0.141964
579 33 0.00887399
580 33 -0.187678
581 33 0.141978
582 33 0.0550449
583 33 0.0114181
584 33 0.00738008
597 33 -0.547114
598 33 0.0490282
599 33 -0.618718
600 33 -0.951805
601 33 0.127107
602 33 0.46947
6 34 0.393659
7 34 -0.222839
8 34 0.0958566
18 34 -0.400894
19 34 -0.0511379
20 34 -0.0556537
30 34 0.00723967
31 34 0.273947
32 34 -0.0402245
33 34 1.38778e-16
34 34 2.92829
35 34 -6.38378e-16
36 34 0.00721119
37 34 0.273955
38 34 -0.0401753
48 34 -0.400897
49 34 -0.0511304
50 34 -0.0556355
102 34 0.393706
103 34 -0.222782
104 34 0.0957967
534 34 0.12722
535 34 0.0391172
536 34 -0.0592861
537 34 0.049056
538 34 0.0511987
539 34 0.0503905
546 34 0.0114285
547 34 -0.82016
548 34 -0.566275
549 34 -0.187656
550 34 -0.70526
551 34 0.575198
579 34 -0.187676
580 34 -0.705226
581 34 0.575234
582 34 0.0114372
583 34 -0.820103
584 34 -0.566357
597 34 0.0490541
598 34 0.0512011
599 34 0.0503899
600 34 0.127207
601 34 0.0391376
602 34 -0.0593012
6 35 -0.0756449
7 35 0.0958515
8 35 0.257551
18 35 -0.0682034
19 35 -0.0556401
20 35 0.266504
30 35 0.14389
31 35 -0.0402519
32 35 -0.524042
33 35 -4.16334e-16
34 35 -6.52256e-16
35 35 2.92829
36 35 0.143783
37 35 -0.0401444
38 35 -0.524079
48 35 -0.0681912
49 35 -0.0556469
50 35 0.266506
102 35 -0.0756337
103 35 0.0958178
104 35 0.257567
534 35 0.469366
535 35 -0.0593126
536 35 -0.163531
537 35 -0.61873
538 35 0.0503913
539 35 -0.580349
546 35 0.00739109
547 35 -0.566331
548 35 -0.311171
549 35 0.141951
550 35 0.575231
551 35 -0.379904
579 35 0.14196
580 35 0.575209
581 35 -0.379934
582 35 0.00740755
583 35 -0.566299
584 35 -0.311227
597 35 -0.618709
598 35 0.0503641
599 35 -0.580373
600 35 0.469345
601 35 -0.0592459
602 35 -0.163617
21 36 -0.10768
22 36 -0.108391
23 36 -0.125207
33 36 0.250125
34 36 0.00721119
35 36 0.143783
36 36 1.49324
37 36 -1.25594e-15
38 36 2.08167e-16
51 36 -0.107683
52 36 -0.292523
53 36 0.057014
105 36 -0.0348389
106 36 0.393692
107 36 -0.0755671
537 36 -0.47588
538 36 0.127316
539 36 0.085037
549 36 0.0275263
550 36 -0.0226434
551 36 -0.0548322
582 36 0.00892436
583 36 -0.187595
584 36 0.141893
585 36 0.0275249
586 36 0.0340309
587 36 0.0622027
600 36 -0.547256
601 36 0.0490898
602 36 -0.618718
603 36 -0.475852
604 36 -0.000232396
605 36 0.384404
21 37 -0.292521
22 37 -0.0255833
23 37 -0.114939
33 37 0.0072252
34 37 0.273955
35 37 -0.0401444
36 37 -1.29757e-15
37 37 1.49324
38 37 8.18789e-16
51 37 -0.108384
52 37 -0.0255772
53 37 0.0593098
105 37 0.393733
106 37 -0.222758
107 37 0.0957162
537 37 -0.000178393
538 37 0.0195774
539 37 0.05436
549 37 0.0340227
550 37 -0.41002
551 37 -0.112033
582 37 -0.187585
583 37 -0.705345
584 37 0.57524
585 37 -0.022644
586 37 -0.410024
587 37 -0.454293
600 37 0.0490919
601 37 0.0511939
602 37 0.0504191
603 37 0.127286
604 37 0.019589
605 37 -0.113635
21 38 0.0570336
22 38 0.0593187
23 38 0.133252
33 38 0.143813
34 38 -0.0401753
35 38 -0.524079
36 38 3.46945e-16
37 38 6.66134e-16
38 38 1.49324
51 38 -0.125214
52 38 -0.114951
53 38 0.133247
105 38 -0.0755707
106 38 0.095735
107 38 0.257597
537 38 0.384377
538 38 -0.113646
539 38 -0.0817979
549 38 0.062202
550 38 -0.454316
551 38 -0.155622
582 38 0.141868
583 38 0.575202
584 38 -0.379864
585 38 -0.0548389
586 38 -0.112067
587 38 -0.155648
600 38 -0.618711
601 38 0.0504133
602 38 -0.580224
603 38 0.085077
604 38 0.0543725
605 38 -0.0818422
24 39 -0.107682
25 39 -0.0754345
26 39 0.0460806
39 39 0.845098
40 39 -0.0795205
41 39 0.112028
42 39 0.125016
43 39 -0.0246787
44 39 0.05573
114 39 -0.034683
115 39 0.393589
116 39 -0.0759443
540 39 -0.176481
541 39 0.0473953
542 39 -0.129678
588 39 0.00438621
589 39 -0.0137006
590 39 0.00710345
591 39 0.0550412
592 39 0.0115611
593 39 0.00747207
606 39 -0.176456
607 39 -0.146053
608 39 -0.257479
609 39 -0.476071
610 39 -0.113164
611 39 0.234627
24 40 -0.325469
25 40 -0.0255786
26 40 0.0202471
39 40 -0.0795205
40 40 1.21458
41 40 0.258675
42 40 0.0319477
43 40 0.136987
44 40 -0.172882
114 40 0.393617
115 40 -0.22273
116 40 0.0962272
540 40 -0.146032
541 40 0.0542204
542 40 -0.103852
588 40 -0.174112
589 40 -0.352427
590 40 0.439223
591 40 0.0115838
592 40 -0.820505
593 40 -0.566176
606 40 0.0473748
607 40 0.0542215
608 40 0.10529
609 40 0.240638
610 40 0.0195175
611 40 -0.0766851
24 41 -0.114286
25 41 -0.0759092
26 41 0.133247
39 41 0.112028
40 41 0.258675
41 41 0.985007
42 41 0.0883041
43 41 0.132452
44 41 -0.261959
114 41 -0.075912
115 41 0.0961768
116 41 0.257413
540 41 -0.257511
541 41 0.105323
542 41 -0.236465
588 41 0.135067
589 41 0.136055
590 41 -0.190117
591 41 0.00749124
592 41 -0.566112
593 41 -0.310821
606 41 -0.129688
607 41 -0.103901
608 41 -0.236495
609 41 0.234442
610 41 0.0173238
611 41 -0.0816165
27 42 -0.215367
28 42 -0.400893
29 42 -0.0682234
39 42 0.125016
40 42 0.0319477
41 42 0.0883041
42 42 1.49324
43 42 1.80411e-16
44 42 -1.1241e-15
45 42 0.12503
46 42 -0.0246735
47 42 0.0556934
117 42 -0.0346677
118 42 0.393622
119 42 -0.075836
540 42 -0.476024
541 42 0.240589
542 42 0.234508
543 42 -0.273444
544 42 0.173099
545 42 -0.325683
591 42 0.00879824
592 42 -0.187777
593 42 0.14212
594 42 0.0550424
595 42 0.0115308
596 42 0.00745464
609 42 -0.27341
610 42 -0.12416
611 42 -0.293003
612 42 -0.476025
613 42 -0.113232
614 42 0.234653
27 43 -0.400899
28 43 -0.0511317
29 43 -0.0556536
39 43 -0.0246787
40 43 0.136987
41 43 0.132452
42 43 1.59595e-16
43 43 1.49324
44 43 1.249e-16
45 43 0.0319133
46 43 0.136987
47 43 -0.172831
117 43 0.393615
118 43 -0.222795
119 43 0.096095
540 43 -0.113245
541 43 0.0195489
542 43 0.0173719
543 43 -0.124156
544 43 0.0256171
545 43 -0.0804806
591 43 -0.187815
592 43 -0.704942
593 43 0.575293
594 43 0.0115165
595 43 -0.820341
596 43 -0.56625
609 43 0.173062
610 43 0.0256087
611 43 0.130779
612 43 0.240582
613 43 0.0195387
614 43 -0.0766906
27 44 -0.0682133
28 44 -0.0556689
29 44 0.266499
39 44 0.05573
40 44 -0.172882
41 44 -0.261959
42 44 -1.13798e-15
43 44 9.71445e-17
44 44 1.49324
45 44 0.0882625
46 44 0.132505
47 44 -0.261986
117 44 -0.0758119
118 44 0.0960625
119 44 0.257463
540 44 0.234644
541 44 -0.0766868
542 44 -0.081664
543 44 -0.293018
544 44 0.130794
545 44 -0.290298
591 44 0.142117
592 44 0.57521
593 44 -0.380141
594 44 0.00745031
595 44 -0.566189
596 44 -0.310987
609 44 -0.325703
610 44 -0.0804966
611 44 -0.290347
612 44 0.234509
613 44 0.0173637
614 44 -0.0816713
30 45 -0.215374
31 45 -0.400891
32 45 -0.0682078
42 45 0.12503
43 45 0.0319133
44 45 0.0882625
45 45 1.49324
46 45 8.18789e-16
47 45 -9.71445e-17
48 45 0.125047
49 45 -0.0246664
50 45 0.0556483
120 45 -0.0347136
121 45 0.393656
122 45 -0.0757093
543 45 -0.475973
544 45 0.240561
545 45 0.234556
546 45 -0.273511
547 45 0.173139
548 45 -0.325675
594 45 0.00883498
595 45 -0.187709
596 45 0.142031
597 45 0.0550442
598 45 0.0114822
599 45 0.00742313
612 45 -0.273482
613 45 -0.124125
614 45 -0.293035
615 45 -0.475956
616 45 -0.113268
617 45 0.234719
30 46 -0.400903
31 46 -0.0511279
32 46 -0.0556511
42 46 -0.0246735
43 46 0.136987
44 46 0.132505
45 46 6.66134e-16
46 46 1.49324
47 46 -1.38778e-16
48 46 0.0318856
49 46 0.136991
50 46 -0.172789
120 46 0.393649
121 46 -0.222808
122 46 0.0959257
543 46 -0.113281
544 46 0.0195623
545 46 0.0173974
546 46 -0.124139
547 46 0.0256126
548 46 -0.0804422
594 46 -0.187771
595 46 -0.705092
596 46 0.575258
597 46 0.0114316
598 46 -0.820206
599 46 -0.566322
612 46 0.173105
613 46 0.0255966
614 46 0.130789
615 46 0.240529
616 46 0.019547
617 46 -0.0767185
30 47 -0.068206
31 47 -0.0556511
32 47 0.266502
42 47 0.0556934
43 47 -0.172831
44 47 -0.261986
45 47 -1.38778e-16
46 47 -5.55112e-17
47 47 1.49324
48 47 0.0882192
49 47 0.132553
50 47 -0.262007
120 47 -0.075709
121 47 0.0959291
122 47 0.257521
543 47 0.234683
544 47 -0.0767076
545 47 -0.0817156
546 47 -0.293029
547 47 0.130797
548 47 -0.290227
594 47 0.142057
595 47 0.575209
596 47 -0.380028
597 47 0.00739945
598 47 -0.566241
599 47 -0.311124
612 47 -0.325679
613 47 -0.0804362
614 47 -0.290275
615 47 0.234578
616 47 0.0173935
617 47 -0.0817505
33 48 -0.215375
34 48 -0.400897
35 48 -0.0681912
45 48 0.125047
46 48 0.0318856
47 48 0.0882192
48 48 1.49324
49 48 8.32667e-17
50 48 4.30211e-16
51 48 0.125062
52 48 -0.0246572
53 48 0.0556039
123 48 -0.0347544
124 48 0.393684
125 48 -0.0755847
546 48 -0.475924
547 48 0.240527
548 48 0.234614
549 48 -0.273575
550 48 0.173175
551 48 -0.325672
597 48 0.00887938
598 48 -0.187655
599 48 0.141958
600 48 0.0550453
601 48 0.0114212
602 48 0.0073848
615 48 -0.273576
616 48 -0.124098
617 48 -0.293036
618 48 -0.475902
619 48 -0.113325
620 48 0.234738
33 49 -0.4009
34 49 -0.0511304
35 49 -0.0556469
45 49 -0.0246664
46 49 0.136991
47 49 0.132553
48 49 1.38778e-17
49 49 1.49324
50 49 -7.21645e-16
51 49 0.0318589
52 49 0.137002
53 49 -0.172743
123 49 0.393686
124 49 -0.222824
125 49 0.0957605
546 49 -0.113309
547 49 0.0195695
548 49 0.0174207
549 49 -0.124114
550 49 0.0256026
551 49 -0.0803993
597 49 -0.187679
598 49 -0.705233
599 49 0.575243
600 49 0.0114065
601 49 -0.820065
602 49 -0.566399
615 49 0.173165
616 49 0.0255888
617 49 0.13079
618 49 0.240492
619 49 0.0195654
620 49 -0.0767304
33 50 -0.0681978
34 50 -0.0556355
35 50 0.266506
45 50 0.0556483
46 50 -0.172789
47 50 -0.262007
48 50 3.747e-16
49 50 -8.46545e-16
50 50 1.49324
51 50 0.0881829
52 50 0.132611
53 50 -0.262021
123 50 -0.0756073
124 50 0.0957982
125 50 0.257579
546 50 0.23472
547 50 -0.0767246
548 50 -0.0817713
549 50 -0.293037
550 50 0.130797
551 50 -0.290163
597 50 0.141962
598 50 0.575202
599 50 -0.379932
600 50 0.00738612
601 50 -0.566292
602 50 -0.311266
615 50 -0.325682
616 50 -0.0803823
617 50 -0.290176
618 50 0.234652
619 50 0.017431
620 50 -0.0818088
36 51 -0.107683
37 51 -0.108384
38 51 -0.125214
48 51 0.125062
49 51 0.0318589
50 51 0.0881829
51 51 0.935685
52 51 0.00701019
53 51 -0.136591
126 51 -0.03484
127 51 0.393703
128 51 -0.0754992
549 51 -0.311461
550 51 0.097091
551 51 0.0942251
600 51 0.0089197
601 51 -0.187611
602 51 0.141888
603 51 0.0275242
604 51 0.0340259
605 51 0.0622033
618 51 -0.273637
619 51 -0.124049
620 51 -0.293059
621 51 -0.311424
622 51 -0.143624
623 51 0.243912
36 52 -0.292523
37 52 -0.0255772
38 52 -0.114951
48 52 -0.0246572
49 52 0.137002
50 52 0.132611
51 52 0.00701019
52 52 1.15905
53 52 -0.293673
126 52 0.393744
127 52 -0.222784
128 52 0.0956382
549 52 -0.143573
550 52 0.0501961
551 52 0.0298189
600 52 -0.187603
601 52 -0.705408
602 52 0.575227
603 52 -0.0226289
604 52 -0.409988
605 52 -0.454311
618 52 0.173221
619 52 0.0255741
620 52 0.130814
621 52 0.0970578
622 52 0.0502087
623 52 -0.101249
36 53 0.057014
37 53 0.0593098
38 53 0.133247
48 53 0.0556039
49 53 -0.172743
50 53 -0.262021
51 53 -0.136591
52 53 -0.293673
53 53 0.949951
126 53 -0.0755299
127 53 0.0956799
128 53 0.257624
549 53 0.243905
550 53 -0.101265
551 53 -0.0974641
600 53 0.141865
601 53 0.575173
602 53 -0.379797
603 53 -0.0548369
604 53 -0.112084
605 53 -0.155683
618 53 -0.325663
619 53 -0.0803132
620 53 -0.290112
621 53 0.0942466
622 53 0.0298544
623 53 -0.0974989
54 54 0.608279
55 54 0.13364
56 54 0.0227601
72 54 -0.215236
73 54 -0.400899
74 54 -0.068271
552 54 0.0542018
553 54 -0.0542688
554 54 -0.0662611
555 54 0.0388252
556 54 -0.0877707
557 54 0.149897
624 54 -0.146309
625 54 0.175037
626 54 -0.286019
627 54 -0.281579
628 54 0.23429
629 54 0.247852
54 55 0.13364
55 55 0.553641
56 55 0.0185781
72 55 -0.400926
73 55 -0.0512452
74 55 -0.0557154
552 55 0.19575
553 55 -0.264959
554 55 -0.227521
555 55 0.0962496
556 55 -0.226444
557 55 0.288196
624 55 -0.0089138
625 55 0.0256273
626 55 -0.0612019
627 55 -0.0157898
628 55 0.0215902
629 55 0.0376098
54 56 0.0227601
55 56 0.0185781
56 56 0.447721
72 56 -0.0682727
73 56 -0.0557286
74 56 0.266482
552 56 0.094085
553 56 -0.131353
554 56 -0.148029
555 56 -0.032428
556 56 0.113866
557 56 -0.171124
624 56 -0.103704
625 56 0.113178
626 56 -0.23808
627 56 0.0875176
628 56 -0.0585297
629 56 -0.098765
57 57 0.608264
58 57 0.133649
59 57 0.0227233
75 57 -0.215185
76 57 -0.400927
77 57 -0.0681751
555 57 0.0542011
556 57 -0.0542707
557 57 -0.0662825
558 57 0.038835
559 57 -0.0877311
560 57 0.149812
627 57 -0.146328
628 57 0.175048
629 57 -0.286084
630 57 -0.281513
631 57 0.234205
632 57 0.247936
57 58 0.133649
58 58 0.553666
59 58 0.018551
75 58 -0.40095
76 58 -0.0513224
77 58 -0.0556555
555 58 0.19574
556 58 -0.264944
557 58 -0.22755
558 58 0.0963079
559 58 -0.226478
560 58 0.288183
627 58 -0.00892275
628 58 0.0256388
629 58 -0.0612226
630 58 -0.0158126
631 58 0.0216094
632 58 0.0376455
57 59 0.0227233
58 59 0.018551
59 59 0.447711
75 59 -0.0681758
76 59 -0.0556501
77 59 0.266507
555 59 0.0940692
556 59 -0.131341
557 59 -0.148035
558 59 -0.0324655
559 59 0.113892
560 59 -0.171136
627 59 -0.103661
628 59 0.113125
629 59 -0.238018
630 59 0.0875649
631 59 -0.0585638
632 59 -0.0988587
60 60 0.608269
61 60 0.133648
62 60 0.0227218
78 60 -0.215195
79 60 -0.400928
80 60 -0.0681711
558 60 0.0542023
559 60 -0.0542829
560 60 -0.0663168
561 60 0.038837
562 60 -0.087732
563 60 0.149773
630 60 -0.146457
631 60 0.175075
632 60 -0.286054
633 60 -0.281449
634 60 0.234102
635 60 0.248069
60 61 0.133648
61 61 0.553661
62 61 0.0185492
78 61 -0.400947
79 61 -0.0513144
80 61 -0.0556487
558 61 0.195686
559 61 -0.264903
560 61 -0.227581
561 61 0.0963287
562 61 -0.226533
563 61 0.288179
630 61 -0.00892899
631 61 0.0256265
632 61 -0.0611792
633 61 -0.0158201
634 61 0.0216071
635 61 0.0376742
60 62 0.0227218
61 62 0.0185492
62 62 0.44771
78 62 -0.0681698
79 62 -0.0556462
80 62 0.266509
558 62 0.094068
559 62 -0.131365
560 62 -0.14809
561 62 -0.0324638
562 62 0.113889
563 62 -0.171094
630 62 -0.103731
631 62 0.113115
632 62 -0.237942
633 62 0.0875811
634 62 -0.0585577
635 62 -0.0989299
63 63 0.608264
64 63 0.133649
65 63 0.0227196
81 63 -0.215187
82 63 -0.400927
83 63 -0.068166
561 63 0.0542063
562 63 -0.0542803
563 63 -0.066337
564 63 0.0388555
565 63 -0.087718
566 63 0.149723
633 63 -0.146551
634 63 0.175178
635 63 -0.28599
636 63 -0.281331
637 63 0.234095
638 63 0.24817
63 64 0.133649
64 64 0.553667
65 64 0.0185481
81 64 -0.400952
82 64 -0.0513228
83 64 -0.0556461
561 64 0.195672
562 64 -0.26485
563 64 -0.227602
564 64 0.0963878
565 64 -0.226578
566 64 0.288177
633 64 -0.00893524
634 64 0.0256358
635 64 -0.0611429
636 64 -0.015832
637 64 0.0216229
638 64 0.0377083
63 65 0.0227196
64 65 0.0185481
65 65 0.44771
81 65 -0.0681644
82 65 -0.0556425
83 65 0.26651
561 65 0.0940894
562 65 -0.131378
563 65 -0.148137
564 65 -0.032485
565 65 0.113879
566 65 -0.171055
633 65 -0.103777
634 65 0.113168
635 65 -0.237848
636 65 0.0875815
637 65 -0.0585849
638 65 -0.0989932
66 66 0.608303
67 66 0.133646
68 66 0.0226938
84 66 -0.215298
85 66 -0.400919
86 66 -0.0681038
564 66 0.054237
565 66 -0.0543342
566 66 -0.0664101
567 66 0.0388681
568 66 -0.0877264
569 66 0.149705
636 66 -0.146633
637 66 0.175271
638 66 -0.285983
639 66 -0.281325
640 66 0.234103
641 66 0.248119
66 67 0.133646
67 67 0.553635
68 67 0.0185222
84 67 -0.400939
85 67 -0.0512312
86 67 -0.0555925
564 67 0.195617
565 67 -0.264817
566 67 -0.22764
567 67 0.0964013
568 67 -0.226598
569 67 0.288151
636 67 -0.00892593
637 67 0.0256193
638 67 -0.0610885
639 67 -0.0158109
640 67 0.0216034
641 67 0.037687
66 68 0.0226938
67 68 0.0185222
68 68 0.447702
84 68 -0.0681026
85 68 -0.0555668
86 68 0.26653
564 68 0.0940638
565 68 -0.131373
566 68 -0.148165
567 68 -0.0324975
568 68 0.113894
569 68 -0.171059
636 68 -0.103796
637 68 0.11318
638 68 -0.237739
639 68 0.0876531
640 68 -0.058644
641 68 -0.0990384
69 69 1.30126
70 69 -0.0730495
71 69 -0.155411
72 69 0.249992
73 69 0.00730657
74 69 0.144143
90 69 -0.107615
91 69 -0.325487
92 69 -0.114315
153 69 -0.0173987
154 69 0.317122
155 69 -0.112806
552 69 -0.223884
553 69 0.0197519
554 69 -0.075196
570 69 0.00439778
571 69 -0.174162
572 69 0.135071
624 69 0.0275063
625 69 0.0907586
626 69 0.094833
642 69 -0.223877
643 69 0.010349
644 69 -0.385331
645 69 -0.952225
646 69 0.127246
647 69 0.469009
69 70 -0.0730495
70 70 0.701986
71 70 0.0280325
72 70 0.00727716
73 70 0.273924
74 70 -0.0404649
90 70 -0.0754206
91 70 -0.0255915
92 70 -0.075914
153 70 0.0765163
154 70 -0.111373
155 70 0.113549
552 70 0.0103583
553 70 -0.0285759
554 70 0.00605703
570 70 -0.0136696
571 70 -0.352435
572 70 0.136023
624 70 -0.0790787
625 70 -0.410269
626 70 -0.148882
642 70 0.0197715
643 70 -0.0285765
644 70 0.0408929
645 70 0.127387
646 70 0.0391041
647 70 -0.0593093
69 71 -0.155411
70 71 0.0280325
71 71 1.04144
72 71 0.144159
73 71 -0.0404594
74 71 -0.523916
90 71 0.046057
91 71 0.0202292
92 71 0.133247
153 71 0.0369507
154 71 -0.0174083
155 71 0.128713
552 71 -0.385329
553 71 0.0408682
554 71 -0.106305
570 71 0.00706503
571 71 0.439224
572 71 -0.190077
624 71 -0.0872752
625 71 -0.417256
626 71 -0.155389
642 71 -0.0751931
643 71 0.0060537
644 71 -0.106303
645 71 0.469028
646 71 -0.0592383
647 71 -0.163164
9 72 -0.0347032
10 72 0.39362
11 72 -0.0758745
54 72 -0.215236
55 72 -0.400926
56 72 -0.0682727
69 72 0.249992
70 72 0.00727716
71 72 0.144159
72 72 2.92829
73 72 -7.21645e-16
74 72 7.49401e-16
75 72 0.250012
76 72 0.00731238
77 72 0.144123
93 72 -0.215254
94 72 -0.400922
95 72 -0.0682383
156 72 -0.0347695
157 72 0.393599
158 72 -0.0759551
552 72 -0.952249
553 72 0.127293
554 72 0.469023
555 72 -0.546689
556 72 0.0487941
557 72 -0.618632
570 72 0.055038
571 72 0.0117105
572 72 0.00756688
573 72 0.00879321
574 72 -0.187852
575 72 0.142151
624 72 0.00877115
625 72 -0.187833
626 72 0.142178
627 72 0.0550361
628 72 0.0117148
629 72 0.00757388
645 72 -0.546623
646 72 0.0487414
647 72 -0.618695
648 72 -0.952282
649 72 0.127225
650 72 0.468974
9 73 0.393616
10 73 -0.222736
11 73 0.0961112
54 73 -0.400899
55 73 -0.0512452
56 73 -0.0557286
69 73 0.00730657
70 73 0.273924
71 73 -0.0404594
72 73 -5.89806e-16
73 73 2.92829
74 73 1.38778e-17
75 73 0.00725635
76 73 0.273926
77 73 -0.0404506
93 73 -0.400906
94 73 -0.051236
95 73 -0.055686
156 73 0.393647
157 73 -0.222642
158 73 0.0962048
552 73 0.12734
553 73 0.0391045
554 73 -0.0592818
555 73 0.0487906
556 73 0.0512387
557 73 0.0501564
570 73 0.0116729
571 73 -0.820486
572 73 -0.566183
573 73 -0.187752
574 73 -0.704912
575 73 0.575229
624 73 -0.187843
625 73 -0.704839
626 73 0.575287
627 73 0.0118098
628 73 -0.820558
629 73 -0.566076
645 73 0.0487842
646 73 0.0512431
647 73 0.0501582
648 73 0.127336
649 73 0.039114
650 73 -0.0592841
9 74 -0.0758765
10 74 0.0961546
11 74 0.25744
54 74 -0.068271
55 74 -0.0557154
56 74 0.266482
69 74 0.144143
70 74 -0.0404649
71 74 -0.523916
72 74 5.27356e-16
73 74 1.52656e-16
74 74 2.92829
75 74 0.144073
76 74 -0.0404227
77 74 -0.523939
93 74 -0.0682453
94 74 -0.0557053
95 74 0.26649
156 74 -0.0759281
157 74 0.0961898
158 74 0.257411
552 74 0.468975
553 74 -0.0592581
554 74 -0.163141
555 74 -0.618809
556 74 0.0501581
557 74 -0.580835
570 74 0.00755114
571 74 -0.566118
572 74 -0.310837
573 74 0.14211
574 74 0.575285
575 74 -0.380167
624 74 0.142168
625 74 0.575238
626 74 -0.380217
627 74 0.00763323
628 74 -0.566158
629 74 -0.310764
645 74 -0.618747
646 74 0.0501067
647 74 -0.580905
648 74 0.468989
649 74 -0.0592142
650 74 -0.163117
12 75 -0.0347656
13 75 0.393669
14 75 -0.0757983
57 75 -0.215185
58 75 -0.40095
59 75 -0.0681758
72 75 0.250012
73 75 0.00725635
74 75 0.144073
75 75 2.92829
76 75 -8.95117e-16
77 75 5.55112e-17
78 75 0.250061
79 75 0.00725697
80 75 0.143988
96 75 -0.215248
97 75 -0.400914
98 75 -0.0681883
159 75 -0.0348027
160 75 0.393632
161 75 -0.0759732
555 75 -0.952124
556 75 0.127216
557 75 0.469106
558 75 -0.546927
559 75 0.0488425
560 75 -0.61865
573 75 0.0550391
574 75 0.0116834
575 75 0.00756044
576 75 0.00885638
577 75 -0.187679
578 75 0.141996
627 75 0.00882164
628 75 -0.187643
629 75 0.142047
630 75 0.0550371
631 75 0.0116959
632 75 0.00755596
648 75 -0.546733
649 75 0.0486322
650 75 -0.618839
651 75 -0.952146
652 75 0.12716
653 75 0.469076
12 76 0.393627
13 76 -0.222712
14 76 0.0960147
57 76 -0.400927
58 76 -0.0513224
59 76 -0.0556501
72 76 0.00731238
73 76 0.273926
74 76 -0.0404227
75 76 -1.06859e-15
76 76 2.92829
77 76 -4.85723e-16
78 76 0.00726408
79 76 0.273936
80 76 -0.0403668
96 76 -0.400933
97 76 -0.0512561
98 76 -0.0556657
159 76 0.393628
160 76 -0.222606
161 76 0.0962584
555 76 0.12721
556 76 0.0391285
557 76 -0.0592386
558 76 0.0487705
559 76 0.051238
560 76 0.0501137
573 76 0.0116179
574 76 -0.820445
575 76 -0.566189
576 76 -0.187694
577 76 -0.705011
578 76 0.575216
627 76 -0.18784
628 76 -0.704884
629 76 0.575324
630 76 0.0117583
631 76 -0.820467
632 76 -0.566154
648 76 0.0487498
649 76 0.0512554
650 76 0.050116
651 76 0.127206
652 76 0.0391365
653 76 -0.0592415
12 77 -0.0758113
13 77 0.0960481
14 77 0.257478
57 77 -0.0681751
58 77 -0.0556555
59 77 0.266507
72 77 0.144123
73 77 -0.0404506
74 77 -0.523939
75 77 0
76 77 -4.996e-16
77 77 2.92829
78 77 0.143947
79 77 -0.0403209
80 77 -0.523997
96 77 -0.0681942
97 77 -0.0556472
98 77 0.266504
159 77 -0.0759273
160 77 0.0961408
161 77 0.257409
555 77 0.469153
556 77 -0.0592531
557 77 -0.16329
558 77 -0.618803
559 77 0.0501913
560 77 -0.580596
573 77 0.00750569
574 77 -0.566151
575 77 -0.31088
576 77 0.14206
577 77 0.575325
578 77 -0.380131
627 77 0.142146
628 77 0.575243
629 77 -0.380223
630 77 0.00760836
631 77 -0.566163
632 77 -0.310855
648 77 -0.618621
649 77 0.0499844
650 77 -0.580808
651 77 0.469163
652 77 -0.059217
653 77 -0.163275
15 78 -0.0347802
16 78 0.393696
17 78 -0.0757227
60 78 -0.215195
61 78 -0.400947
62 78 -0.0681698
75 78 0.250061
76 78 0.00726408
77 78 0.143947
78 78 2.92829
79 78 -4.78784e-16
80 78 -5.41234e-16
81 78 0.250103
82 78 0.00722765
83 78 0.143877
99 78 -0.215261
100 78 -0.400909
101 78 -0.0681837
162 78 -0.0349269
163 78 0.39368
164 78 -0.0757384
558 78 -0.951974
559 78 0.127163
560 78 0.469263
561 78 -0.547043
562 78 0.0489167
563 78 -0.618713
576 78 0.0550412
577 78 0.0116145
578 78 0.00751981
579 78 0.0088968
580 78 -0.187596
581 78 0.141904
630 78 0.00891757
631 78 -0.187556
632 78 0.141955
633 78 0.0550393
634 78 0.0116287
635 78 0.00751156
651 78 -0.546905
652 78 0.0486635
653 78 -0.618854
654 78 -0.951883
655 78 0.126856
656 78 0.469531
15 79 0.39364
16 79 -0.222739
17 79 0.0959224
60 79 -0.400928
61 79 -0.0513144
62 79 -0.0556462
75 79 0.00725697
76 79 0.273936
77 79 -0.0403209
78 79 -6.59195e-16
79 79 2.92829
80 79 3.46945e-16
81 79 0.00723326
82 79 0.27395
83 79 -0.0402326
99 79 -0.400936
100 79 -0.0512455
101 79 -0.0556501
162 79 0.393725
163 79 -0.222591
164 79 0.0959173
558 79 0.127101
559 79 0.0391466
560 79 -0.0592212
561 79 0.0488631
562 79 0.0512252
563 79 0.0502029
576 79 0.0115278
577 79 -0.820294
578 79 -0.56622
579 79 -0.187656
580 79 -0.705186
581 79 0.575211
630 79 -0.187584
631 79 -0.705074
632 79 0.575372
633 79 0.0116534
634 79 -0.820184
635 79 -0.566376
651 79 0.048847
652 79 0.0512462
653 79 0.0501972
654 79 0.127079
655 79 0.0391866
656 79 -0.0592406
15 80 -0.0757203
16 80 0.0959299
17 80 0.257519
60 80 -0.0681711
61 80 -0.0556487
62 80 0.266509
75 80 0.143988
76 80 -0.0403668
77 80 -0.523997
78 80 -5.55112e-16
79 80 1.249e-16
80 80 2.92829
81 80 0.143838
82 80 -0.0401877
83 80 -0.524052
99 80 -0.0681819
100 80 -0.0556457
101 80 0.266507
162 80 -0.0757458
163 80 0.0959134
164 80 0.257518
558 80 0.469288
559 80 -0.0592496
560 80 -0.163458
561 80 -0.618735
562 80 0.0502537
563 80 -0.580468
576 80 0.00744797
577 80 -0.566259
578 80 -0.311033
579 80 0.141984
580 80 0.575285
581 80 -0.379996
630 80 0.141913
631 80 0.575214
632 80 -0.380129
