15  15  59
0   0   16
1   0   24
5   0   32
0   1   24
1   1   36
2   1   18
6   1   12
1   2   18
2   2   25
3   2   15
7   2   35
2   3   15
3   3   64
4   3   48
8   3   32
3   4   48
4   4   16
9   4   36
0   5   32
5   5   49
6   5   35
10  5   28
1   6   12
5   6   35
6   6   36
7   6   18
11  6   12
2   7   35
6   7   18
7   7   81
8   7   72
12  7   36
3   8   32
7   8   72
8   8   64
9   8   56
13  8   88
4   9   36
8   9   56
9   9   81
14  9   18
5   10  28
10  10  100
11  10  50
6   11  12
10  11  50
11  11  27
12  11  24
7   12  36
11  12  24
12  12  49
13  12  42
8   13  88
12  13  42
13  13  81
14  13  36
9   14  18
13  14  36
14  14  25